Ts=calc,Tid=meas,Volum=calc,Lys=meas,Flow=calc
nullflow=59,Lys0=58
0.005,0,0,58,0
0.0170600414276123,0.0170600414276123,0,58,-1
0.004988908767700199,0.0220489501953125,-0.004988908767700199,58,-1
0.008629083633422852,0.03067803382873535,-0.01361799240112305,58,-1
0.006323099136352539,0.03700113296508789,-0.01994109153747559,57,-2
0.008751869201660156,0.04575300216674805,-0.0374448299407959,57,-2
0.006066083908081055,0.0518190860748291,-0.04957699775695801,57,-2
0.006269931793212891,0.05808901786804199,-0.06211686134338379,57,-2
0.005236148834228516,0.06332516670227051,-0.07258915901184082,57,-2
0.006543874740600586,0.0698690414428711,-0.08567690849304199,56,-3
0.0059931278228759766,0.07586216926574707,-0.10365629196166992,57,-2
0.005344867706298828,0.0812070369720459,-0.11434602737426758,56,-3
0.00616002082824707,0.08736705780029297,-0.1328260898590088,56,-3
0.009674072265625,0.09704113006591797,-0.1618483066558838,56,-3
0.007459878921508831,0.1045010089874268,-0.18422794342041027,55,-4
0.008718013763427707,0.1132190227508545,-0.2190999984741211,55,-4
0.007362127304077093,0.1205811500549316,-0.24854850769042947,55,-4
0.00652599334716801,0.1271071434020996,-0.2746524810791015,55,-4
0.007269859313964899,0.1343770027160645,-0.3037319183349611,55,-4
0.0039060115814208984,0.1382830142974854,-0.3193559646606447,55,-4
0.008020162582397405,0.1463031768798828,-0.3514366149902343,54,-5
0.005553007125854492,0.1518561840057373,-0.3792016506195068,54,-5
0.006956815719604492,0.1588129997253418,-0.41398572921752924,54,-5
0.007732152938842801,0.1665451526641846,-0.4526464939117433,53,-6
0.003816843032836914,0.1703619956970215,-0.47554755210876476,53,-6
0.005884170532226479,0.176246166229248,-0.5108525753021236,53,-6
0.007207870483398521,0.1834540367126465,-0.5540997982025146,53,-6
0.0072479248046875,0.190701961517334,-0.5975873470306396,52,-7
0.007842063903808594,0.1985440254211426,-0.6524817943572998,52,-7
0.006485939025878906,0.2050299644470215,-0.6978833675384521,52,-7
0.006102085113525391,0.2111320495605469,-0.7405979633331299,52,-7
0.005634069442748996,0.2167661190032959,-0.7800364494323728,52,-7
0.007842063903808594,0.2246081829071045,-0.834930896759033,52,-7
0.006786823272705106,0.2313950061798096,-0.8824386596679688,51,-8
0.005056142807006808,0.2364511489868164,-0.9228878021240232,51,-8
0.006642818450927707,0.2430939674377441,-0.9760303497314449,51,-8
0.006079196929931696,0.2491731643676758,-1.0246639251708984,51,-8
0.008013010025024386,0.2571861743927002,-1.0887680053710935,51,-8
0.007463932037353516,0.2646501064300537,-1.1484794616699217,51,-8
0.0039918422698975164,0.2686419486999512,-1.1804141998291018,51,-8
0.00666213035583485,0.2753040790557861,-1.2337112426757806,51,-8
0.004963874816894642,0.2802679538726807,-1.2734222412109377,51,-8
0.005986213684081976,0.2862541675567627,-1.3213119506835935,51,-8
0.005747795104980524,0.2920019626617432,-1.3672943115234377,51,-8
0.006166219711303655,0.2981681823730469,-1.416624069213867,51,-8
0.0064389705657958984,0.3046071529388428,-1.4681358337402342,51,-8
0.007179975509643499,0.3117871284484863,-1.5255756378173821,51,-8
0.004338979721069447,0.3161261081695557,-1.5602874755859377,51,-8
0.0076138973236083984,0.3237400054931641,-1.621198654174805,52,-7
0.005465984344482366,0.3292059898376465,-1.6594605445861814,52,-7
0.006186008453369141,0.3353919982910156,-1.7027626037597654,52,-7
0.004842996597290095,0.3402349948883057,-1.7366635799407961,52,-7
0.006337165832519476,0.3465721607208252,-1.7810237407684324,52,-7
0.007258892059326227,0.3538310527801514,-1.831835985183716,52,-7
0.005347013473510687,0.3591780662536621,-1.8692650794982908,52,-7
0.006961107254028265,0.3661391735076904,-1.9179928302764886,52,-7
0.008916854858398549,0.3750560283660889,-1.9804108142852783,52,-7
0.008073091506957952,0.3831291198730469,-2.036922454833984,52,-7
0.00277185440063471,0.3859009742736816,-2.056325435638427,53,-6
0.005559206008911188,0.3914601802825928,-2.089680671691894,53,-6
0.006966829299926702,0.3984270095825195,-2.131481647491454,53,-6
0.005665063858032338,0.4040920734405518,-2.1654720306396484,53,-6
0.007416963577270508,0.4115090370178223,-2.2099738121032715,53,-6
0.005506038665771484,0.4170150756835938,-2.2430100440979004,53,-6
0.0068819522857666016,0.4238970279693604,-2.2843017578125,53,-6
0.006272077560424805,0.4301691055297852,-2.321934223175049,53,-6
0.005720853805541881,0.4358899593353271,-2.3562593460083,53,-6
0.005479097366333119,0.4413690567016602,-2.389133930206299,53,-6
0.0074980258941649836,0.4488670825958252,-2.4341220855712886,53,-6
0.009212017059326227,0.4580790996551514,-2.489394187927246,53,-6
0.008306980133056585,0.466386079788208,-2.5392360687255855,54,-5
0.007745027542114313,0.4741311073303223,-2.5779612064361572,54,-5
0.009091854095458984,0.4832229614257813,-2.623420476913452,54,-5
0.00290918350219721,0.4861321449279785,-2.637966394424438,54,-5
0.008311986923217773,0.4944441318511963,-2.679526329040527,54,-5
0.0036818981170654297,0.4981260299682617,-2.697935819625854,54,-5
0.00769805908203125,0.505824089050293,-2.7364261150360103,54,-5
0.011619091033935547,0.5174431800842285,-2.794521570205688,54,-5
0.017946958541870117,0.5353901386260986,-2.8842563629150386,54,-5
0.005735874176025391,0.541126012802124,-2.9129357337951656,54,-5
0.008919000625610352,0.5500450134277344,-2.9575307369232173,54,-5
0.005012989044189453,0.5550580024719238,-2.9825956821441646,54,-5
0.0059239864349365234,0.5609819889068604,-3.012215614318847,54,-5
0.006473064422607422,0.5674550533294678,-3.0445809364318843,54,-5
0.00845193862915039,0.5759069919586182,-3.0868406295776363,55,-4
0.009335994720458984,0.5852429866790771,-3.124184608459472,55,-4
0.00897216796875,0.5942151546478271,-3.160073280334472,55,-4
0.006558895111083984,0.6007740497589111,-3.186308860778808,55,-4
0.006510019302368164,0.6072840690612793,-3.212348937988281,55,-4
0.009727001190185547,0.6170110702514648,-3.251256942749023,55,-4
0.008239984512329102,0.625251054763794,-3.2842168807983394,56,-3
0.008934974670410156,0.6341860294342041,-3.31102180480957,56,-3
0.006094932556152344,0.6402809619903564,-3.329306602478027,56,-3
0.006661176681518555,0.646942138671875,-3.3492901325225826,56,-3
0.008383989334106445,0.6553261280059814,-3.374442100524902,57,-2
0.008977890014648438,0.6643040180206299,-3.3923978805541988,57,-2
0.009962081909179688,0.6742660999298096,-3.412322044372558,58,-1
0.006357908248901367,0.6806240081787109,-3.4186799526214595,58,-1
0.006685018539428711,0.6873090267181396,-3.4253649711608882,59,0
0.007169961929321289,0.6944789886474609,-3.4253649711608882,59,0
0.004343986511230469,0.6988229751586914,-3.4253649711608882,59,0
0.0053060054779052734,0.7041289806365967,-3.4253649711608882,59,0
0.006472110748291016,0.7106010913848877,-3.4253649711608882,59,0
0.005547046661376953,0.7161481380462646,-3.4253649711608882,59,0
0.007854938507080078,0.7240030765533447,-3.4253649711608882,59,0
0.003896951675415039,0.7279000282287598,-3.4253649711608882,59,0
0.0064699649810791016,0.7343699932098389,-3.4253649711608882,59,0
0.006406068801879883,0.7407760620117188,-3.4253649711608882,60,1
0.005269050598144531,0.7460451126098633,-3.4200959205627437,60,1
0.005333900451660156,0.7513790130615234,-3.4147620201110835,60,1
0.00910806655883789,0.7604870796203613,-3.4056539535522456,61,2
0.0074999332427978516,0.7679870128631592,-3.39065408706665,61,2
0.006417036056518555,0.7744040489196777,-3.377820014953613,61,2
0.006129026412963867,0.7805330753326416,-3.365561962127685,62,3
0.005590915679931641,0.7861239910125732,-3.34878921508789,62,3
0.007043123245239258,0.7931671142578125,-3.3276598453521724,62,3
0.005764007568359375,0.7989311218261719,-3.3103678226470943,63,4
0.009886980056762695,0.8088181018829346,-3.2708199024200435,63,4
0.01020193099975586,0.8190200328826904,-3.23001217842102,64,5
0.006747007369995117,0.8257670402526855,-3.1962771415710445,64,5
0.0075190067291259766,0.8332860469818115,-3.1586821079254146,64,5
0.0037550926208496094,0.8370411396026611,-3.1399066448211665,65,6
0.006237983703613281,0.8432791233062744,-3.102478742599487,65,6
0.005719900131225586,0.8489990234375,-3.0681593418121333,65,6
0.007637977600097656,0.8566370010375977,-3.0223314762115474,65,6
0.0074520111083984375,0.8640890121459961,-2.977619409561157,65,6
0.004748106002807617,0.8688371181488037,-2.949130773544311,66,7
0.005010843276977539,0.8738479614257812,-2.9140548706054683,66,7
0.0053980350494384766,0.8792459964752197,-2.876268625259399,66,7
0.007858991622924805,0.8871049880981445,-2.8212556838989253,66,7
0.004755973815917969,0.8918609619140625,-2.7879638671874996,66,7
0.01024317741394043,0.9021041393280029,-2.7162616252899165,67,8
0.006763935089111328,0.9088680744171143,-2.662150144577026,67,8
0.006587982177734375,0.9154560565948486,-2.609446287155151,68,9
0.008423089981079102,0.9238791465759277,-2.533638477325439,68,9
0.0065348148345947266,0.9304139614105225,-2.4748251438140865,68,9
0.0076291561126708984,0.9380431175231934,-2.4061627388000484,68,9
0.006132841110229492,0.9441759586334229,-2.350967168807983,67,8
0.010890007019042969,0.9550659656524658,-2.263847112655639,67,8
0.009290218353271484,0.9643561840057373,-2.1895253658294673,67,8
0.006294965744018555,0.9706511497497559,-2.139165639877319,67,8
0.006749868392944336,0.9774010181427002,-2.085166692733764,67,8
0.007007122039794922,0.9844081401824951,-2.029109716415405,67,8
0.006724834442138672,0.9911329746246338,-1.9753110408782955,67,8
0.006793975830078125,0.9979269504547119,-1.9209592342376705,67,8
0.00620722770690918,1.004134178161621,-1.871301412582397,67,8
0.0064699649810788795,1.0106041431427,-1.819541692733766,67,8
0.0064918994903571114,1.017096042633057,-1.767606496810909,67,8
0.007501125335692915,1.02459716796875,-1.7075974941253658,66,7
0.006623983383178933,1.031221151351929,-1.6612296104431132,67,8
0.006166934967041016,1.03738808631897,-1.611894130706785,66,7
0.006924867630005105,1.044312953948975,-1.5634200572967494,66,7
0.006806135177611861,1.051119089126587,-1.5157771110534664,66,7
0.005753993988037109,1.056873083114624,-1.4754991531372066,66,7
0.007381916046143022,1.064254999160767,-1.4238257408142054,66,7
0.0064890384674070045,1.070744037628174,-1.3784024715423564,66,7
0.007044076919554998,1.077788114547729,-1.3290939331054714,66,7
0.006502866744996005,1.084290981292725,-1.2835738658904994,66,7
0.004579067230223943,1.088870048522949,-1.2515203952789318,66,7
0.0056700706481940255,1.094540119171143,-1.2118299007415736,66,7
0.005817890167235884,1.100358009338379,-1.1711046695709224,66,7
0.006072044372559038,1.106430053710938,-1.1286003589630091,66,7
0.0077369213104241386,1.114166975021362,-1.0744419097900402,65,6
0.006842136383056863,1.121009111404419,-1.033389091491699,66,7
0.006376028060913086,1.127385139465332,-0.9887568950653074,66,7
0.0070378780364990234,1.134423017501831,-0.9394917488098142,66,7
0.007421016693115012,1.141844034194946,-0.8875446319580091,66,7
0.005430936813354936,1.147274971008301,-0.8495280742645246,66,7
0.009340047836303045,1.156615018844604,-0.7841477394104033,65,6
0.00543212890625,1.162047147750854,-0.7515549659729033,65,6
0.005314826965332919,1.167361974716187,-0.7196660041809058,65,6
0.007030010223388006,1.174391984939575,-0.6774859428405777,65,6
0.007063150405884011,1.181455135345459,-0.6351070404052737,65,6
0.005347967147826926,1.186803102493286,-0.6030192375183121,65,6
0.006600856781006081,1.193403959274292,-0.5634140968322756,65,6
0.003603219985961914,1.197007179260254,-0.5417947769165041,65,6
0.006455898284912109,1.203463077545166,-0.5030593872070315,65,6
0.0056018829345700905,1.209064960479736,-0.46944808959961093,65,6
0.00631809234619185,1.215383052825928,-0.4315395355224598,64,5
0.007981061935425027,1.223364114761353,-0.3916342258453347,64,5
0.005173921585083008,1.228538036346436,-0.36576461791991965,64,5
0.007364034652709961,1.235902070999146,-0.32894444465636985,64,5
0.005537986755371094,1.241440057754517,-0.3012545108795144,63,4
0.006594896316527876,1.248034954071045,-0.2748749256134029,63,4
0.007083177566528098,1.255118131637573,-0.24654221534729048,63,4
0.005581855773926003,1.260699987411499,-0.22421479225158647,63,4
0.005064964294434038,1.265764951705933,-0.20395493507385032,63,4
0.005316019058226873,1.27108097076416,-0.18269085884094283,63,4
0.005623102188111018,1.276704072952271,-0.16019845008849876,63,4
0.006390094757080078,1.283094167709351,-0.13463807106017844,63,4
0.005023956298827903,1.288118124008179,-0.11454224586486683,63,4
0.006310939788818137,1.294429063796997,-0.08929848670959428,63,4
0.008635997772217019,1.303065061569214,-0.05475449562072621,63,4
0.0031430721282958984,1.30620813369751,-0.04218220710754261,63,4
0.006311893463134988,1.312520027160645,-0.016934633255002662,63,4
0.006366014480589932,1.318886041641235,0.008529424667357066,63,4
0.009130954742432085,1.328016996383667,0.045053243637085405,62,3
0.00661802291870095,1.334635019302368,0.06490731239318825,62,3
0.004368066787719949,1.339003086090088,0.0780115127563481,62,3
0.006845951080322044,1.34584903717041,0.09854936599731423,61,2
0.0054509639739990234,1.351300001144409,0.10945129394531228,61,2
0.005769014358520952,1.35706901550293,0.12098932266235418,61,2
0.006304979324341042,1.363373994827271,0.13359928131103627,60,1
0.005041122436522993,1.368415117263794,0.13864040374755926,60,1
0.006186008453369141,1.374601125717163,0.1448264122009284,60,1
0.008893013000487837,1.383494138717651,0.15371942520141624,60,1
0.0027148723602301583,1.386209011077881,0.1564342975616464,60,1
0.008164167404175027,1.394373178482056,0.16459846496582142,59,0
0.004746913909911887,1.399120092391968,0.16459846496582142,59,0
0.005539894104003906,1.404659986495972,0.16459846496582142,59,0
0.006014108657837136,1.410674095153809,0.16459846496582142,58,-1
0.009260892868041992,1.419934988021851,0.15533757209777943,58,-1
0.0055320262908928886,1.425467014312744,0.14980554580688654,58,-1
0.00779414176940918,1.433261156082153,0.14201140403747736,57,-2
0.006097793579102007,1.439358949661255,0.12981581687927335,57,-2
0.00531005859375,1.444669008255005,0.11919569969177335,57,-2
0.004810094833373801,1.449479103088379,0.10957551002502575,57,-2
0.009615898132323997,1.459095001220703,0.09034371376037775,56,-3
0.007004022598267046,1.46609902381897,0.06933164596557662,56,-3
0.005258083343506081,1.471357107162476,0.05355739593505837,56,-3
0.007083892822264959,1.478440999984741,0.032305717468263495,55,-4
0.005439996719361018,1.483880996704102,0.010545730590819424,55,-4
0.005618095397948997,1.489499092102051,-0.011926651000976562,55,-4
0.005544900894165039,1.495043992996216,-0.03410625457763672,55,-4
0.006739139556884988,1.501783132553101,-0.06106281280517667,55,-4
0.006855964660643865,1.508639097213745,-0.08848667144775213,54,-5
0.0063300132751471505,1.514969110488892,-0.12013673782348788,54,-5
0.006342887878417969,1.52131199836731,-0.15185117721557773,54,-5
0.006133079528807928,1.527445077896118,-0.18251657485961736,54,-5
0.0071299076080320045,1.53457498550415,-0.2181661128997774,53,-6
0.009242057800292969,1.543817043304443,-0.2736184597015352,54,-5
0.002638101577759011,1.546455144882202,-0.28680896759033025,54,-5
0.005656003952027033,1.552111148834229,-0.3150889873504654,53,-6
0.00820899009704501,1.560320138931274,-0.3643429279327355,53,-6
0.005817890167236994,1.566138029098511,-0.39925026893615745,53,-6
0.008054018020630105,1.574192047119141,-0.4475743770599381,52,-7
0.0058901309967038795,1.580082178115845,-0.48880529403686523,52,-7
0.005779981613158958,1.585862159729004,-0.5292651653289779,52,-7
0.0059409141540531785,1.591803073883057,-0.5708515644073502,52,-7
0.007024049758910911,1.598827123641968,-0.6200199127197266,52,-7
0.0044219493865960136,1.603249073028564,-0.6509735584258987,52,-7
0.004975080490112971,1.608224153518677,-0.6857991218566895,51,-8
0.007593870162964089,1.615818023681641,-0.7465500831604022,51,-8
0.006690025329588956,1.62250804901123,-0.8000702857971138,51,-8
0.006525993347167969,1.629034042358398,-0.8522782325744576,50,-9
0.008377075195312944,1.637411117553711,-0.9276719093322741,50,-9
0.005936861038208008,1.643347978591919,-0.9811036586761461,50,-9
0.006156206130981001,1.6495041847229,-1.0365095138549751,50,-9
0.006997823715209961,1.65650200843811,-1.0994899272918648,50,-9
0.0040221214294440255,1.660524129867554,-1.135689020156861,50,-9
0.007922887802124023,1.668447017669678,-1.2069950103759772,50,-9
0.005460977554321067,1.673907995223999,-1.2561438083648668,50,-9
0.005584001541137917,1.679491996765137,-1.306399822235108,50,-9
0.0062329769134521484,1.685724973678589,-1.3624966144561774,50,-9
0.005648136138916016,1.691373109817505,-1.4133298397064216,51,-8
0.006829023361205833,1.698202133178711,-1.4679620265960682,51,-8
0.006067991256714089,1.704270124435425,-1.516505956649781,51,-8
0.006512880325316939,1.710783004760742,-1.5686089992523164,51,-8
0.006206035614014116,1.716989040374756,-1.6182572841644294,51,-8
0.00908994674682595,1.726078987121582,-1.690976858139037,51,-8
0.008222103118896928,1.734301090240479,-1.7567536830902124,52,-7
0.0023899078369140625,1.736690998077393,-1.7734830379486108,52,-7
0.0065310001373288795,1.743221998214722,-1.819200038909913,52,-7
0.004889965057373047,1.748111963272095,-1.8534297943115243,52,-7
0.006401062011718084,1.754513025283813,-1.898237228393551,52,-7
0.007405996322632058,1.761919021606445,-1.9500792026519753,52,-7
0.006941080093384011,1.768860101699829,-1.9986667633056634,52,-7
0.007094860076903853,1.775954961776733,-2.0483307838439906,52,-7
0.008179187774659091,1.784134149551392,-2.1055850982666042,52,-7
0.007776021957397017,1.791910171508789,-2.1600172519683833,53,-6
0.006986856460570845,1.79889702796936,-2.2019383907318084,53,-6
0.007094144821166992,1.805991172790527,-2.2445032596588104,53,-6
0.005901813507080078,1.811892986297607,-2.279914140701291,53,-6
0.005460977554321955,1.817353963851929,-2.3126800060272226,53,-6
0.006816148757934126,1.824170112609863,-2.3535768985748273,53,-6
0.006913900375365989,1.831084012985229,-2.3950603008270233,54,-5
0.0066950321197509766,1.83777904510498,-2.428535461425778,54,-5
0.006453037261962891,1.844232082366943,-2.4608006477355926,54,-5
0.006295919418335183,1.850528001785278,-2.4922802448272687,54,-5
0.00636601448059082,1.856894016265869,-2.524110317230223,54,-5
0.007140159606934038,1.864034175872803,-2.559811115264893,54,-5
0.006935834884643111,1.870970010757446,-2.5944902896881086,54,-5
0.006533145904541016,1.877503156661987,-2.6271560192108137,54,-5
0.006755828857421875,1.884258985519409,-2.660935163497923,54,-5
0.009765148162842019,1.894024133682251,-2.709760904312133,54,-5
0.0039288997650150925,1.897953033447266,-2.7294054031372084,54,-5
0.006401062011717862,1.904354095458984,-2.7614107131957977,54,-5
0.005061864852906162,1.90941596031189,-2.7867200374603285,54,-5
0.0054612159728999465,1.91487717628479,-2.814026117324828,54,-5
0.006245851516723855,1.921123027801514,-2.8452553749084473,54,-5
0.006104946136474165,1.927227973937988,-2.875780105590818,55,-4
0.007372140884399858,1.934600114822388,-2.9052686691284175,54,-5
0.006047964096069114,1.940648078918457,-2.935508489608763,55,-4
0.006390094757080078,1.947038173675537,-2.961068868637083,55,-4
0.007412910461425781,1.954451084136963,-2.9907205104827863,55,-4
0.005986928939819114,1.960438013076782,-3.0146682262420628,55,-4
0.007426023483277033,1.967864036560059,-3.044372320175171,55,-4
0.006803035736083984,1.974667072296143,-3.071584463119507,56,-3
0.00442910194396906,1.979096174240112,-3.0848717689514142,56,-3
0.005291938781738947,1.984388113021851,-3.100747585296631,56,-3
0.006047964096068892,1.99043607711792,-3.1188914775848375,56,-3
0.006211042404175027,1.996647119522095,-3.1375246047973624,57,-2
0.006538867950439231,2.003185987472534,-3.150602340698241,57,-2
0.005064010620116743,2.008249998092651,-3.1607303619384743,57,-2
0.006278038024903232,2.014528036117554,-3.173286437988281,57,-2
0.008886098861693892,2.023414134979248,-3.1910586357116686,57,-2
0.0026009082794189453,2.026015043258667,-3.1962604522705065,57,-2
0.00735998153686479,2.033375024795532,-3.210980415344236,58,-1
0.006710052490235263,2.040085077285767,-3.2176904678344713,59,0
0.005919933319090909,2.046005010604858,-3.2176904678344713,59,0
0.005475044250489169,2.051480054855347,-3.2176904678344713,59,0
0.00648808479309082,2.057968139648438,-3.2176904678344713,59,0
0.006201982498168057,2.064170122146606,-3.2176904678344713,59,0
0.004509925842286044,2.068680047988892,-3.2176904678344713,60,1
0.00558900833129794,2.07426905632019,-3.2121014595031734,60,1
0.006371021270751953,2.080640077590942,-3.2057304382324214,60,1
0.007432937622071201,2.088073015213013,-3.1982975006103502,59,0
0.006431102752684659,2.094504117965698,-3.1982975006103502,60,1
0.007477998733521396,2.101982116699219,-3.190819501876829,60,1
0.007014989852904829,2.108997106552124,-3.183804512023924,60,1
0.012018918991088867,2.121016025543213,-3.171785593032835,61,2
0.006220102310181108,2.127236127853394,-3.159345388412473,61,2
0.008096933364868164,2.135333061218262,-3.1431515216827366,62,3
0.0065789222717276274,2.14191198348999,-3.1234147548675537,62,3
0.006287097930908203,2.148199081420898,-3.104553461074829,62,3
0.00573205947876021,2.153931140899658,-3.0873572826385485,63,4
0.005205869674682617,2.159137010574341,-3.066533803939818,63,4
0.005469083786011186,2.164606094360352,-3.0446574687957733,63,4
0.005934953689575195,2.170541048049927,-3.0209176540374725,63,4
0.00642609596252397,2.176967144012451,-2.9952132701873766,64,5
0.008095979690551758,2.185063123703003,-2.954733371734618,64,5
0.007460832595825195,2.192523956298828,-2.917429208755492,65,6
0.006429195404052734,2.198953151702881,-2.8788540363311754,65,6
0.0070798397064213425,2.206032991409302,-2.8363749980926474,65,6
0.008391141891478604,2.214424133300781,-2.7860281467437757,65,6
0.005997896194458008,2.220422029495239,-2.7500407695770277,65,6
0.006341934204102007,2.226763963699341,-2.7119891643524157,66,7
0.007355213165283203,2.234119176864624,-2.6605026721954332,66,7
0.006532907485961914,2.240652084350586,-2.6147723197937,66,7
0.006746053695679155,2.247398138046265,-2.5675499439239458,66,7
0.008525848388671875,2.255923986434937,-2.5078690052032426,66,7
0.002966165542602095,2.258890151977539,-2.487105846405028,67,8
0.00539398193359375,2.264284133911133,-2.443953990936278,67,8
0.005911827087402344,2.270195960998535,-2.396659374237059,67,8
0.005860090255736861,2.276056051254272,-2.3497786521911643,67,8
0.005775928497314897,2.281831979751587,-2.303571224212645,67,8
0.006078004837036133,2.287909984588623,-2.254947185516356,68,9
0.007145166397095171,2.295055150985718,-2.1906406879424996,68,9
0.006816864013671875,2.30187201499939,-2.1292889118194527,68,9
0.005362987518310103,2.3072350025177,-2.0810220241546618,68,9
0.007003068923949751,2.31423807144165,-2.017994403839114,68,9
0.004374027252198154,2.318612098693848,-1.9786281585693306,68,9
0.005434036254881924,2.32404613494873,-1.9297218322753933,68,9
0.005972862243652788,2.330018997192383,-1.8759660720825182,68,9
0.00790810585022017,2.337927103042603,-1.8047931194305367,68,9
0.006567001342772993,2.344494104385376,-1.7456901073455797,67,8
0.006192922592163086,2.350687026977539,-1.696146726608275,68,9
0.004287958145142046,2.354974985122681,-1.6575551033019966,67,8
0.005388021469115767,2.360363006591797,-1.6144509315490705,67,8
0.006100177764892134,2.366463184356689,-1.5656495094299334,67,8
0.007918834686280185,2.374382019042969,-1.502298831939692,67,8
0.0050470829010009766,2.37942910194397,-1.4619221687316841,67,8
0.006402969360350674,2.385832071304321,-1.4106984138488787,67,8
0.006697893142700195,2.392529964447021,-1.3571152687072772,67,8
0.006417989730834961,2.398947954177856,-1.3057713508605975,67,8
0.007542133331298828,2.406490087509155,-1.2454342842102069,67,8
0.008751869201660156,2.415241956710815,-1.1754193305969256,67,8
0.008052110671997958,2.423294067382813,-1.111002445220942,66,7
0.0066530704498291016,2.429947137832642,-1.0644309520721382,66,7
0.005422830581665039,2.435369968414307,-1.026471138000483,66,7
0.006000041961669922,2.441370010375977,-0.9844708442687935,66,7
0.006764173507689986,2.448134183883667,-0.9371216297149636,65,6
0.007288932800292969,2.45542311668396,-0.8933880329132058,65,6
0.007717847824097124,2.463140964508057,-0.847080945968623,65,6
0.003341197967528853,2.466482162475586,-0.8270337581634499,65,6
0.00608587265014604,2.472568035125732,-0.7905185222625737,65,6
0.00608611106872603,2.478654146194458,-0.7540018558502175,65,6
0.005714893341064009,2.484369039535522,-0.7197124958038335,65,6
0.005922079086304155,2.490291118621826,-0.6841800212860085,65,6
0.005760908126830611,2.496052026748657,-0.6496145725250249,65,6
0.007405042648316318,2.503457069396973,-0.605184316635127,65,6
0.004965066909790039,2.508422136306763,-0.5753939151763867,65,6
0.0066208839416499465,2.515043020248413,-0.535668611526487,65,6
0.00878500938415483,2.523828029632568,-0.48295855522155806,65,6
0.006389141082764116,2.530217170715332,-0.44462370872497337,66,7
0.004440784454346147,2.534657955169678,-0.41353821754455033,66,7
0.005751132965087891,2.540409088134766,-0.3732802867889351,65,6
0.0056099891662588774,2.546019077301025,-0.33962035179138184,65,6
0.005841016769410068,2.551860094070435,-0.30457425117492143,65,6
0.00605988502502397,2.557919979095459,-0.2682149410247776,65,6
0.006761074066162109,2.564681053161621,-0.22764849662780495,65,6
0.006558895111083984,2.571239948272705,-0.18829512596130105,65,6
0.010706186294556108,2.581946134567261,-0.1240580081939644,64,5
0.005839824676512784,2.587785959243774,-0.09485888481140048,64,5
0.006505012512207031,2.594290971755981,-0.06233382225036532,64,5
0.007778167724609819,2.602069139480591,-0.023442983627316227,63,4
0.0070149898529052734,2.609084129333496,0.0046169757843048664,63,4
0.00692296028137207,2.616007089614868,0.03230881690979315,63,4
0.004324913024902788,2.620332002639771,0.0496084690094043,63,4
0.005603075027464932,2.625935077667236,0.07202076911926403,63,4
0.0054869651794442476,2.63142204284668,0.09396862983704102,63,4
0.006397962570189986,2.63782000541687,0.11956048011780096,63,4
0.0056061744689936965,2.643426179885864,0.14198517799377575,63,4
0.005811929702759233,2.649238109588623,0.16523289680481268,63,4
0.006100893020629883,2.655339002609253,0.1896364688873322,64,5
0.008708000183105025,2.664047002792358,0.23317646980285733,63,4
0.00598597526550293,2.670032978057861,0.25712037086486905,63,4
0.0057921409606942476,2.675825119018555,0.28028893470764604,63,4
0.0061419010162349075,2.68196702003479,0.3048565387725857,63,4
0.006309986114501953,2.688277006149292,0.3300964832305935,63,4
0.00721502304077104,2.695492029190063,0.35895657539367765,62,3
0.003907918930054155,2.699399948120117,0.3706803321838401,62,3
0.006007194519042969,2.70540714263916,0.388701915740969,62,3
0.005550861358643022,2.710958003997803,0.4053544998168981,62,3
0.006868124008177823,2.717826128005981,0.42595887184143155,61,2
0.005688905715942827,2.723515033721924,0.4373366832733172,61,2
0.005650997161865234,2.729166030883789,0.4486386775970477,61,2
0.0067980289459228516,2.735964059829712,0.4622347354888934,60,1
0.006114006042480025,2.742078065872192,0.4683487415313734,60,1
0.006575107574462891,2.748653173446655,0.4749238491058363,60,1
0.006801843643189365,2.755455017089844,0.48172569274902566,60,1
0.007862091064452681,2.763317108154297,0.48958778381347834,59,0
0.006566047668457031,2.769883155822754,0.48958778381347834,59,0
0.006320953369141069,2.776204109191895,0.48958778381347834,59,0
0.005193948745727095,2.781398057937622,0.48958778381347834,58,-1
0.005724906921386719,2.787122964859009,0.4838628768920916,59,0
0.006127119064331055,2.79325008392334,0.4838628768920916,58,-1
0.005707979202270064,2.79895806312561,0.47815489768982156,58,-1
0.007149934768677202,2.806107997894287,0.47100496292114435,58,-1
0.005382061004638672,2.811490058898926,0.4656229019165057,57,-2
0.008398056030273438,2.819888114929199,0.4488267898559588,57,-2
0.0063300132751469285,2.826218128204346,0.43616676330566495,56,-3
0.004271984100341797,2.830490112304688,0.42335081100463956,56,-3
0.005743026733397993,2.836233139038086,0.4061217308044456,56,-3
0.0056688785552978516,2.841902017593384,0.389115095138552,56,-3
0.0052869319915771484,2.847188949584961,0.3732542991638206,56,-3
0.009456157684326172,2.856645107269287,0.34488582611084206,56,-3
0.006521940231322798,2.86316704750061,0.32532000541687367,55,-4
0.00528407096862793,2.868451118469238,0.30418372154236195,55,-4
0.006788969039916992,2.875240087509155,0.277027845382694,55,-4
0.006208896636963335,2.881448984146118,0.25219225883484064,55,-4
0.006534099578857866,2.887983083724976,0.22605586051940918,55,-4
0.009118080139160156,2.897101163864136,0.18958353996276855,55,-4
0.0067968368530269,2.903898000717163,0.16239619255066096,54,-5
0.004462957382201704,2.908360958099365,0.14008140563965243,54,-5
0.005679130554199219,2.914040088653564,0.11168575286865634,54,-5
0.012467861175537998,2.926507949829102,0.04934644699096635,53,-6
0.0074012279510489165,2.933909177780151,0.004939079284672854,53,-6
0.0055158138275150925,2.939424991607666,-0.0281558036804177,53,-6
0.00693202018737793,2.946357011795044,-0.06974792480468528,53,-6
0.0042951107025150925,2.950652122497559,-0.09551858901977583,53,-6
0.005759000778197798,2.956411123275757,-0.13007259368896262,53,-6
0.006788015365600142,2.963199138641357,-0.17080068588256347,53,-6
0.0055708885192879976,2.968770027160645,-0.20422601699829146,53,-6
0.008477926254272017,2.977247953414917,-0.25509357452392356,52,-7
0.008025169372559038,2.985273122787476,-0.3112697601318368,52,-7
0.0040988922119140625,2.98937201499939,-0.33996200561523526,52,-7
0.00521516799926669,2.994587182998657,-0.3764681816101021,52,-7
0.006556987762451172,3.001144170761108,-0.4223670959472603,51,-8
0.005533933639527255,3.006678104400635,-0.46663856506347834,51,-8
0.007159948348998579,3.013838052749634,-0.523918151855467,51,-8
0.004687070846557173,3.018525123596191,-0.5614147186279244,51,-8
0.006921052932740146,3.025446176528931,-0.6167831420898455,50,-9
0.006636857986449751,3.032083034515381,-0.6765148639678933,49,-10
0.006717920303345171,3.038800954818726,-0.743694067001345,49,-10
0.004650115966795987,3.043451070785522,-0.7901952266693049,49,-10
0.005734920501708984,3.049185991287231,-0.8475444316863947,49,-10
0.006111145019532138,3.055297136306763,-0.9086558818817161,49,-10
0.0052399635314936965,3.060537099838257,-0.961055517196653,48,-11
0.0059909820556640625,3.066528081893921,-1.0269563198089577,48,-11
0.006859064102173296,3.073387145996094,-1.102406024932864,48,-11
0.005556821823119673,3.078943967819214,-1.1635310649871804,48,-11
0.007194042205810103,3.086138010025024,-1.2426655292510915,48,-11
0.00811314582824707,3.094251155853271,-1.3319101333618093,48,-11
0.007244825363160068,3.101495981216431,-1.41160321235657,48,-11
0.0057740211486807524,3.107270002365112,-1.4751174449920583,49,-10
0.006991147994995117,3.114261150360107,-1.5450289249420095,49,-10
0.004007816314698154,3.118268966674805,-1.585107088088991,49,-10
0.005846023559569868,3.124114990234375,-1.6435673236846897,49,-10
0.006409168243408203,3.130524158477783,-1.7076590061187717,49,-10
0.005831956863403764,3.136356115341187,-1.7659785747528094,49,-10
0.006608963012694868,3.142965078353882,-1.832068204879758,49,-10
0.005192995071411133,3.148158073425293,-1.8839981555938694,49,-10
0.007944107055664062,3.156102180480957,-1.96343922615051,49,-10
0.005817890167235884,3.161920070648193,-2.021618127822869,50,-9
0.005386114120484287,3.167306184768677,-2.0700931549072275,50,-9
0.007999897003173828,3.175306081771851,-2.142092227935792,51,-8
0.007287025451660156,3.182593107223511,-2.200388431549073,51,-8
0.005620956420897993,3.188214063644409,-2.245356082916257,51,-8
0.005059957504272905,3.193274021148682,-2.2858357429504403,51,-8
0.005282163619995117,3.198556184768677,-2.3280930519104013,51,-8
0.005493879318236861,3.204050064086914,-2.372044086456296,51,-8
0.0053420066833500535,3.209392070770264,-2.4147801399230966,51,-8
0.005873918533324751,3.215265989303589,-2.4617714881896946,51,-8
0.006596088409424272,3.221862077713013,-2.514540195465089,52,-7
0.005564928054808682,3.227427005767822,-2.5534946918487496,52,-7
0.007079124450684038,3.234506130218506,-2.603048563003538,52,-7
0.006971836090088335,3.241477966308594,-2.651851415634156,52,-7
0.007348060607909712,3.248826026916504,-2.703287839889524,52,-7
0.006263017654418945,3.255089044570923,-2.7471289634704568,52,-7
0.005842924118041992,3.260931968688965,-2.7880294322967507,52,-7
0.005802154541015181,3.26673412322998,-2.828644514083857,52,-7
0.005033016204833984,3.271767139434814,-2.863875627517695,52,-7
0.005138874053955966,3.27690601348877,-2.8998477458953866,52,-7
0.006579160690307173,3.283485174179077,-2.945901870727537,52,-7
0.005666971206665039,3.289152145385742,-2.985570669174192,52,-7
0.005769968032836914,3.294922113418579,-3.0259604454040505,52,-7
0.005513906478881836,3.300436019897461,-3.0645577907562234,52,-7
0.00626897811889604,3.306704998016357,-3.1084406375884956,52,-7
0.007249116897583008,3.31395411491394,-3.1591844558715767,52,-7
0.004133939743041992,3.318088054656982,-3.1881220340728706,52,-7
0.006829023361206055,3.324917078018188,-3.235925197601313,53,-6
0.009453058242797852,3.334370136260986,-3.2926435470581,53,-6
0.006122827529908115,3.340492963790894,-3.329380512237549,53,-6
0.0062851905822749465,3.346778154373169,-3.3670916557311985,53,-6
0.007437944412231001,3.3542160987854,-3.4117193222045845,53,-6
0.004019021987915039,3.358235120773315,-3.4358334541320747,53,-6
0.005692005157471147,3.363927125930786,-3.4699854850769016,53,-6
0.005167961120605913,3.369095087051392,-3.500993251800537,54,-5
0.0075058937072749465,3.376600980758667,-3.538522720336912,54,-5
0.007846117019652876,3.38444709777832,-3.5777533054351762,54,-5
0.003994941711426225,3.388442039489746,-3.5977280139923073,54,-5
0.00596404075622603,3.394406080245972,-3.6275482177734375,54,-5
0.006006956100463867,3.400413036346436,-3.657582998275757,55,-4
0.006006956100462979,3.406419992446899,-3.6816108226776088,55,-4
0.005498170852662021,3.411918163299561,-3.703603506088257,55,-4
0.005313873291015181,3.417232036590576,-3.7248589992523176,55,-4
0.006927013397216797,3.424159049987793,-3.7525670528411847,55,-4
0.00684905052185103,3.431008100509644,-3.779963254928589,56,-3
0.006917953491210049,3.437926054000854,-3.800717115402219,56,-3
0.013960123062133789,3.451886177062988,-3.8425974845886204,57,-2
0.004436969757080078,3.456323146820068,-3.8514714241027805,57,-2
0.005666017532349077,3.461989164352417,-3.8628034591674787,57,-2
0.0061550140380859375,3.468144178390503,-3.8751134872436506,57,-2
0.00637292861938521,3.474517107009888,-3.887859344482421,58,-1
0.005828857421875,3.480345964431763,-3.893688201904296,58,-1
0.006618022918700728,3.486963987350464,-3.9003062248229967,58,-1
0.008095026016235352,3.495059013366699,-3.908401250839232,59,0
0.006322145462035689,3.501381158828735,-3.908401250839232,59,0
0.00557184219360396,3.506953001022339,-3.908401250839232,60,1
0.007449150085449219,3.514402151107788,-3.900952100753783,60,1
0.006793975830078125,3.521196126937866,-3.8941581249237047,60,1
0.006104946136474609,3.527301073074341,-3.88805317878723,60,1
0.009739875793457031,3.537040948867798,-3.878313302993773,60,1
0.006329059600830078,3.543370008468628,-3.871984243392943,61,2
0.006507158279418945,3.549877166748047,-3.858969926834105,61,2
0.006887912750244141,3.556765079498291,-3.845194101333617,61,2
0.008579015731811968,3.565344095230103,-3.828036069869993,62,3
0.005840063095091885,3.571184158325195,-3.8105158805847172,62,3
0.004282951354980913,3.575467109680176,-3.7976670265197745,62,3
0.012932062149048296,3.588399171829224,-3.7588708400726296,63,4
0.006546974182128906,3.594946146011353,-3.732682943344114,63,4
0.006994009017943892,3.601940155029297,-3.7047069072723384,64,5
0.004524946212768111,3.606465101242065,-3.682082176208498,64,5
0.00554203987121582,3.612007141113281,-3.6543719768524188,64,5
0.005334854125977007,3.617341995239258,-3.6276977062225337,64,5
0.006680011749267134,3.624022006988525,-3.594297647476198,64,5
0.0073549747467041016,3.631376981735229,-3.5575227737426776,64,5
0.007488965988160068,3.638865947723389,-3.520077943801877,65,6
0.0055141448974609375,3.64438009262085,-3.4869930744171116,65,6
0.005887031555174893,3.650267124176025,-3.4516708850860622,66,7
0.006420850753785068,3.65668797492981,-3.4067249298095668,66,7
0.004824161529541016,3.661512136459351,-3.3729557991027797,66,7
0.0053048133850088774,3.66681694984436,-3.3358221054077175,66,7
0.007638216018677202,3.674455165863037,-3.282354593276977,67,8
0.0041298866271968215,3.678585052490234,-3.2493155002594025,67,8
0.0060329437255859375,3.68461799621582,-3.201051950454715,67,8
0.005712985992432085,3.690330982208252,-3.1553480625152583,68,9
0.005987167358397993,3.69631814956665,-3.1014635562896764,68,9
0.006273031234742099,3.702591180801392,-3.0450062751769975,68,9
0.004853963851927823,3.70744514465332,-3.001320600509647,68,9
0.007537841796875,3.714982986450195,-2.933480024337772,68,9
0.013818025588990146,3.728801012039185,-2.809117794036861,68,9
0.006446123123168945,3.735247135162354,-2.7511026859283403,68,9
0.006645917892456055,3.74189305305481,-2.691289424896236,68,9
0.004338979721068892,3.746232032775879,-2.6522386074066158,68,9
0.007961988449097124,3.754194021224976,-2.5805807113647417,68,9
0.005098104476927823,3.759292125701904,-2.5346977710723912,68,9
0.007629871368409091,3.766921997070313,-2.4660289287567094,69,10
0.008001089096068892,3.774923086166382,-2.3860180377960205,68,9
0.0033118724823002488,3.778234958648682,-2.3562111854553183,68,9
0.005713224411009854,3.783948183059692,-2.3047921657562296,68,9
0.00804376602172896,3.791991949081421,-2.232398271560669,68,9
0.006421089172363281,3.798413038253784,-2.1746084690093994,68,9
0.00580811500549272,3.804221153259277,-2.122335433959965,68,9
0.010037899017333984,3.814259052276611,-2.031994342803959,68,9
0.006340026855469194,3.82059907913208,-1.9749341011047363,68,9
0.006610870361328125,3.827209949493408,-1.9154362678527832,68,9
0.00725102424621582,3.834460973739624,-1.8501770496368408,68,9
0.006862163543701172,3.841323137283325,-1.7884175777435303,68,9
0.004787921905518022,3.846111059188843,-1.745326280593868,68,9
0.00600409507751376,3.852115154266357,-1.6912894248962442,67,8
0.0058128833770760835,3.857928037643433,-1.6447863578796356,67,8
0.0058901309967041016,3.863818168640137,-1.5976653099060028,67,8
0.0065789222717276274,3.870397090911865,-1.5450339317321817,66,7
0.006020069122315341,3.87641716003418,-1.5028934478759743,66,7
0.00692296028137207,3.883340120315552,-1.4544327259063698,66,7
0.006070852279662642,3.889410972595215,-1.4119367599487314,66,7
0.007980108261107954,3.897391080856323,-1.3560760021209757,66,7
0.005100011825562412,3.902491092681885,-1.3203759193420388,65,6
0.005963087081908736,3.908454179763794,-1.2845973968505864,65,6
0.005715847015380859,3.914170026779175,-1.2503023147583012,65,6
0.007286071777344194,3.921456098556519,-1.206585884094236,65,6
0.005930900573730025,3.927386999130249,-1.171000480651856,65,6
0.007752180099486861,3.935139179229736,-1.1244874000549347,65,6
0.008071899414062944,3.943211078643799,-1.076056003570557,65,6
0.005620002746582031,3.948831081390381,-1.042335987091065,65,6
0.008436918258666992,3.957267999649048,-0.9917144775390629,65,6
0.007264137268065962,3.964532136917114,-0.9481296539306672,65,6
0.007531881332398349,3.972064018249512,-0.9029383659362771,66,7
0.006343126296996626,3.978407144546509,-0.8585364818573007,65,6
0.007532835006714311,3.985939979553223,-0.8133394718170148,65,6
0.005434036254881924,3.991374015808105,-0.7807352542877233,65,6
0.007771015167236772,3.999145030975342,-0.7341091632843026,65,6
0.007880926132202148,4.007025957107544,-0.6868236064910898,64,5
0.008069992065429688,4.015095949172974,-0.6464736461639413,65,6
0.0035932064056396484,4.018689155578613,-0.6249144077301034,64,5
0.005555868148803711,4.024245023727417,-0.5971350669860849,64,5
0.006309032440186435,4.030554056167603,-0.5655899047851527,64,5
0.005853891372679776,4.036407947540283,-0.5363204479217538,63,4
0.005657196044921875,4.042065143585205,-0.5136916637420663,64,5
0.007093906402587891,4.049159049987793,-0.47822213172912686,63,4
0.006860971450805664,4.056020021438599,-0.4507782459259042,63,4
0.007853984832763672,4.063874006271362,-0.4193623065948495,63,4
0.0036361217498779297,4.06751012802124,-0.4048178195953378,63,4
0.005986928939819336,4.07349705696106,-0.38087010383606046,63,4
0.0055119991302490234,4.079009056091309,-0.35882210731506436,63,4
0.0064830780029296875,4.085492134094238,-0.3328897953033456,63,4
0.00506901741027832,4.090561151504517,-0.31261372566223233,63,4
0.006500005722046787,4.097061157226563,-0.2866137027740452,63,4
0.007593870162962979,4.104655027389526,-0.25623822212219327,63,4
0.010483026504516602,4.115138053894043,-0.21430611610412686,62,3
0.006020069122314453,4.121158123016357,-0.1962459087371835,62,3
0.006152868270873135,4.127310991287231,-0.1777873039245641,62,3
0.005205154418946201,4.132516145706177,-0.1621718406677255,61,2
0.006167888641357422,4.138684034347534,-0.14983606338501065,61,2
0.007934093475341797,4.146618127822876,-0.13396787643432706,61,2
0.007611989974975586,4.154230117797852,-0.11874389648437589,60,1
0.007627964019775391,4.161858081817627,-0.1111159324646005,60,1
0.006304025650024414,4.168162107467651,-0.10481190681457608,60,1
0.007326841354369229,4.175488948822021,-0.09748506546020685,60,1
0.008831024169922763,4.184319972991943,-0.08865404129028409,59,0
0.0037310123443603516,4.188050985336304,-0.08865404129028409,59,0
0.0060880184173583984,4.194139003753662,-0.08865404129028409,59,0
0.007946968078613281,4.202085971832275,-0.08865404129028409,58,-1
0.004569053649902344,4.206655025482178,-0.09322309494018644,58,-1
0.008419036865234375,4.215074062347412,-0.10164213180542081,58,-1
0.007508993148803711,4.222583055496216,-0.10915112495422452,57,-2
0.008868932723999023,4.231451988220215,-0.12688899040222257,57,-2
0.006286144256591797,4.237738132476807,-0.13946127891540616,57,-2
0.008376836776733398,4.24611496925354,-0.15621495246887296,56,-3
0.005365133285523349,4.251480102539063,-0.172310352325443,56,-3
0.00653195381164462,4.258012056350708,-0.19190621376037686,56,-3
0.006242036819458008,4.264254093170166,-0.2106323242187509,56,-3
0.0049588680267333984,4.269212961196899,-0.22550892829895108,55,-4
0.009784221649169922,4.278997182846069,-0.26464581489563077,55,-4
0.007350921630859375,4.286348104476929,-0.29404950141906827,55,-4
0.008183002471924716,4.294531106948853,-0.32678151130676714,55,-4
0.006891012191771573,4.301422119140625,-0.3543455600738534,54,-5
0.0063970088958740234,4.307819128036499,-0.38633060455322354,54,-5
0.0066759586334228516,4.314495086669922,-0.4197103977203378,54,-5
0.004823923110961914,4.319319009780884,-0.4438300132751474,54,-5
0.006514072418212891,4.325833082199097,-0.4764003753662118,54,-5
0.0047149658203125,4.330548048019409,-0.4999752044677743,53,-6
0.0062351226806640625,4.336783170700073,-0.5373859405517587,53,-6
0.007089853286743164,4.343873023986816,-0.5799250602722177,53,-6
0.005605936050414151,4.349478960037231,-0.6135606765747026,53,-6
0.00553011894226163,4.355009078979492,-0.6467413902282724,53,-6
0.0061490535736083984,4.361158132553101,-0.6836357116699228,52,-7
0.006193876266479492,4.36735200881958,-0.7269928455352792,52,-7
0.007625102996826172,4.374977111816406,-0.7803685665130624,52,-7
0.010840892791748047,4.385818004608154,-0.8562548160552987,51,-8
0.007622957229615146,4.393440961837769,-0.9172384738922199,51,-8
0.006422996520995206,4.399863958358765,-0.9686224460601816,51,-8
0.0070590972900390625,4.406923055648804,-1.025095224380494,51,-8
0.008495092391966885,4.415418148040771,-1.0930559635162291,50,-9
0.00341796875,4.418836116790771,-1.1238176822662291,50,-9
0.005769968032837802,4.424606084823608,-1.1757473945617694,50,-9
0.009958982467651367,4.43456506729126,-1.2653782367706317,50,-9
0.0034990310668945312,4.438064098358154,-1.2968695163726824,50,-9
0.005742073059082031,4.443806171417236,-1.3485481739044207,50,-9
0.005483865737915039,4.449290037155151,-1.397902965545656,51,-8
0.009263992309570312,4.458554029464722,-1.4720149040222186,51,-8
0.008865118026733398,4.467419147491455,-1.5429358482360858,51,-8
0.006760835647583008,4.474179983139038,-1.5970225334167498,51,-8
0.006556987762451172,4.480736970901489,-1.6494784355163592,51,-8
0.007521152496337891,4.488258123397827,-1.7096476554870623,51,-8
0.007004976272583008,4.49526309967041,-1.7656874656677264,51,-8
0.007809877395629883,4.50307297706604,-1.8281664848327654,51,-8
0.0038001537322998047,4.50687313079834,-1.8585677146911639,52,-7
0.007149934768676758,4.514023065567017,-1.9086172580719012,52,-7
0.005352020263670987,4.519375085830688,-1.946081399917598,52,-7
0.006021976470948154,4.525397062301636,-1.9882352352142352,52,-7
0.008629083633422852,4.534026145935059,-2.048638820648195,52,-7
0.0099029541015625,4.543929100036621,-2.1179594993591326,52,-7
0.00718998908996582,4.551119089126587,-2.1682894229888934,52,-7
0.006694078445433682,4.557813167572021,-2.215147972106929,52,-7
0.006671905517579013,4.5644850730896,-2.2618513107299822,52,-7
0.004878044128417969,4.569363117218018,-2.295997619628908,52,-7
0.005919933319091797,4.575283050537109,-2.3374371528625506,53,-6
0.005060911178588867,4.580343961715698,-2.367802619934084,53,-6
0.006350994110107422,4.586694955825806,-2.4059085845947283,53,-6
0.008381128311157227,4.595076084136963,-2.4561953544616717,53,-6
0.008249044418334961,4.603325128555298,-2.5056896209716815,53,-6
0.00302886962890625,4.606353998184204,-2.523862838745119,53,-6
0.005427122116088867,4.611781120300293,-2.556425571441652,54,-5
0.005714893341064453,4.617496013641357,-2.5850000381469744,53,-6
0.006454944610595703,4.623950958251953,-2.6237297058105487,53,-6
0.0062961578369140625,4.630247116088867,-2.661506652832033,54,-5
0.007050037384033203,4.6372971534729,-2.696756839752199,53,-6
0.006753921508788174,4.644051074981689,-2.737280368804928,53,-6
0.0066940784454354585,4.650745153427124,-2.777444839477541,53,-6
0.005638837814331055,4.656383991241455,-2.811277866363527,54,-5
0.005697011947631836,4.662081003189087,-2.8397629261016863,54,-5
0.005033016204833984,4.667114019393921,-2.8649280071258563,54,-5
0.0077991485595703125,4.674913167953491,-2.903923749923708,54,-5
0.00632786750793457,4.681241035461426,-2.9355630874633807,54,-5
0.005440950393677646,4.686681985855103,-2.962767839431769,54,-5
0.00797700881957919,4.694658994674683,-3.002652883529665,54,-5
0.00855708122253418,4.703216075897217,-3.0454382896423358,54,-5
0.0034799575805664062,4.706696033477783,-3.062838077545168,54,-5
0.006431102752685547,4.713127136230469,-3.0949935913085955,55,-4
0.005112886428833008,4.718240022659302,-3.1154451370239276,55,-4
0.007158041000366211,4.725398063659668,-3.1440773010253924,55,-4
0.005151033401489258,4.730549097061157,-3.1646814346313494,55,-4
0.0055599212646484375,4.736109018325806,-3.186921119689943,56,-3
0.008469104766845703,4.744578123092651,-3.2123284339904803,56,-3
0.006747007369994229,4.751325130462646,-3.232569456100463,56,-3
0.006853818893433505,4.758178949356079,-3.2531309127807635,57,-2
0.005063056945800781,4.76324200630188,-3.263257026672365,57,-2
0.005576133728027344,4.768818140029907,-3.2744092941284197,57,-2
0.005323886871337891,4.774142026901245,-3.2850570678710955,57,-2
0.007765054702758789,4.781907081604004,-3.300587177276613,57,-2
0.005009889602661133,4.786916971206665,-3.3106069564819354,58,-1
0.007565021514892578,4.794481992721558,-3.318171977996828,58,-1
0.0041620731353759766,4.798644065856934,-3.322334051132204,59,0
0.0054171085357666016,4.8040611743927,-3.322334051132204,59,0
0.006349802017211914,4.810410976409912,-3.322334051132204,59,0
0.0061380863189697266,4.816549062728882,-3.322334051132204,60,1
0.007621049880981445,4.824170112609863,-3.3147130012512225,60,1
0.007039070129394531,4.831209182739258,-3.307673931121828,60,1
0.006253957748413086,4.837463140487671,-3.301419973373415,60,1
0.008586883544921875,4.846050024032593,-3.292833089828493,60,1
0.007984161376953125,4.854034185409546,-3.28484892845154,61,2
0.005159854888916016,4.859194040298462,-3.274529218673708,61,2
0.0057830810546875,4.864977121353149,-3.262963056564333,61,2
0.006479978561401367,4.871457099914551,-3.25000309944153,61,2
0.005156993865966797,4.876614093780518,-3.2396891117095965,62,3
0.009587049484253818,4.886201143264771,-3.210927963256835,62,3
0.0031030178070059478,4.889304161071777,-3.201618909835817,63,4
0.005774974822998047,4.895079135894775,-3.178519010543825,63,4
0.0069048404693603516,4.901983976364136,-3.1508996486663836,63,4
0.006651163101196289,4.908635139465332,-3.1242949962615985,63,4
0.008723974227905273,4.917359113693237,-3.0893990993499774,63,4
0.006825923919677734,4.924185037612915,-3.0620954036712664,64,5
0.00958108901977539,4.93376612663269,-3.0141899585723895,65,6
0.0048978328704833984,4.938663959503174,-2.984802961349489,65,6
0.006721019744873047,4.945384979248047,-2.944476842880251,65,6
0.004631996154785156,4.950016975402832,-2.91668486595154,65,6
0.006283998489379883,4.956300973892212,-2.8789808750152606,65,6
0.007165193557739258,4.963466167449951,-2.835989713668825,66,7
0.005769014358520508,4.969235181808472,-2.7956066131591815,66,7
0.006584882736206055,4.975820064544678,-2.749512434005739,67,8
0.00821805000305087,4.984038114547729,-2.683768033981332,68,9
0.003005027770996982,4.987043142318726,-2.6567227840423593,68,9
0.006222963333128995,4.993266105651855,-2.6007161140441983,68,9
0.006573915481568271,4.999840021133423,-2.541550874710084,68,9
0.006821155548096591,5.006661176681519,-2.4801604747772146,68,9
0.005155801773070401,5.01181697845459,-2.433758258819581,68,9
0.006036043167114258,5.017853021621704,-2.3794338703155526,68,9
0.005527973175048828,5.023380994796753,-2.329682111740113,68,9
0.007102012634277344,5.03048300743103,-2.265763998031617,68,9
0.00619816780090332,5.036681175231934,-2.209980487823487,69,10
0.006394863128662109,5.043076038360596,-2.146031856536866,68,9
0.007409095764160156,5.050485134124756,-2.0793499946594247,69,10
0.0057179927825927734,5.056203126907349,-2.022170066833497,69,10
0.008877038955688477,5.065080165863037,-1.9333996772766122,69,10
0.008235931396483487,5.073316097259521,-1.8510403633117773,69,10
0.006505966186524326,5.079822063446045,-1.785980701446534,69,10
0.0069620609283447266,5.08678412437439,-1.7163600921630868,69,10
0.007124900817871094,5.093909025192261,-1.6451110839843759,69,10
0.004351139068603516,5.098260164260864,-1.6015996932983407,69,10
0.007635831832885742,5.10589599609375,-1.5252413749694833,69,10
0.008134126663208008,5.114030122756958,-1.4439001083374032,69,10
0.007225990295410156,5.121256113052368,-1.3716402053833017,68,9
0.006949901580810547,5.128206014633179,-1.3090910911560067,68,9
0.00693511962890625,5.135141134262085,-1.2466750144958505,68,9
0.006798982620239258,5.141940116882324,-1.1854841709136972,68,9
0.0051119327545166016,5.147052049636841,-1.1394767761230478,68,9
0.006684064865112305,5.153736114501953,-1.079320192337037,68,9
0.006217002868651456,5.159953117370605,-1.023367166519174,67,8
0.004667043685914862,5.164620161056519,-0.986030817031855,67,8
0.0056939125061026274,5.170314073562622,-0.940479516983034,67,8
0.005799055099487305,5.176113128662109,-0.8940870761871356,67,8
0.008360862731933594,5.184473991394043,-0.8272001743316668,67,8
0.0072650909423828125,5.191739082336426,-0.7690794467926043,66,7
0.0063550472259521484,5.198094129562378,-0.7245941162109393,67,8
0.008229970932006836,5.206324100494385,-0.6587543487548846,67,8
0.0031299591064453125,5.20945405960083,-0.6337146759033221,66,7
0.0058879852294921875,5.215342044830322,-0.5924987792968768,66,7
0.006145954132080078,5.221487998962402,-0.5494771003723162,66,7
0.0054149627685546875,5.226902961730957,-0.5115723609924334,67,8
0.0073201656341552734,5.234223127365112,-0.45301103591919123,66,7
0.006468057632446289,5.240691184997559,-0.4077346324920672,66,7
0.006658792495727539,5.247349977493286,-0.36112308502197443,66,7
0.00912809371948331,5.256478071212769,-0.29722642898559126,66,7
0.008029937744139737,5.264508008956909,-0.2410168647766131,66,7
0.008057117462158203,5.272565126419067,-0.18461704254150568,65,6
0.006382942199707031,5.278948068618774,-0.1463193893432635,65,6
0.007167100906371182,5.286115169525146,-0.1033167839050364,65,6
0.008380889892579013,5.294496059417725,-0.05303144454956232,65,6
0.008491992950439453,5.302988052368164,-0.0020794868469256045,65,6
0.004756927490234375,5.307744979858398,0.026462078094480646,65,6
0.007361173629760742,5.315106153488159,0.0706291198730451,65,6
0.009166955947875977,5.324273109436035,0.12563085556030096,64,5
0.008408069610595703,5.332681179046631,0.16767120361327947,64,5
0.004052877426147461,5.336734056472778,0.18793559074401678,64,5
0.0064139366149911226,5.343147993087769,0.2200052738189724,63,4
0.005017995834349698,5.348165988922119,0.24007725715637118,63,4
0.005956172943115234,5.354122161865234,0.2639019489288321,63,4
0.0060138702392578125,5.360136032104492,0.28795742988586337,63,4
0.008858919143676758,5.368994951248169,0.3233931064605704,64,5
0.005694150924682617,5.374689102172852,0.3518638610839835,64,5
0.010637044906616211,5.385326147079468,0.40504908561706454,63,4
0.006111860275268555,5.391438007354736,0.42949652671813876,63,4
0.0067560672760009766,5.398194074630737,0.45652079582214267,63,4
0.0049800872802734375,5.403174161911011,0.4764411449432364,63,4
0.004973888397217685,5.408148050308228,0.49633669853210716,62,3
0.005955934524535245,5.414103984832764,0.5142045021057129,62,3
0.0061910152435302734,5.420295000076294,0.5327775478363037,62,3
0.006070137023925781,5.42636513710022,0.550987958908081,61,2
0.005578041076660156,5.43194317817688,0.5621440410614014,61,2
0.006126880645751953,5.438070058822632,0.5743978023529053,61,2
0.007322072982788086,5.44539213180542,0.5890419483184814,60,1
0.008786916732788086,5.454179048538208,0.5978288650512695,60,1
0.009727954864501953,5.46390700340271,0.6075568199157715,59,0
0.0060040950775146484,5.469911098480225,0.6075568199157715,59,0
0.007258892059326172,5.477169990539551,0.6075568199157715,59,0
0.008224964141844815,5.485394954681396,0.6075568199157715,58,-1
0.009982109069825107,5.495377063751221,0.5975747108459464,58,-1
0.008002996444702148,5.503380060195923,0.5895717144012442,58,-1
0.005218029022216797,5.50859808921814,0.5843536853790274,57,-2
0.007288932800292969,5.515887022018433,0.5697758197784415,57,-2
0.0073659420013427734,5.523252964019775,0.555043935775756,56,-3
0.006255149841308594,5.529508113861084,0.5362784862518302,56,-3
0.006760835647583008,5.536268949508667,0.5159959793090811,56,-3
0.004522085189819336,5.540791034698486,0.5024297237396231,56,-3
0.005648136138916016,5.546439170837402,0.4854853153228751,55,-4
0.008212804794311523,5.554651975631714,0.452634096145629,55,-4
0.008658170700073242,5.563310146331787,0.418001413345336,55,-4
0.002828836441040039,5.566138982772827,0.40668606758117587,55,-4
0.005892992019652432,5.57203197479248,0.38311409950256614,54,-5
0.005740165710450107,5.57777214050293,0.3544132709503156,54,-5
0.0063288211822509766,5.584100961685181,0.3227691650390607,54,-5
0.006257057189941406,5.590358018875122,0.2914838790893537,54,-5
0.006364107131958008,5.59672212600708,0.25966334342956365,54,-5
0.007256984710693359,5.603979110717773,0.22337841987609686,54,-5
0.00551295280456543,5.609492063522339,0.1958136558532697,53,-6
0.0068089962005615234,5.6163010597229,0.15495967864990057,53,-6
0.011770009994506836,5.628071069717407,0.08433961868285955,52,-7
0.007071971893310547,5.635143041610718,0.034835815429685724,52,-7
0.006675004959106445,5.641818046569824,-0.011889219284059394,52,-7
0.0071659088134765625,5.648983955383301,-0.06205058097839533,51,-8
0.006952047348022461,5.655936002731323,-0.11766695976257502,51,-8
0.007970094680786133,5.663906097412109,-0.18142771720886408,51,-8
0.010403871536254883,5.674309968948364,-0.26465868949890314,50,-9
0.00752902030944913,5.681838989257813,-0.3324198722839453,51,-8
0.004348993301390713,5.686187982559204,-0.367211818695071,50,-9
0.009672164916992188,5.695860147476196,-0.4542613029480007,50,-9
0.006163835525512695,5.702023983001709,-0.509735822677615,50,-9
0.006620168685913086,5.708644151687622,-0.5693173408508327,50,-9
0.0072329044342041016,5.715877056121826,-0.6344134807586697,51,-8
0.007302045822143555,5.72317910194397,-0.6928298473358181,51,-8
0.010001897811889648,5.733180999755859,-0.7728450298309353,51,-8
0.003971099853515625,5.737152099609375,-0.8046138286590603,51,-8
0.006672859191895419,5.74382495880127,-0.8579967021942236,51,-8
0.010218143463133877,5.754043102264404,-0.9397418498992947,52,-7
0.0033800601959228516,5.757423162460327,-0.9634022712707546,52,-7
0.006538867950439453,5.763962030410767,-1.0091743469238308,52,-7
0.006279945373535156,5.770241975784302,-1.0531339645385769,52,-7
0.006144046783447266,5.776386022567749,-1.0961422920227077,52,-7
0.008075952529907227,5.784461975097656,-1.1526739597320583,52,-7
0.0064661502838134766,5.79092812538147,-1.1979370117187527,52,-7
0.006157875061035156,5.797086000442505,-1.2410421371459988,52,-7
0.007166147232056552,5.804252147674561,-1.2912051677703946,52,-7
0.003120899200438565,5.807373046875,-1.3130514621734646,52,-7
0.006844997406005859,5.814218044281006,-1.3609664440155056,52,-7
0.0065190792083740234,5.82073712348938,-1.4065999984741238,53,-6
0.005209922790527344,5.825947046279907,-1.4378595352172878,53,-6
0.005455970764160156,5.831403017044067,-1.4705953598022488,53,-6
0.006395101547241211,5.837798118591309,-1.508965969085696,53,-6
0.006428956985473633,5.844227075576782,-1.5475397109985378,53,-6
0.007196903228759766,5.851423978805542,-1.5907211303710964,53,-6
0.004891157150269443,5.856315135955811,-1.620068073272713,53,-6
0.005802869796751153,5.862118005752563,-1.65488529205322,53,-6
0.005872964859009677,5.867990970611572,-1.690123081207278,53,-6
0.006009101867675781,5.874000072479248,-1.7261776924133327,53,-6
0.006476879119873047,5.880476951599121,-1.765038967132571,53,-6
0.005650997161865234,5.886127948760986,-1.7989449501037624,54,-5
0.005986213684082031,5.892114162445068,-1.8288760185241726,54,-5
0.0067479610443115234,5.89886212348938,-1.8626158237457302,53,-6
0.007598876953125,5.906461000442505,-1.9082090854644802,54,-5
0.00748896598815918,5.913949966430664,-1.945653915405276,54,-5
0.0040471553802490234,5.917997121810913,-1.9658896923065212,54,-5
0.007268905639649326,5.925266027450562,-2.002234220504768,55,-4
0.0051429271697989165,5.930408954620361,-2.0228059291839635,55,-4
0.005690097808837891,5.936099052429199,-2.045566320419315,55,-4
0.005937099456787109,5.942036151885986,-2.0693147182464635,55,-4
0.007403850555419922,5.949440002441406,-2.098930120468143,55,-4
0.006919145584106445,5.956359148025513,-2.126606702804569,56,-3
0.006724834442138672,5.963083982467651,-2.146781206130985,56,-3
0.00593113899230957,5.969015121459961,-2.1645746231079137,57,-2
0.00797891616821289,5.976994037628174,-2.1805324554443395,57,-2
0.007584095001221591,5.984578132629395,-2.1957006454467827,57,-2
0.0033478736877432524,5.987926006317139,-2.202396392822269,57,-2
0.005957126617431641,5.99388313293457,-2.2143106460571325,57,-2
0.00616002082824707,6.000043153762817,-2.2266306877136266,57,-2
0.006745815277099609,6.006788969039917,-2.240122318267826,58,-1
0.009788990020751953,6.016577959060669,-2.2499113082885778,58,-1
0.00347900390625,6.020056962966919,-2.2533903121948278,59,0
0.0058460235595703125,6.025902986526489,-2.2533903121948278,59,0
0.007200002670288086,6.033102989196777,-2.2533903121948278,60,1
0.006721019744873047,6.03982400894165,-2.2466692924499547,60,1
0.00740504264831543,6.047229051589966,-2.2392642498016393,60,1
0.008906126022338867,6.056135177612305,-2.2303581237793004,60,1
0.007281780242919922,6.063416957855225,-2.2230763435363805,61,2
0.006736040115356445,6.070152997970581,-2.2096042633056676,61,2
0.008378028869628906,6.07853102684021,-2.19284820556641,61,2
0.0060710906982421875,6.084602117538452,-2.1807060241699254,62,3
0.009902000427246094,6.094504117965698,-2.151000022888187,62,3
0.006680965423583984,6.101185083389282,-2.130957126617435,62,3
0.0061168670654296875,6.107301950454712,-2.112606525421146,63,4
0.0070111751556396484,6.114313125610352,-2.0845618247985875,63,4
0.004858970642089844,6.119172096252441,-2.065125942230228,64,5
0.005248069763183594,6.124420166015625,-2.03888559341431,64,5
0.01230478286743164,6.136724948883057,-1.977361679077152,64,5
0.010082006454467773,6.146806955337524,-1.9269516468048131,64,5
0.006471157073974609,6.153278112411499,-1.89459586143494,64,5
0.006218910217285156,6.159497022628784,-1.8635013103485143,64,5
0.00716400146484375,6.166661024093628,-1.8276813030242955,65,6
0.0042459964752197266,6.170907020568848,-1.8022053241729772,65,6
0.008475065231323242,6.179382085800171,-1.7513549327850377,65,6
0.0077800750732421875,6.187162160873413,-1.7046744823455846,66,7
0.009030818939208984,6.196192979812622,-1.6414587497711217,67,8
0.005895137786865234,6.202088117599487,-1.5942976474761998,66,7
0.006551980972290039,6.208640098571777,-1.5484337806701696,67,8
0.006494045257568359,6.215134143829346,-1.4964814186096227,68,9
0.006760835647583008,6.221894979476929,-1.4356338977813756,68,9
0.0042760372161865234,6.226171016693115,-1.397149562835697,68,9
0.008819103240966797,6.234990119934082,-1.3177776336669957,68,9
0.003944873809813565,6.238934993743896,-1.2822737693786737,68,9
0.007807970046998847,6.246742963790894,-1.212002038955684,68,9
0.007812023162840909,6.254554986953735,-1.1416938304901159,68,9
0.0029120445251464844,6.257467031478882,-1.1154854297637975,67,8
0.005991935729980469,6.263458967208862,-1.0675499439239537,67,8
0.006042003631591797,6.269500970840454,-1.0192139148712194,68,9
0.006774187088012695,6.276275157928467,-0.9582462310791051,68,9
0.009015798568725586,6.285290956497192,-0.8771040439605748,68,9
0.005364179611206055,6.290655136108398,-0.8288264274597203,68,9
0.0059838294982901274,6.296638965606689,-0.7749719619751092,68,9
0.004781007766724521,6.301419973373413,-0.7319428920745885,68,9
0.005304098129273349,6.306724071502686,-0.6842060089111284,68,9
0.007247924804686612,6.313971996307373,-0.6189746856689489,68,9
0.005969047546386719,6.31994104385376,-0.5652532577514684,68,9
0.0060961246490478516,6.326037168502808,-0.5103881359100377,68,9
0.009855985641479492,6.335893154144287,-0.4216842651367223,67,8
0.006147861480712891,6.342041015625,-0.3725013732910192,67,8
0.006562948226928711,6.348603963851929,-0.3199977874755895,67,8
0.00590205192565918,6.354506015777588,-0.27278137207031605,67,8
0.008779048919677734,6.363285064697266,-0.20254898071289418,67,8
0.005759000778198242,6.369044065475464,-0.15647697448730824,66,7
0.006078958511352539,6.375123023986816,-0.11392426490784047,66,7
0.00557708740234375,6.38070011138916,-0.07488465309143422,65,6
0.006769895553588867,6.387470006942749,-0.034265279769901014,65,6
0.007136106491088867,6.394606113433838,0.00855135917663219,65,6
0.007144927978516513,6.401751041412354,0.05142092704773127,64,5
0.006834030151366299,6.408585071563721,0.08559107780456277,64,5
0.0066869258880615234,6.415271997451782,0.11902570724487038,64,5
0.009020090103149414,6.424292087554932,0.16412615776061745,64,5
0.007701873779297763,6.431993961334229,0.20263552665710627,63,4
0.005287170410155362,6.437281131744385,0.22378420829772772,63,4
0.0066869258880615234,6.443968057632446,0.2505319118499738,63,4
0.0042569637298583984,6.448225021362305,0.2675597667694074,63,4
0.0060460567474365234,6.454271078109741,0.2917439937591535,63,4
0.00625300407409668,6.460524082183838,0.3167560100555402,63,4
0.008080005645751953,6.46860408782959,0.34907603263854803,63,4
0.005609035491943359,6.474213123321533,0.37151217460632147,63,4
0.00626683235168457,6.480479955673218,0.39657950401305975,63,4
0.005589008331298828,6.486068964004517,0.41893553733825506,63,4
0.007688999176025391,6.493757963180542,0.4496915340423566,63,4
0.006217002868652344,6.499974966049194,0.474559545516966,63,4
0.00705718994140625,6.507032155990601,0.502788305282591,63,4
0.009405851364135742,6.516438007354736,0.540411710739134,62,3
0.007734060287475586,6.524172067642212,0.5636138916015607,62,3
0.007801055908203125,6.531973123550415,0.5870170593261701,61,2
0.004156827926635742,6.536129951477051,0.5953307151794416,61,2
0.0065670013427734375,6.542696952819824,0.6084647178649885,60,1
0.005219221115113193,6.547916173934937,0.6136839389801017,60,1
0.00632596015930087,6.554242134094238,0.6200098991394025,60,1
0.00886392593383789,6.563106060028076,0.6288738250732404,60,1
0.006227016448974609,6.569333076477051,0.635100841522215,60,1
0.006691932678222656,6.576025009155273,0.6417927742004377,59,0
0.008443117141723633,6.584468126296997,0.6417927742004377,59,0
0.004878044128417969,6.589346170425415,0.6417927742004377,58,-1
0.0084228515625,6.597769021987915,0.6333699226379377,58,-1
0.00672602653503418,6.604495048522949,0.6266438961029035,58,-1
0.00477910041809082,6.60927414894104,0.6218647956848127,57,-2
0.0056378841400146484,6.614912033081055,0.6105890274047834,57,-2
0.006303071975708008,6.621215105056763,0.5979828834533674,57,-2
0.005568027496337891,6.626783132553101,0.5868468284606916,57,-2
0.008445024490356445,6.635228157043457,0.5699567794799787,56,-3
0.013213872909545898,6.648442029953003,0.530315160751341,55,-4
0.0070171356201171875,6.65545916557312,0.5022466182708722,55,-4
0.005796909332276279,6.661256074905396,0.47905898094176713,55,-4
0.005649089813231534,6.666905164718628,0.456462621688841,55,-4
0.00728297233581543,6.674188137054443,0.4273307323455793,54,-5
0.006702899932861328,6.680891036987305,0.39381623268127264,54,-5
0.009377956390381748,6.690268993377686,0.3469264507293639,54,-5
0.005501031875609463,6.695770025253296,0.3194212913513166,54,-5
0.007275104522705078,6.703045129776001,0.2830457687377912,54,-5
0.005569934844970703,6.708615064620972,0.2551960945129377,53,-6
0.006737947463989258,6.715353012084961,0.21476840972900213,53,-6
0.00718712806701749,6.722540140151978,0.1716456413268972,53,-6
0.00472998619079501,6.727270126342773,0.14326572418212713,52,-7
0.007362842559814453,6.734632968902588,0.09172582626342596,52,-7
0.006765127182006836,6.741398096084595,0.044369935989378106,52,-7
0.0065500736236572266,6.747948169708252,-0.0014805793762224795,51,-8
0.007071971893311435,6.755020141601563,-0.05805635452271396,51,-8
0.006978988647460049,6.761999130249023,-0.11388826370239435,51,-8
0.006996870040893555,6.768996000289917,-0.1698632240295428,51,-8
0.006042003631591797,6.775038003921509,-0.21819925308227717,50,-9
0.004183053970336914,6.779221057891846,-0.2558467388153094,50,-9
0.006150007247925693,6.785371065139771,-0.31119680404664063,50,-9
0.005256891250609463,6.790627956390381,-0.3585088253021258,50,-9
0.00590205192565918,6.79653000831604,-0.4116272926330584,50,-9
0.006500959396362305,6.803030967712402,-0.47013592720031916,50,-9
0.005506992340087891,6.80853796005249,-0.5196988582611102,50,-9
0.005994081497192383,6.814532041549683,-0.5736455917358416,50,-9
0.007389068603515625,6.821921110153198,-0.6401472091674822,49,-10
0.00414586067199707,6.826066970825195,-0.681605815887453,50,-9
0.005427122116088867,6.831494092941284,-0.7304499149322528,50,-9
0.006237030029296875,6.837731122970581,-0.7865831851959246,50,-9
0.006500959396362305,6.844232082366943,-0.8450918197631854,50,-9
0.007679939270019531,6.851912021636963,-0.9142112731933612,51,-8
0.006965160369873047,6.858877182006836,-0.9699325561523455,50,-9
0.006066799163818359,6.864943981170654,-1.0245337486267108,51,-8
0.004961967468261719,6.869905948638916,-1.0642294883728045,51,-8
0.005868196487426758,6.875774145126343,-1.1111750602722186,51,-8
0.005714893341064453,6.881489038467407,-1.1568942070007342,51,-8
0.006428956985473633,6.887917995452881,-1.2083258628845233,51,-8
0.009363174438476562,6.897281169891357,-1.2832312583923358,52,-7
0.007058858871459961,6.904340028762817,-1.3326432704925555,52,-7
0.00667905807495206,6.911019086837769,-1.37939667701722,51,-8
0.005598068237303799,6.916617155075073,-1.4241812229156503,52,-7
0.0048868656158447266,6.921504020690918,-1.4583892822265634,52,-7
0.005697011947631836,6.92720103263855,-1.4982683658599862,52,-7
0.010709047317504883,6.937910079956055,-1.5732316970825204,52,-7
0.005886077880859375,6.943796157836914,-1.614434242248536,52,-7
0.006453990936279297,6.950250148773193,-1.6596121788024911,52,-7
0.007616996765136719,6.95786714553833,-1.7129311561584482,53,-6
0.00616002082824707,6.964027166366577,-1.7498912811279306,52,-7
0.007846832275390625,6.971873998641968,-1.804819107055665,53,-6
0.008289098739624023,6.980163097381592,-1.854553699493409,52,-7
0.006350040435791016,6.986513137817383,-1.8990039825439462,52,-7
0.004598855972290039,6.991111993789673,-1.9311959743499765,52,-7
0.0052471160888671875,6.99635910987854,-1.9679257869720468,52,-7
0.007586002349854404,7.003945112228394,-2.0210278034210276,52,-7
0.006685018539427823,7.010630130767822,-2.0678229331970224,53,-6
0.0058209896087646484,7.016451120376587,-2.1027488708496103,53,-6
0.006527900695800781,7.022979021072388,-2.141916275024415,53,-6
0.005063056945799893,7.028042078018188,-2.1722946166992143,53,-6
0.0061240196228036226,7.034166097640991,-2.209038734436036,53,-6
0.006571054458618164,7.040737152099609,-2.248465061187745,54,-5
0.006578922271728516,7.047316074371338,-2.2813596725463876,54,-5
0.007209062576293945,7.054525136947632,-2.3174049854278573,54,-5
0.004405021667480469,7.058930158615112,-2.3394300937652597,54,-5
0.006829023361206055,7.065759181976318,-2.37357521057129,55,-4
0.005338907241821289,7.07109808921814,-2.394930839538575,55,-4
0.005465030670166016,7.076563119888306,-2.416790962219239,55,-4
0.006669044494628906,7.083232164382935,-2.443467140197755,55,-4
0.004898786544799805,7.088130950927734,-2.463062286376954,55,-4
0.0068781375885009766,7.095009088516235,-2.490574836730958,56,-3
0.004410982131958008,7.099420070648193,-2.503807783126832,56,-3
0.00731992721557706,7.10673999786377,-2.525767564773563,56,-3
0.00435304641723544,7.111093044281006,-2.5388267040252694,56,-3
0.005903959274291992,7.116997003555298,-2.5565385818481454,57,-2
0.0061321258544921875,7.12312912940979,-2.56880283355713,57,-2
0.0048329830169677734,7.127962112426758,-2.5784687995910653,57,-2
0.006595849990845615,7.134557962417603,-2.5916604995727566,57,-2
0.007373094558714932,7.141931056976318,-2.6064066886901864,58,-1
0.006726980209350586,7.148658037185669,-2.613133668899537,58,-1
0.006680011749268466,7.155338048934937,-2.6198136806488055,59,0
0.00608801841735751,7.161426067352295,-2.6198136806488055,59,0
0.006676912307739258,7.168102979660034,-2.6198136806488055,60,1
0.008175134658813477,7.176278114318848,-2.611638545989992,60,1
0.007945060729980469,7.184223175048828,-2.6036934852600115,60,1
0.0038399696350097656,7.188063144683838,-2.5998535156250018,60,1
0.006266832351683682,7.194329977035522,-2.593586683273318,61,2
0.00750303268432706,7.201833009719849,-2.578580617904664,61,2
0.006389141082763672,7.208222150802612,-2.5658023357391366,62,3
0.00844883918762207,7.216670989990234,-2.5404558181762704,63,4
0.007256031036376953,7.223927021026611,-2.5114316940307626,63,4
0.007317066192626953,7.231244087219238,-2.482163429260255,64,5
0.006574869155883789,7.237818956375122,-2.449289083480836,64,5
0.006378173828125,7.244197130203247,-2.417398214340211,64,5
0.006412982940673828,7.250610113143921,-2.3853332996368417,64,5
0.006057024002075195,7.256667137145996,-2.3550481796264657,65,6
0.007469892501831055,7.264137029647827,-2.3102288246154794,65,6
0.007797956466674805,7.271934986114502,-2.2634410858154306,65,6
0.006280183792114258,7.278215169906616,-2.225759983062745,65,6
0.006281852722167969,7.284497022628784,-2.188068866729737,66,7
0.006700038909912109,7.291197061538696,-2.1411685943603525,66,7
0.006720066070556641,7.297917127609253,-2.094128131866456,66,7
0.0070688724517822266,7.304986000061035,-2.0446460247039804,66,7
0.006143093109130859,7.311129093170166,-2.0016443729400644,67,8
0.006046056747437412,7.317175149917603,-1.953275918960565,67,8
0.004570960998534268,7.321746110916138,-1.916708230972291,68,9
0.0055849552154541016,7.327331066131592,-1.866443634033204,68,9
0.009936094284057617,7.337267160415649,-1.7770187854766855,68,9
0.00812387466430664,7.345391035079956,-1.7039039134979257,68,9
0.003835916519165039,7.349226951599121,-1.6693806648254403,69,10
0.005194187164306641,7.354421138763428,-1.617438793182374,69,10
0.005831003189086914,7.360252141952515,-1.5591287612915048,69,10
0.006073951721191406,7.366326093673706,-1.4983892440795907,69,10
0.0070378780364990234,7.373363971710205,-1.4280104637146005,69,10
0.005235195159912109,7.378599166870117,-1.3756585121154794,69,10
0.00673985481262207,7.385339021682739,-1.3082599639892587,70,11
0.006039142608642578,7.391378164291382,-1.2418293952941903,70,11
0.006441831588745117,7.397819995880127,-1.170969247817994,70,11
0.006312131881713867,7.404132127761841,-1.1015357971191415,70,11
0.006517887115478516,7.410650014877319,-1.0298390388488778,70,11
0.006175994873046875,7.416826009750366,-0.9619030952453622,70,11
0.004981040954589844,7.421807050704956,-0.9071116447448739,70,11
0.005167961120606357,7.426975011825562,-0.850264072418204,70,11
0.00680208206176669,7.433777093887329,-0.7754411697387704,70,11
0.005409955978393555,7.439187049865723,-0.7159316539764413,70,11
0.0068950653076171875,7.44608211517334,-0.6400859355926523,70,11
0.005691051483154297,7.451773166656494,-0.577484369277955,70,11
0.006375789642333984,7.458148956298828,-0.5073506832122812,69,10
0.008256196975708008,7.466405153274536,-0.4247887134552011,69,10
0.008239984512329102,7.474645137786865,-0.34238886833191007,69,10
0.006765842437744141,7.481410980224609,-0.27473044395446866,69,10
0.005820035934448242,7.487231016159058,-0.21653008460998624,69,10
0.007694959640503818,7.494925975799561,-0.13958048820494806,68,9
0.006855010986327237,7.501780986785889,-0.07788538932800293,68,9
0.005521059036255771,7.507302045822144,-0.02819585800170099,68,9
0.007133007049559659,7.514435052871704,0.03600120544433594,67,8
0.007441043853759766,7.521876096725464,0.09552955627441406,67,8
0.0060880184173583984,7.527964115142822,0.14423370361328125,67,8
0.007380008697509766,7.535344123840332,0.20327377319335938,67,8
0.006496906280517578,7.54184103012085,0.2552490234375,66,7
0.00416111946105957,7.546002149581909,0.284376859664917,67,8
0.005497932434082031,7.551500082015991,0.32836031913757324,67,8
0.007364034652709961,7.558864116668701,0.38727259635925293,66,7
0.006547927856444424,7.565412044525146,0.4331080913543639,66,7
0.004993915557862216,7.570405960083008,0.4680655002593994,66,7
0.006326198577880859,7.576732158660889,0.5123488903045654,66,7
0.006744861602783203,7.583477020263672,0.5595629215240479,66,7
0.006387948989868164,7.58986496925354,0.604278564453125,66,7
0.005601167678833008,7.595466136932373,0.643486738204956,66,7
0.005554914474487305,7.60102105140686,0.6823711395263672,66,7
0.0058209896087646484,7.606842041015625,0.7231180667877197,65,6
0.0074350833892822266,7.614277124404907,0.7677285671234131,65,6
0.004482030868531162,7.618759155273438,0.7946207523346001,65,6
0.005656957626341885,7.62441611289978,0.8285624980926514,65,6
0.005697011947631836,7.630113124847412,0.8627445697784424,65,6
0.005705833435058594,7.635818958282471,0.896979570388794,65,6
0.005990028381347656,7.641808986663818,0.9329197406768799,64,5
0.00611114501953125,7.64792013168335,0.9634754657745361,64,5
0.006639957427978516,7.654560089111328,0.9966752529144287,64,5
0.004761934280395508,7.659322023391724,1.0204849243164062,64,5
0.005151987075805664,7.664474010467529,1.0462448596954346,63,4
0.006242990493774414,7.670717000961304,1.0712168216705322,63,4
0.0066089630126953125,7.677325963973999,1.0976526737213135,63,4
0.007108211517333984,7.684434175491333,1.1260855197906494,63,4
0.004709959030151367,7.689144134521484,1.1449253559112549,64,5
0.005903005599975586,7.69504714012146,1.1744403839111328,64,5
0.005466938018798828,7.700514078140259,1.201775074005127,63,4
0.005986928939819336,7.706501007080078,1.2257227897644043,63,4
0.0059931278228759766,7.712494134902954,1.2496953010559082,63,4
0.0056400299072265625,7.718134164810181,1.2722554206848145,63,4
0.007108926773071289,7.725243091583252,1.3006911277770996,62,3
0.006097078323364258,7.731340169906616,1.3189823627471924,62,3
0.009630918502807617,7.740971088409424,1.3478751182556152,61,2
0.006326913833618164,7.747298002243042,1.3605289459228516,61,2
0.00767207145690918,7.754970073699951,1.37587308883667,60,1
0.00628209114074707,7.761252164840698,1.382155179977417,60,1
0.0065839290618896484,7.767836093902588,1.3887391090393066,60,1
0.006844997406005859,7.774681091308594,1.3955841064453125,60,1
0.003468036651611328,7.778149127960205,1.3990521430969238,59,0
0.006050825119018555,7.784199953079224,1.3990521430969238,59,0
0.006566047668457031,7.790766000747681,1.3990521430969238,58,-1
0.005824089050292969,7.796590089797974,1.3932280540466309,59,0
0.007202863693237305,7.803792953491211,1.3932280540466309,58,-1
0.006301164627075195,7.810094118118286,1.3869268894195557,58,-1
0.0064239501953125,7.816518068313599,1.3805029392242432,57,-2
0.008042097091674805,7.824560165405273,1.3644187450408936,57,-2
0.003345966339111328,7.827906131744385,1.357726812362671,57,-2
0.006604909896850586,7.834511041641235,1.3445169925689697,56,-3
0.00731992721557706,7.841830968856812,1.3225572109222385,56,-3
0.005998134613036221,7.847829103469849,1.3045628070831299,56,-3
0.008620023727416992,7.856449127197266,1.278702735900879,56,-3
0.0036008358001717866,7.860049962997437,1.2679002285003635,55,-4
0.00585913658142001,7.865909099578857,1.2444636821746835,55,-4
0.00830101966857999,7.874210119247437,1.2112596035003635,55,-4
0.005995035171507901,7.880205154418945,1.187279462814332,54,-5
0.006722927093505859,7.886928081512451,1.1536648273468026,54,-5
0.0075969696044921875,7.894525051116943,1.1156799793243417,54,-5
0.007297039031982422,7.901822090148926,1.0791947841644296,54,-5
0.004519939422607422,7.906342029571533,1.0565950870513925,53,-6
0.0055730342864990234,7.911915063858032,1.0231568813323983,53,-6
0.0059320926666259766,7.917847156524658,0.9875643253326425,53,-6
0.006523847579956055,7.924371004104614,0.9484212398529062,52,-7
0.00495600700378418,7.929327011108398,0.9137291908264169,52,-7
0.005999088287353516,7.935326099395752,0.8717355728149423,52,-7
0.010551929473876953,7.945878028869629,0.7978720664978036,51,-8
0.0058939456939697266,7.951771974563599,0.7507205009460458,51,-8
