Ts=calc,Tid=meas,Volum=calc,Lys=meas,Flow=calc
Lys0=81
0.005,0,0,81,0
0.002040863037109375,0.002040863037109375,0,81,0
0.019490003585815426,0.0215308666229248,0,81,0
0.006990909576416019,0.02852177619934082,0,81,0
0.009157180786132812,0.03767895698547363,0,81,0
0.006436824798583984,0.04411578178405762,0,81,0
0.00496315956115722,0.04907894134521484,0,81,0
0.005137920379638686,0.05421686172485352,0,81,0
0.006732940673828118,0.06094980239868164,0,81,0
0.0055620670318603516,0.06651186943054199,0,81,0
0.005261898040771484,0.07177376747131348,0,81,0
0.006336212158203125,0.0781099796295166,0,81,0
0.006426811218261719,0.08453679084777832,0,81,0
0.005402088165283203,0.08993887901306152,0,81,0
0.005580902099609375,0.0955197811126709,0,81,0
0.0056130886077881,0.101132869720459,0,81,0
0.005875110626220703,0.1070079803466797,0,81,0
0.006030797958373996,0.1130387783050537,0,81,0
0.0053300857543945035,0.1183688640594482,0,81,0
0.006644010543823312,0.1250128746032715,0,81,0
0.0075969696044921875,0.1326098442077637,0,81,0
0.0064089298248291016,0.1390187740325928,0,81,0
0.006174087524414007,0.1451928615570068,0,81,0
0.005274057388305692,0.1504669189453125,0,81,0
0.005153894424438504,0.155620813369751,0,81,0
0.0056860446929931086,0.1613068580627441,0,81,0
0.0070149898529052734,0.1683218479156494,0,81,0
0.005707979202270508,0.1740298271179199,0,81,0
0.00657105445861822,0.1806008815765381,0,81,0
0.004651069641113281,0.1852519512176514,0,81,0
0.007012844085693304,0.1922647953033447,0,81,0
0.00636816024780279,0.1986329555511475,0,81,0
0.00630497932434082,0.2049379348754883,0,81,0
0.006834983825683594,0.2117729187011719,0,81,0
0.00762104988098139,0.2193939685821533,0,81,0
0.005827903747558594,0.2252218723297119,0,81,0
0.006304025650024414,0.2315258979797363,0,81,0
0.006484031677246094,0.2380099296569824,0,81,0
0.006331920623779297,0.2443418502807617,0,81,0
0.006978988647461021,0.2513208389282227,0,81,0
0.003914117813110296,0.255234956741333,0,81,0
0.0074138641357421875,0.2626488208770752,0,81,0
0.005273103713989313,0.2679219245910645,0,81,0
0.006056070327758678,0.2739779949188232,0,81,0
0.005499839782714899,0.2794778347015381,0,81,0
0.00740504264831543,0.2868828773498535,0,81,0
0.006644964218139704,0.2935278415679932,0,81,0
0.00691914558410639,0.3004469871520996,0,81,0
0.004570960998535212,0.3050179481506348,0,81,0
0.006023883819579967,0.3110418319702148,0,81,0
0.0054550170898438055,0.3164968490600586,0,81,0
0.007324934005737305,0.3238217830657959,0,81,0
0.007472038269043024,0.3312938213348389,0,81,0
0.006015062332153265,0.3373088836669922,0,81,0
0.006392955780029297,0.3437018394470215,0,81,0
0.004819154739379938,0.3485209941864014,0,81,0
0.0056438446044921875,0.3541648387908936,0,81,0
0.006842136383056585,0.3610069751739502,0,81,0
0.005450010299682617,0.3664569854736328,0,81,0
0.005508899688720703,0.3719658851623535,0,81,0
0.006300926208496094,0.3782668113708496,0,81,0
0.006334066390991211,0.3846008777618408,0,81,0
0.007215023040771484,0.3918159008026123,0,81,0
0.004582881927490179,0.3963987827301025,0,81,0
0.006497144699096735,0.4028959274291992,0,81,0
0.005099058151245062,0.4079949855804443,0,81,0
0.006563901901245228,0.4145588874816895,0,81,0
0.00857400894165028,0.4231328964233398,0.00857400894165028,82,1
0.006232023239135798,0.4293649196624756,0.00857400894165028,81,0
0.0061569213867186945,0.4355218410491943,0.00857400894165028,81,0
0.009038925170898493,0.4445607662200928,0.017612934112548773,82,1
0.008650064468383845,0.4532108306884766,0.026262998580932617,82,1
0.006085157394409069,0.4592959880828857,0.026262998580932617,81,0
0.00595378875732433,0.46524977684021,0.026262998580932617,81,0
0.007902145385742076,0.4731519222259521,0.034165143966674694,82,1
0.004621982574462891,0.477773904800415,0.034165143966674694,81,0
0.005949020385742243,0.4837229251861572,0.04011416435241694,82,1
0.0056190490722656805,0.4893419742584229,0.04011416435241694,81,0
0.0061399936676024836,0.4954819679260254,0.04011416435241694,81,0
0.006950855255126953,0.5024328231811523,0.04706501960754389,82,1
0.016447067260742188,0.5188798904418945,0.04706501960754389,81,0
0.009021997451782227,0.5279018878936768,0.04706501960754389,81,0
0.0070590972900390625,0.5349609851837158,0.04706501960754389,81,0
0.006779909133911133,0.541740894317627,0.05384492874145502,82,1
0.004864931106567383,0.5466058254241943,0.05384492874145502,81,0
0.009413003921508789,0.5560188293457031,0.05384492874145502,81,0
0.007467031478881836,0.563485860824585,0.05384492874145502,81,0
0.004667043685913086,0.568152904510498,0.05384492874145502,81,0
0.006331920623779297,0.5744848251342773,0.05384492874145502,81,0
0.008137941360473633,0.582622766494751,0.05384492874145502,81,0
0.006293058395385742,0.5889158248901367,0.05384492874145502,81,0
0.006678104400634766,0.5955939292907715,0.05384492874145502,81,0
0.004842042922973633,0.6004359722137451,0.05384492874145502,81,0
0.004786968231201172,0.6052229404449463,0.05384492874145502,81,0
0.0070340633392333984,0.6122570037841797,0.06087899208068842,82,1
0.005253791809082031,0.6175107955932617,0.06087899208068842,81,0
0.006005048751831055,0.6235158443450928,0.06087899208068842,81,0
0.007668972015380859,0.6311848163604736,0.06087899208068842,81,0
0.006121158599853516,0.6373059749603271,0.06087899208068842,81,0
0.006744861602783203,0.6440508365631104,0.06087899208068842,81,0
0.004258155822753906,0.6483089923858643,0.06087899208068842,81,0
0.005567789077758789,0.653876781463623,0.06087899208068842,81,0
0.006681203842163086,0.6605579853057861,0.06087899208068842,81,0
0.0054628849029541016,0.6660208702087402,0.06634187698364252,82,1
0.006990909576416016,0.6730117797851562,0.07333278656005854,82,1
0.008009195327758789,0.681020975112915,0.07333278656005854,81,0
0.0065310001373291016,0.6875519752502441,0.07333278656005854,81,0
0.00638580322265625,0.6939377784729004,0.07333278656005854,81,0
0.010696172714233398,0.7046339511871338,0.08402895927429194,82,1
0.009274005889892578,0.7139079570770264,0.09330296516418451,82,1
0.006043910980224609,0.719951868057251,0.09330296516418451,81,0
0.005507946014404297,0.7254598140716553,0.09330296516418451,81,0
0.007577180862426758,0.733036994934082,0.10088014602661127,82,1
0.006392002105712891,0.7394289970397949,0.10727214813232416,82,1
0.006829977035522461,0.7462589740753174,0.10727214813232416,81,0
0.006695985794067383,0.7529549598693848,0.11396813392639155,82,1
0.006218910217285156,0.7591738700866699,0.11396813392639155,81,0
0.006460905075073242,0.7656347751617432,0.11396813392639155,81,0
0.008545160293579102,0.7741799354553223,0.12251329421997065,82,1
0.0035810470581054688,0.7777609825134277,0.12609434127807612,82,1
0.005903005599975586,0.7836639881134033,0.12609434127807612,81,0
0.005554914474487305,0.7892189025878906,0.12609434127807612,81,0
0.0077838897705078125,0.7970027923583984,0.12609434127807612,81,0
0.006414175033569336,0.8034169673919678,0.13250851631164545,82,1
0.008170843124389648,0.8115878105163574,0.1406793594360351,82,1
0.006245136260986328,0.8178329467773438,0.14692449569702143,82,1
0.0067789554595947266,0.8246119022369385,0.15370345115661616,82,1
0.007237911224365234,0.8318498134613037,0.1609413623809814,82,1
0.009273052215576172,0.8411228656768799,0.1609413623809814,81,0
0.006079912185668945,0.8472027778625488,0.1609413623809814,81,0
0.006143093109130859,0.8533458709716797,0.16708445549011225,82,1
0.008341073989868164,0.8616869449615479,0.1754255294799804,82,1
0.006683826446533203,0.868370771408081,0.18210935592651362,82,1
0.006224155426025391,0.8745949268341064,0.188333511352539,82,1
0.007111072540283203,0.8817059993743896,0.1954445838928222,82,1
0.004332780838012695,0.8860387802124023,0.1997773647308349,82,1
0.005814075469970703,0.891852855682373,0.2055914402008056,82,1
0.005942106246948242,0.8977949619293213,0.21153354644775385,82,1
0.005486965179443359,0.9032819271087646,0.2170205116271972,82,1
0.007848978042602539,0.9111309051513672,0.22486948966979975,82,1
0.006701946258544922,0.9178328514099121,0.23157143592834467,82,1
0.007281064987182617,0.9251139163970947,0.2388525009155273,82,1
0.00718998908996582,0.9323039054870605,0.2460424900054931,82,1
0.005825996398925781,0.9381299018859863,0.2460424900054931,81,0
0.004875898361206055,0.9430058002471924,0.25091838836669916,82,1
0.005151033401489258,0.9481568336486816,0.2560694217681884,82,1
0.005980014801025391,0.954136848449707,0.2620494365692138,82,1
0.006025075912475586,0.9601619243621826,0.2620494365692138,81,0
0.006201982498168945,0.9663639068603516,0.2620494365692138,81,0
0.006659984588623047,0.9730238914489746,0.26870942115783686,82,1
0.007539033889770508,0.9805629253387451,0.27624845504760737,82,1
0.006727933883666992,0.9872908592224121,0.28297638893127436,82,1
0.0040130615234375,0.9913039207458496,0.28297638893127436,81,0
0.005892038345336914,0.9971959590911865,0.28297638893127436,81,0
0.005317926406860574,1.002513885498047,0.28829431533813493,82,1
0.00810098648071289,1.01061487197876,0.28829431533813493,81,0
0.006401062011718972,1.017015933990479,0.28829431533813493,81,0
0.006614923477171963,1.023630857467651,0.2949092388153069,82,1
0.004527091979981135,1.028157949447632,0.2949092388153069,81,0
0.005667924880981001,1.033825874328613,0.2949092388153069,81,0
0.005651950836181863,1.039477825164795,0.2949092388153069,81,0
0.006597995758057085,1.046075820922852,0.2949092388153069,81,0
0.0070781707763669655,1.053153991699219,0.2949092388153069,81,0
0.006275892257689986,1.059429883956909,0.2949092388153069,81,0
0.006289005279541016,1.06571888923645,0.2949092388153069,81,0
0.0066919326782231,1.072410821914673,0.2949092388153069,81,0
0.005563974380492942,1.077974796295166,0.2949092388153069,81,0
0.004647970199584961,1.082622766494751,0.2949092388153069,81,0
0.0051860809326169655,1.087808847427368,0.2949092388153069,81,0
0.006179094314574973,1.093987941741943,0.2949092388153069,81,0
0.009037017822266069,1.103024959564209,0.2949092388153069,81,0
0.005843877792357954,1.108868837356567,0.2949092388153069,81,0
0.00529694557190008,1.114165782928467,0.2949092388153069,81,0
0.006749153137207031,1.120914936065674,0.2949092388153069,81,0
0.00559782981872492,1.126512765884399,0.2949092388153069,81,0
0.0059201717376711205,1.13243293762207,0.2949092388153069,81,0
0.006980895996093972,1.139413833618164,0.2949092388153069,81,0
0.006142139434814897,1.145555973052979,0.2949092388153069,81,0
0.005430936813354048,1.150986909866333,0.2949092388153069,81,0
0.005902051925658958,1.156888961791992,0.2949092388153069,81,0
0.00552797317504905,1.162416934967041,0.2949092388153069,81,0
0.005472898483275923,1.167889833450317,0.2949092388153069,81,0
0.00590300559997603,1.173792839050293,0.2949092388153069,81,0
0.006191968917847124,1.17998480796814,0.2949092388153069,81,0
0.005372047424315962,1.185356855392456,0.2949092388153069,81,0
0.006595134735106978,1.191951990127563,0.2949092388153069,81,0
0.006078958511352983,1.198030948638916,0.2949092388153069,81,0
0.006935834884643999,1.20496678352356,0.2949092388153069,81,0
0.007034063339232954,1.212000846862793,0.2949092388153069,81,0
0.0038559436798100144,1.215856790542603,0.2949092388153069,81,0
0.0058879852294919655,1.221744775772095,0.2949092388153069,81,0
0.0058960914611809745,1.227640867233276,0.2949092388153069,81,0
0.005803108215332031,1.233443975448608,0.2949092388153069,81,0
0.006075859069825107,1.239519834518433,0.2949092388153069,81,0
0.006807088851928045,1.246326923370361,0.2949092388153069,81,0
0.00895500183105491,1.255281925201416,0.285954236984252,80,-1
0.006463050842284934,1.261744976043701,0.27949118614196705,80,-1
0.006764888763427956,1.268509864807129,0.2727262973785391,80,-1
0.006119966506958008,1.274629831314087,0.2666063308715811,80,-1
0.007158041000365989,1.281787872314453,0.2594482898712151,80,-1
0.005211114883423074,1.286998987197876,0.254237174987792,80,-1
0.006035804748534934,1.293034791946411,0.2482013702392571,80,-1
0.005324125289916992,1.298358917236328,0.2428772449493401,80,-1
0.0056040287017820045,1.30396294593811,0.2372732162475581,80,-1
0.007483959197998047,1.311446905136108,0.222305297851562,79,-2
0.0055658817291259766,1.317012786865234,0.21117353439331005,79,-2
0.0063300132751471505,1.323342800140381,0.19851350784301575,79,-2
0.005773067474365012,1.329115867614746,0.18696737289428572,79,-2
0.0068891048431398705,1.336004972457886,0.17318916320800598,79,-2
0.006933927536010076,1.342938899993896,0.15932130813598583,79,-2
0.0061659812927250535,1.349104881286621,0.14698934555053572,79,-2
0.007302999496459961,1.356407880783081,0.1323833465576158,79,-2
0.00689697265625,1.363304853439331,0.1185894012451158,79,-2
0.005891084671020952,1.369195938110352,0.10091614723205294,78,-3
0.006500959396362083,1.375696897506714,0.0814132690429667,78,-3
0.00738096237182595,1.38307785987854,0.05927038192748885,78,-3
0.005036115646361861,1.388113975524902,0.044162034988403265,78,-3
0.004300832748413086,1.392414808273315,0.03125953674316401,78,-3
0.005325078964234065,1.397739887237549,0.015284299850461813,78,-3
0.005903959274291992,1.403643846511841,-0.008331537246706155,77,-4
0.006950139999388982,1.41059398651123,-0.036132097244262085,77,-4
0.0058128833770760835,1.416406869888306,-0.053570747375490335,78,-3
0.005985021591185857,1.422391891479492,-0.07751083374023376,77,-4
0.0065729618072509766,1.428964853286743,-0.10380268096923767,77,-4
0.004713058471680132,1.433677911758423,-0.1226549148559582,77,-4
0.0055320262908928886,1.439209938049316,-0.14478302001952975,77,-4
0.005877971649170144,1.445087909698486,-0.16829490661621033,77,-4
0.006365060806274858,1.451452970504761,-0.19375514984130976,77,-4
0.00686192512512207,1.458314895629883,-0.22120285034179804,77,-4
0.005897998809814009,1.464212894439697,-0.24479484558105408,77,-4
0.007802009582519975,1.472014904022217,-0.28380489349365395,76,-5
0.007096052169800027,1.479110956192017,-0.3192851543426541,76,-5
0.00625181198120095,1.485362768173218,-0.35054421424865884,76,-5
0.006499052047729048,1.491861820220947,-0.3830394744873041,76,-5
0.006250143051147905,1.498111963272095,-0.4142901897430436,76,-5
0.006853818893431951,1.504965782165527,-0.44855928421020336,76,-5
0.007007122039795144,1.511972904205322,-0.4835948944091791,76,-5
0.009368896484375,1.521341800689697,-0.530439376831054,76,-5
0.0023941993713378906,1.523736000061035,-0.5424103736877435,76,-5
0.005526781082153098,1.529262781143188,-0.570044279098509,76,-5
0.006808042526246005,1.536070823669434,-0.604084491729739,76,-5
0.007637023925781028,1.543707847595215,-0.6422696113586441,76,-5
0.008054018020629883,1.551761865615845,-0.6825397014617935,76,-5
0.00813508033752397,1.559896945953369,-0.7313501834869374,75,-6
0.0054738521575929955,1.565370798110962,-0.7641932964324953,75,-6
0.005203008651733176,1.570573806762695,-0.7954113483428944,75,-6
0.004920005798339844,1.575493812561035,-0.8249313831329335,75,-6
0.005949974060059038,1.581443786621094,-0.8606312274932877,75,-6
0.006058216094970037,1.587502002716064,-0.8969805240631079,75,-6
0.0056269168853759766,1.59312891960144,-0.9307420253753638,75,-6
0.005980014801026057,1.599108934402466,-0.9666221141815201,75,-6
0.008118867874145064,1.607227802276611,-1.0153353214263905,75,-6
0.006385087966918945,1.61361289024353,-1.0536458492279042,75,-6
0.0036630630493168503,1.617275953292847,-1.0792872905731221,74,-7
0.005385875701904075,1.622661828994751,-1.1169884204864506,74,-7
0.005305051803589089,1.62796688079834,-1.1541237831115743,74,-7
0.005927085876464844,1.633893966674805,-1.1956133842468282,74,-7
0.006584882736206055,1.640478849411011,-1.2417075634002706,74,-7
0.004768133163451926,1.645246982574463,-1.275084495544434,74,-7
0.006749868392944114,1.651996850967407,-1.3223335742950428,74,-7
0.006479024887084961,1.658475875854492,-1.3741657733917225,73,-8
0.0058069229125981,1.66428279876709,-1.4206211566925073,73,-8
0.007294178009032981,1.671576976776123,-1.4789745807647712,73,-8
0.00375795364379905,1.675334930419922,-1.5090382099151636,73,-8
0.0056569576263429955,1.680991888046265,-1.5542938709259075,73,-8
0.005069971084593838,1.686061859130859,-1.5948536396026582,73,-8
0.005785942077637163,1.691847801208496,-1.6411411762237555,73,-8
0.006079196929931863,1.697926998138428,-1.6897747516632105,73,-8
0.007281780242920144,1.705208778381348,-1.7553107738494917,72,-9
0.006750106811522993,1.711958885192871,-1.8160617351531987,72,-9
0.006953954696654829,1.718912839889526,-1.8786473274230922,72,-9
0.006176948547364169,1.72508978843689,-1.9342398643493697,72,-9
0.0066611766815178886,1.731750965118408,-1.9941904544830307,72,-9
0.006801843643188921,1.738552808761597,-2.0622088909149197,71,-10
0.005556106567382146,1.744108915328979,-2.117769956588741,71,-10
0.007008075714111994,1.751116991043091,-2.187850713729861,71,-10
0.008153915405272993,1.759270906448364,-2.269389867782591,71,-10
0.008394002914428933,1.767664909362793,-2.3533298969268803,71,-10
0.00473904609680198,1.772403955459595,-2.4007203578949,71,-10
0.004252910614013006,1.776656866073608,-2.44324946403503,71,-10
0.00599908828735396,1.782655954360962,-2.50324034690857,71,-10
0.005703926086426003,1.788359880447388,-2.5659835338592556,70,-11
0.005433082580566184,1.793792963027954,-2.6257474422454834,70,-11
0.006860017776488814,1.800652980804443,-2.7012076377868603,70,-11
0.005460977554322177,1.806113958358765,-2.7612783908844043,70,-11
0.005561828613280806,1.811675786972046,-2.822458505630493,70,-11
0.0063381195068361595,1.818013906478882,-2.892177820205691,70,-11
0.006218910217284934,1.824232816696167,-2.960585832595825,70,-11
0.007155179977416992,1.831387996673584,-3.046447992324829,69,-12
0.0032718181610109642,1.834659814834595,-3.0857098102569607,69,-12
0.006446123123168945,1.841105937957764,-3.163063287734988,69,-12
0.005101919174194114,1.846207857131958,-3.2242863178253174,69,-12
0.0055980682373049095,1.851805925369263,-3.2914631366729763,69,-12
0.006111860275268111,1.857917785644531,-3.3709173202514617,68,-13
0.006671190261841042,1.864588975906372,-3.4576427936553955,68,-13
0.008519887924193892,1.873108863830566,-3.568401336669916,68,-13
0.006397962570191096,1.879506826400757,-3.6515748500824,68,-13
0.004349946975708008,1.883856773376465,-3.7081241607666042,68,-13
0.006660223007201926,1.890516996383667,-3.801367282867431,67,-14
0.004734992980957031,1.895251989364624,-3.8676571846008296,67,-14
0.006544828414916992,1.901796817779541,-3.9592847824096675,67,-14
0.007218122482300027,1.909014940261841,-4.067556619644168,66,-15
0.004667043685912864,1.913681983947754,-4.13756227493286,66,-15
0.005669832229614036,1.919351816177368,-4.222609758377071,66,-15
0.005776166915893999,1.925127983093262,-4.30925226211548,66,-15
0.007962942123413086,1.933090925216675,-4.428696393966677,66,-15
0.006227970123291016,1.939318895339966,-4.528343915939333,65,-16
0.006017923355101873,1.945336818695068,-4.624630689620963,65,-16
0.006318092346192072,1.95165491104126,-4.725720167160036,65,-16
0.0046100616455080345,1.956264972686768,-4.804091215133672,64,-17
0.007782936096190962,1.964047908782959,-4.936401128768919,64,-17
0.0042810440063481,1.968328952789307,-5.009178876876836,64,-17
0.0060279369354239165,1.974356889724731,-5.117681741714467,63,-18
0.006228923797608088,1.980585813522339,-5.229802370071413,63,-18
0.004855155944823997,1.985440969467163,-5.317195177078245,63,-18
0.006505966186523882,1.991946935653687,-5.434302568435675,63,-18
0.006042957305907981,1.997989892959595,-5.549118757247927,62,-19
0.006334066390990989,2.004323959350586,-5.669466018676755,62,-19
0.00694489479064897,2.011268854141235,-5.801419019699086,62,-19
0.003684997558594194,2.014953851699829,-5.871433973312376,62,-19
0.006175994873046875,2.021129846572876,-5.988777875900267,62,-19
0.006403923034667969,2.027533769607544,-6.116856336593626,61,-20
0.005712032318115234,2.033245801925659,-6.231096982955931,61,-20
0.006223201751708984,2.039469003677368,-6.3617842197418195,60,-21
0.005811929702758789,2.045280933380127,-6.483834743499754,60,-21
0.006518840789794922,2.051799774169922,-6.620730400085447,60,-21
0.006306171417236328,2.058105945587158,-6.75315999984741,60,-21
0.005779981613158736,2.063885927200317,-6.874539613723744,60,-21
0.007082939147950107,2.070968866348267,-7.030364274978647,59,-22
0.004723072052001953,2.075691938400269,-7.1342718601226895,59,-22
0.005846023559569868,2.081537961959839,-7.262884378433227,59,-22
0.006002902984619141,2.087540864944458,-7.394948244094848,59,-22
0.005639076232910156,2.093179941177368,-7.524646997451781,58,-23
0.0061228275299067825,2.099302768707275,-7.665472030639638,58,-23
0.006353139877320224,2.105655908584595,-7.811594247818003,58,-23
0.007000923156737837,2.112656831741333,-7.979616403579711,57,-24
0.005921125411986861,2.11857795715332,-8.121723413467397,57,-24
0.005475044250489169,2.124053001403809,-8.253124475479137,57,-24
0.004227876663208008,2.128280878067017,-8.354593515396129,57,-24
0.005674123764038086,2.133955001831055,-8.490772485733043,57,-24
0.007574796676634854,2.14152979850769,-8.67256760597228,57,-24
0.006119012832642046,2.147648811340332,-8.819423913955688,57,-24
0.005573987960814986,2.153222799301147,-8.958773612976064,56,-25
0.005828142166138139,2.159050941467285,-9.104477167129517,56,-25
0.006819963455199751,2.165870904922485,-9.27497625350951,56,-25
0.007051944732666016,2.172922849655151,-9.458326816558827,55,-26
0.006436109542847124,2.179358959197998,-9.625665664672852,55,-26
0.006645917892456055,2.186004877090454,-9.798459529876709,55,-26
0.007108926773070845,2.193113803863525,-9.983291625976552,55,-26
0.006359100341796875,2.199472904205322,-10.14862823486327,55,-26
0.004513025283814365,2.203985929489136,-10.27047991752626,54,-27
0.007519960403441939,2.211505889892578,-10.473518848419191,54,-27
0.006062984466552734,2.217568874359131,-10.637219429016115,54,-27
0.005686998367309126,2.22325587272644,-10.790768384933461,54,-27
0.005925893783570224,2.22918176651001,-10.956693410873427,53,-28
0.006925106048583984,2.236106872558594,-11.150596380233779,53,-28
0.00503206253051669,2.241138935089111,-11.291494131088246,53,-28
0.006908893585205078,2.248047828674316,-11.491852045059193,52,-29
0.0050470829010009766,2.253094911575317,-11.638217449188222,52,-29
0.005074024200439897,2.258168935775757,-11.785364151000978,52,-29
0.005661010742187056,2.263829946517944,-11.949533462524403,52,-29
0.0067169666290292085,2.270546913146973,-12.15104246139528,51,-30
0.005785942077635831,2.276332855224609,-12.324620723724355,51,-30
0.006953954696656162,2.283286809921265,-12.53323936462404,51,-30
0.005836009979248047,2.289122819900513,-12.70831966400148,51,-30
0.00718903541564897,2.296311855316162,-12.931179761886598,50,-31
0.006618022918700728,2.302929878234863,-13.13633847236632,50,-31
0.010064125061035156,2.312994003295898,-13.44832634925841,50,-31
0.006223917007447177,2.319217920303345,-13.64749169349672,49,-32
0.006769895553588867,2.325987815856934,-13.864128351211564,49,-32
0.007245063781737837,2.333232879638672,-14.095970392227175,49,-32
0.006154060363769087,2.339386940002441,-14.292900323867785,49,-32
0.005841016769410068,2.345227956771851,-14.479812860488908,49,-32
0.00629186630248979,2.351519823074341,-14.687444448471071,48,-33
0.006443023681640181,2.357962846755981,-14.900064229965198,48,-33
0.006530046463013139,2.364492893218994,-15.11555576324463,48,-33
0.00737309455871582,2.37186598777771,-15.358867883682253,48,-33
0.006728887557982954,2.378594875335693,-15.587650060653672,47,-34
0.005399942398072177,2.383994817733765,-15.771248102188126,47,-34
0.005134105682373047,2.389128923416138,-15.94580769538881,47,-34
0.00535798072814897,2.394486904144287,-16.127979040145874,47,-34
0.006556987762450728,2.401043891906738,-16.3509166240692,47,-34
0.0049359798431400925,2.405979871749878,-16.518739938735962,47,-34
0.00716710090637207,2.41314697265625,-16.769588470458984,46,-35
0.006188869476317915,2.419335842132568,-16.986198902130113,46,-35
0.006430149078370029,2.425765991210938,-17.211254119873065,46,-35
0.006558895111083096,2.432324886322021,-17.440815448760972,46,-35
0.0061790943145760835,2.438503980636597,-17.66326284408571,45,-36
0.006006002426147017,2.444509983062744,-17.879478931427002,45,-36
0.007349014282227007,2.451858997344971,-18.144043445587172,45,-36
0.006538867950439009,2.45839786529541,-18.37944269180298,45,-36
0.00578212738037065,2.464179992675781,-18.587599277496324,45,-36
0.004951953887940341,2.469131946563721,-18.765869617462176,45,-36
0.005255937576293945,2.474387884140015,-18.955083370208758,45,-36
0.006624937057495117,2.48101282119751,-19.200206041336077,44,-37
0.006229162216185635,2.487241983413696,-19.430685043334947,44,-37
0.006721973419190341,2.493963956832886,-19.67939805984499,44,-37
0.004688978195189986,2.498652935028076,-19.852890253067017,44,-37
0.005683898925780806,2.504336833953857,-20.063194513320905,44,-37
0.006323099136352983,2.51065993309021,-20.297149181365967,44,-37
0.006278991699219194,2.516938924789429,-20.535750865936297,43,-38
0.006566047668457031,2.523504972457886,-20.785260677337664,43,-38
0.012947797775267667,2.536452770233154,-21.277276992797837,43,-38
0.00661706924438521,2.543069839477539,-21.528725624084476,43,-38
0.006045103073120117,2.549114942550659,-21.75843954086304,43,-38
0.007146835327148882,2.556261777877808,-22.0300192832947,43,-38
0.007845163345336914,2.564106941223145,-22.33598065376284,42,-39
0.007927894592285156,2.57203483581543,-22.64516854286196,42,-39
0.006585121154784712,2.578619956970215,-22.901988267898563,42,-39
0.0048029422760009766,2.583422899246216,-23.0893030166626,42,-39
0.005786895751953125,2.589209794998169,-23.314991950988773,42,-39
0.005940198898314986,2.595149993896484,-23.546659708023057,42,-39
0.0072438716888432175,2.602393865585327,-23.836414575576786,41,-40
0.005728960037231889,2.608122825622559,-24.06557297706606,41,-40
0.006356954574584961,2.614479780197144,-24.31985116004946,41,-40
0.007294178009033203,2.621773958206177,-24.611618280410788,41,-40
0.007236957550048828,2.629010915756226,-24.90109658241274,41,-40
0.007067918777464932,2.636078834533691,-25.18381333351134,41,-40
0.005908966064454013,2.641987800598145,-25.426080942153952,40,-41
0.005206108093260831,2.647193908691406,-25.639531373977647,40,-41
0.006088972091675249,2.653282880783081,-25.88917922973633,40,-41
0.007193088531494141,2.660475969314575,-26.18409585952759,40,-41
0.005092859268188921,2.665568828582764,-26.392903089523337,40,-41
0.005877971649169922,2.671446800231934,-26.633899927139304,40,-41
0.005998134613037109,2.677444934844971,-26.885821580886862,39,-42
0.006137847900389737,2.683582782745361,-27.143611192703233,39,-42
0.005800008773804155,2.689382791519165,-27.387211561203006,39,-42
0.005705118179320845,2.695087909698486,-27.626826524734483,39,-42
0.006614923477173296,2.701702833175659,-27.90465331077576,39,-42
0.011681079864501953,2.713383913040161,-28.395258665084842,39,-42
0.007902860641479936,2.721286773681641,-28.727178812027,39,-42
0.005124092102049893,2.726410865783691,-28.947514772415143,38,-43
0.006045103073121005,2.732455968856812,-29.207454204559347,38,-43
0.005539894104003018,2.737995862960815,-29.445669651031476,38,-43
0.004509925842286044,2.742505788803101,-29.639596462249777,38,-43
0.0054399967193599075,2.747945785522461,-29.873516321182255,38,-43
0.006453037261962891,2.754398822784424,-30.15744996070862,37,-44
0.0061931610107421875,2.760591983795166,-30.429949045181278,37,-44
0.004536867141724077,2.76512885093689,-30.629571199417136,37,-44
0.006660938262939009,2.771789789199829,-30.92265248298645,37,-44
0.006507158279418945,2.778296947479248,-31.208967447280884,37,-44
0.005878925323485884,2.784175872802734,-31.46764016151426,37,-44
0.0068140029907231,2.790989875793457,-31.7742702960968,36,-45
0.006505966186522993,2.79749584197998,-32.067038774490335,36,-45
0.005013942718505859,2.802509784698486,-32.297680139541605,35,-46
0.0050771236419682175,2.807586908340454,-32.531227827072144,35,-46
0.00563287734985396,2.813219785690308,-32.79034018516543,35,-46
0.006250143051147017,2.819469928741455,-33.07784676551819,35,-46
0.006295919418334961,2.82576584815979,-33.3674590587616,35,-46
0.006197929382323775,2.831963777542114,-33.65256381034849,35,-46
0.005144119262696201,2.83710789680481,-33.889193296432516,35,-46
0.006306886672973189,2.843414783477783,-34.185616970062256,34,-47
0.005057096481322798,2.848471879959106,-34.42330050468443,34,-47
0.006609916687012163,2.855081796646118,-34.733966588974,34,-47
0.009081125259399858,2.864162921905518,-35.16986060142519,33,-48
0.00759100914001376,2.871753931045532,-35.53422904014585,33,-48
0.003946065902710405,2.875699996948242,-35.72758626937866,32,-49
0.0055429935455317825,2.881242990493774,-35.99919295310972,32,-49
0.00646996498107999,2.887712955474854,-36.31622123718264,32,-49
0.0054459571838370024,2.893158912658691,-36.58307313919065,32,-49
0.005368947982788086,2.898527860641479,-36.84615159034727,32,-49
0.006057977676392046,2.904585838317871,-37.14299249649048,32,-49
0.009159088134766069,2.913744926452637,-37.60094690322878,31,-50
0.007780075073241743,2.921525001525879,-37.98995065689087,31,-50
0.006058931350708008,2.927583932876587,-38.29289722442627,31,-50
0.005822896957397017,2.933406829833984,-38.58404207229612,31,-50
0.006061077117919922,2.939467906951904,-38.88709592819212,31,-50
0.005739927291870117,2.945207834243774,-39.17409229278562,31,-50
0.007146120071412021,2.952353954315186,-39.53139829635622,31,-50
0.0061528682708740234,2.95850682258606,-39.839041709899924,31,-50
0.005860090255736861,2.964366912841797,-40.13204622268677,31,-50
0.007575035095215288,2.971941947937012,-40.51079797744753,31,-50
0.00618290901184082,2.978124856948853,-40.81994342803957,31,-50
0.0068171024322509766,2.984941959381104,-41.16761565208437,30,-51
0.006151914596557173,2.991093873977661,-41.48136329650879,30,-51
0.004213094711303711,2.995306968688965,-41.69623112678528,30,-51
0.0059778690338130325,3.001284837722778,-42.001102447509744,30,-51
0.005741119384766069,3.007025957107544,-42.29389953613281,30,-51
0.005342960357666016,3.01236891746521,-42.56639051437378,30,-51
0.00620794296264604,3.018576860427856,-42.88299560546873,30,-51
0.005463123321534091,3.02403998374939,-43.167078018188505,29,-52
0.005498886108397993,3.029538869857788,-43.4530200958252,29,-52
0.005966901779174805,3.035505771636963,-43.76329898834229,29,-52
0.00588011741638228,3.041385889053345,-44.06906509399417,29,-52
0.006341934204100674,3.047727823257446,-44.39884567260741,29,-52
0.007811069488526279,3.055538892745972,-44.80502128601077,29,-52
0.0056951045989990234,3.061233997344971,-45.10116672515872,29,-52
0.00614690780639604,3.067380905151367,-45.420805931091316,29,-52
0.005861043930053711,3.073241949081421,-45.72558021545411,29,-52
0.00805592536926314,3.081297874450684,-46.14448833465579,29,-52
0.004835128784178799,3.086133003234863,-46.400750160217264,28,-53
0.0063478946685791016,3.092480897903442,-46.737188577651956,28,-53
0.004932880401612216,3.097413778305054,-46.993698358535795,29,-52
0.007142066955565962,3.10455584526062,-47.37222790718079,28,-53
0.01153206825256392,3.116087913513184,-47.98342752456668,28,-53
0.006226062774657759,3.122313976287842,-48.31340885162354,28,-53
0.006628990173340288,3.128942966461182,-48.664745330810575,28,-53
0.006318807601927823,3.13526177406311,-48.99964213371275,28,-53
0.00653409957885831,3.141795873641968,-49.3524835109711,27,-54
0.007146120071410689,3.148941993713379,-49.73837399482728,27,-54
0.0066089630126953125,3.155550956726074,-50.095257997512824,27,-54
0.006472826004028764,3.162023782730103,-50.444790601730375,27,-54
0.006863117218017134,3.16888689994812,-50.8153989315033,27,-54
0.005500078201293945,3.174386978149414,-51.112403154373176,27,-54
0.007321834564208984,3.181708812713623,-51.50778222084046,27,-54
0.0072710514068599075,3.188979864120483,-51.9004189968109,27,-54
0.006720066070557085,3.19569993019104,-52.26330256462098,27,-54
0.005950927734375,3.201650857925415,-52.58465266227723,27,-54
0.0063970088958740234,3.208047866821289,-52.930091142654426,27,-54
0.006263017654418945,3.214310884475708,-53.26829409599305,27,-54
0.0074269771575927734,3.221737861633301,-53.66935086250306,27,-54
0.009400129318237305,3.231137990951538,-54.17695784568787,27,-54
0.00668787956237793,3.237825870513916,-54.54479122161866,26,-55
0.0066149234771728516,3.244440793991089,-54.90199708938599,27,-54
0.009160041809082031,3.253600835800171,-55.405799388885505,26,-55
0.008213043212891069,3.261813879013062,-55.85751676559451,26,-55
0.00673890113830522,3.268552780151367,-56.2281563282013,26,-55
0.0069620609283447266,3.275514841079712,-56.604107618331916,27,-54
0.003587007522583008,3.279101848602295,-56.80139303207398,26,-55
0.005155086517333984,3.284256935119629,-57.08492279052735,26,-55
0.006403923034667969,3.290660858154297,-57.43713855743409,26,-55
0.0048389434814453125,3.295499801635742,-57.70328044891358,26,-55
0.006227016448974609,3.301726818084717,-58.045766353607185,26,-55
0.007313966751098189,3.309040784835815,-58.44803452491759,26,-55
0.007383108139038974,3.316423892974854,-58.85410547256473,26,-55
0.006890058517456055,3.32331395149231,-59.233058691024816,26,-55
0.0058498382568359375,3.329163789749146,-59.55479979515079,26,-55
0.006844043731689009,3.336007833480835,-59.93122220039369,26,-55
0.007053136825561079,3.343060970306396,-60.31914472579955,26,-55
0.0050308704376229585,3.348091840744019,-60.59584259986882,26,-55
0.005955934524536133,3.354047775268555,-60.923418998718304,26,-55
0.005349159240721768,3.359396934509277,-61.217622756958,26,-55
0.005897045135498047,3.365293979644775,-61.54196023941039,26,-55
0.0076138973236088425,3.372907876968384,-61.96072459220888,26,-55
0.006370067596435103,3.379277944564819,-62.31107831001281,26,-55
0.006186008453369141,3.385463953018188,-62.65749478340148,25,-56
0.005555868148804155,3.391019821166992,-62.96862339973451,25,-56
0.0046820640563969285,3.395701885223389,-63.23081898689274,25,-56
0.006145000457762784,3.401846885681152,-63.57493901252746,25,-56
0.006134986877442294,3.407981872558594,-63.91849827766423,25,-56
0.0062448978424067825,3.414226770401001,-64.268212556839,25,-56
0.006703138351439986,3.420929908752441,-64.64358830451964,25,-56
0.004417896270751953,3.425347805023193,-64.89099049568175,25,-56
0.006163120269776279,3.431510925292969,-65.23612523078921,25,-56
0.006459951400756836,3.437970876693726,-65.5978825092316,25,-56
0.006308078765869141,3.444278955459595,-65.95113492012027,25,-56
0.0048508644103999465,3.449129819869995,-66.22278332710266,25,-56
0.005128145217895952,3.454257965087891,-66.50995945930484,25,-56
0.007506847381590909,3.461764812469482,-66.93034291267392,25,-56
0.005896091461182085,3.467660903930664,-67.26052403450012,25,-56
0.0058329105377197266,3.473493814468384,-67.58716702461243,25,-56
0.005622148513794389,3.479115962982178,-67.90200734138492,25,-56
0.006346940994261807,3.48546290397644,-68.25743603706357,25,-56
0.006340980529786044,3.491803884506226,-68.6125309467316,25,-56
0.007714986801147017,3.499518871307373,-69.04457020759583,25,-56
0.005858898162841797,3.505377769470215,-69.37266850471497,25,-56
0.009978055953979048,3.515355825424194,-69.93143963813779,25,-56
0.00632500648498624,3.52168083190918,-70.28564000129703,25,-56
0.00974416732788086,3.531424999237061,-70.83131337165835,25,-56
0.004265785217285156,3.535690784454346,-71.07446312904361,24,-57
0.006342172622679776,3.542032957077026,-71.42962479591367,25,-56
0.006850957870484287,3.54888391494751,-71.82012939453128,24,-57
0.004544973373412642,3.553428888320923,-72.07464790344238,25,-56
0.005749940872191939,3.559178829193115,-72.40239453315732,24,-57
0.00691008567810103,3.566088914871216,-72.78935933113098,25,-56
0.007175922393799272,3.573264837265015,-73.19838690757754,24,-57
0.007982015609740767,3.581246852874756,-73.65336179733276,24,-57
0.00722813606262207,3.588474988937378,-74.06536555290222,24,-57
0.004539012908935103,3.593014001846313,-74.32408928871152,24,-57
0.004891872406005859,3.597905874252319,-74.60292601585385,24,-57
0.005703926086426225,3.603609800338745,-74.92804980278015,24,-57
0.0055429935455317825,3.609152793884277,-75.24400043487546,24,-57
0.00653409957885831,3.615686893463135,-75.61644411087039,24,-57
0.006231069564818892,3.621917963027954,-75.97161507606506,24,-57
0.005352973937987837,3.627270936965942,-76.27673459053037,24,-57
0.005177021026612216,3.632447957992554,-76.57182478904727,24,-57
0.005224943161009854,3.637672901153564,-76.86964654922483,24,-57
0.006260871887207031,3.643933773040771,-77.22651624679563,24,-57
0.005571126937867099,3.649504899978638,-77.54407048225406,24,-57
0.006892919540404829,3.656397819519043,-77.93696689605713,24,-57
0.007440090179442915,3.663837909698486,-78.36105203628537,24,-57
0.0073659420013432175,3.671203851699829,-78.78091073036194,24,-57
0.004183053970336914,3.675386905670166,-79.01934480667114,24,-57
0.006147861480712891,3.681534767150879,-79.36977291107178,24,-57
0.006056070327759233,3.687590837478638,-79.71496891975406,24,-57
0.005792140960692915,3.693382978439331,-80.04512095451355,24,-57
0.0059108734130859375,3.699293851852417,-80.38204073905945,24,-57
0.005363941192626953,3.704657793045044,-80.68778538703918,24,-57
0.006793022155762163,3.711450815200806,-81.07498764991763,24,-57
0.00663208961486772,3.718082904815674,-81.45301675796509,24,-57
0.00596308708190918,3.724045991897583,-81.79291272163391,24,-57
0.004355907440185991,3.728401899337769,-82.04119944572452,24,-57
0.005270004272460049,3.733671903610229,-82.34158968925473,24,-57
0.006793975830079013,3.740465879440308,-82.72884631156924,24,-57
0.004914045333861861,3.74537992477417,-83.00894689559937,24,-57
0.006469011306763139,3.751848936080933,-83.37768054008487,24,-57
0.007073879241942915,3.758922815322876,-83.78089165687561,24,-57
0.006177186965941939,3.765100002288818,-84.1329913139343,24,-57
0.007809877395629883,3.772909879684448,-84.5781543254852,24,-57
0.0035290718078622163,3.77643895149231,-84.77931141853335,24,-57
0.006078958511352095,3.782517910003662,-85.12581205368042,24,-57
0.005182027816772905,3.787699937820435,-85.42636966705325,23,-58
0.006001949310301846,3.793701887130737,-85.76848077774045,24,-57
0.005551099777222124,3.799252986907959,-86.08489346504211,24,-57
0.0059528350830078125,3.805205821990967,-86.42420506477356,24,-57
0.008489131927490234,3.813694953918457,-86.9080855846405,24,-57
0.008023023605347124,3.821717977523804,-87.37342095375064,23,-58
0.005920886993407759,3.827638864517212,-87.71683239936829,23,-58
0.005599975585937056,3.833238840103149,-88.04163098335263,23,-58
0.005715131759643999,3.838953971862793,-88.37310862541199,23,-58
0.005996942520142046,3.844950914382935,-88.72093129158023,23,-58
0.007559061050415039,3.85250997543335,-89.1593568325043,23,-58
0.006021022796629971,3.85853099822998,-89.50857615470883,23,-58
0.005678892135621005,3.864209890365601,-89.83795189857486,23,-58
0.007540941238402876,3.871750831604004,-90.27532649040222,23,-58
0.006747961044311079,3.878498792648315,-90.66670823097226,23,-58
0.005698204040528232,3.884196996688843,-90.9972040653229,23,-58
0.0070579051971426665,3.891254901885986,-91.40656256675717,23,-58
0.00337004661560103,3.894624948501587,-91.60202527046204,23,-58
0.007804870605469194,3.902429819107056,-92.05470776557925,23,-58
0.009220123291014737,3.911649942398071,-92.5894749164581,23,-58
0.0041120052337650925,3.915761947631836,-92.82797122001648,23,-58
0.007583856582642046,3.923345804214478,-93.26783490180972,23,-58
0.004816055297851118,3.928161859512329,-93.54716610908508,23,-58
0.00535893440246582,3.933520793914795,-93.8579843044281,23,-58
0.006873130798340288,3.940393924713135,-94.25662589073184,23,-58
0.004997968673705611,3.945391893386841,-94.54650807380676,23,-58
0.006464004516601118,3.951855897903442,-94.92142033576962,23,-58
0.0061049461364750535,3.957960844039917,-95.27550721168518,23,-58
0.0063250064849849075,3.964285850524902,-95.6423575878143,23,-58
0.004840135574341264,3.969125986099243,-95.9230854511261,23,-58
0.005366802215575728,3.974492788314819,-96.23435997962949,23,-58
0.0066339969635009766,3.98112678527832,-96.61913180351254,23,-58
0.006191015243531162,3.987317800521851,-96.97821068763736,23,-58
0.005753993988037109,3.993071794509888,-97.31194233894351,23,-58
0.0062639713287349075,3.999335765838623,-97.67525267601013,23,-58
0.0070400238037109375,4.006375789642334,-98.08357405662537,23,-58
0.007750034332275391,4.014125823974609,-98.53307604789734,23,-58
0.007709980010986328,4.021835803985596,-98.97254490852356,24,-57
0.0067059993743896484,4.028541803359985,-99.35478687286377,24,-57
0.00605010986328125,4.034591913223267,-99.6996431350708,24,-57
0.007289886474609375,4.041881799697876,-100.11516666412354,24,-57
0.006520986557006836,4.048402786254883,-100.48686289787292,24,-57
0.006069183349609375,4.054471969604492,-100.83280634880066,24,-57
0.0055119991302490234,4.059983968734741,-101.14699029922485,24,-57
0.0054738521575927734,4.065457820892334,-101.45899987220764,24,-57
0.005877971649169922,4.071335792541504,-101.79404425621033,24,-57
0.0066070556640625,4.077942848205566,-102.17064642906189,24,-57
0.006567955017089844,4.084510803222656,-102.54501986503601,24,-57
0.007348060607910156,4.091858863830566,-102.96385931968689,24,-57
0.0067000389099129976,4.098558902740479,-103.34576153755194,24,-57
0.0069510936737051665,4.105509996414185,-103.74197387695312,24,-57
0.007415771484375,4.11292576789856,-104.15725708007812,25,-56
0.006082057952880859,4.11900782585144,-104.49785232543945,25,-56
0.007945060729980469,4.126952886581421,-104.94277572631836,25,-56
0.006675004959106445,4.133627891540527,-105.31657600402832,25,-56
0.00414609909057706,4.137773990631104,-105.54875755310064,25,-56
0.005711793899535245,4.14348578453064,-105.86861801147461,25,-56
0.0059931278228759766,4.149478912353516,-106.20423316955566,25,-56
0.007057905197143555,4.156536817550659,-106.5994758605957,25,-56
0.006905078887939453,4.163441896438599,-106.98616027832031,25,-56
0.0061109066009521484,4.169552803039551,-107.32837104797363,25,-56
0.004551172256470615,4.174103975296021,-107.583236694336,25,-56
0.006448984146117276,4.180552959442139,-107.94437980651855,25,-56
0.004920005798340732,4.185472965240479,-108.21990013122564,25,-56
0.006577014923094815,4.192049980163574,-108.58163595199586,26,-55
0.0065538883209228516,4.198603868484497,-108.94209980964662,26,-55
0.006662130355834961,4.205265998840332,-109.30851697921754,26,-55
0.007768869400023526,4.213034868240356,-109.73580479621884,26,-55
0.006282091140748847,4.219316959381104,-110.08131980896003,26,-55
0.00604987144470126,4.225366830825806,-110.41406273841861,26,-55
0.00616908073425293,4.231535911560059,-110.75336217880252,26,-55
0.004905939102171963,4.236441850662231,-111.02318882942198,26,-55
0.005458116531373847,4.241899967193604,-111.32338523864755,26,-55
0.005766868591307706,4.247666835784912,-111.64056301116948,26,-55
0.005857944488526279,4.253524780273438,-111.96274995803842,26,-55
0.0059630870819082915,4.259487867355347,-112.29071974754338,26,-55
0.00569605827331543,4.265183925628662,-112.60400295257573,26,-55
0.006403923034667969,4.27158784866333,-112.95621871948246,26,-55
0.006533145904541016,4.278120994567871,-113.31554174423222,26,-55
0.006488800048828125,4.284609794616699,-113.67242574691777,26,-55
0.007377147674560547,4.29198694229126,-114.0781688690186,26,-55
0.004454851150511807,4.296441793441772,-114.32318568229675,26,-55
0.005289077758790839,4.301730871200562,-114.61408495903025,26,-55
0.006241083145140713,4.307971954345703,-114.957344532013,26,-55
0.01602792739868164,4.323999881744385,-115.8228526115418,27,-54
0.011017084121704102,4.335016965866089,-116.41777515411383,27,-54
0.006624937057495117,4.341641902923584,-116.77552175521856,27,-54
0.0073320865631103516,4.348973989486694,-117.17145442962652,27,-54
0.006379842758178711,4.355353832244873,-117.51596593856817,27,-54
0.006636142730712891,4.361989974975586,-117.87431764602667,27,-54
0.006615877151489258,4.368605852127075,-118.23157501220709,27,-54
0.005981922149658203,4.374587774276733,-118.55459880828863,27,-54
0.007218122482299805,4.381805896759033,-118.94437742233282,27,-54
0.007323026657104492,4.389128923416138,-119.33249783515936,28,-53
0.004101991653442383,4.39323091506958,-119.55400538444525,27,-54
0.005800962448120117,4.3990318775177,-119.86145639419561,28,-53
0.006203889846801758,4.405235767364502,-120.1902625560761,28,-53
0.0063152313232421875,4.411550998687744,-120.52496981620794,28,-53
0.006295919418334961,4.417846918106079,-120.8586535453797,28,-53
0.006320953369140625,4.42416787147522,-121.19366407394415,28,-53
0.007188081741333008,4.431355953216553,-121.56744432449347,29,-52
0.006114006042480469,4.437469959259033,-121.88537263870245,29,-52
0.006783962249755859,4.444253921508789,-122.23813867568975,29,-52
0.007720947265625,4.451974868774414,-122.63962793350225,29,-52
0.007209062576293945,4.459183931350708,-123.01449918746954,29,-52
0.005425930023193359,4.464609861373901,-123.2912216186524,30,-51
0.007177114486694336,4.471786975860596,-123.65725445747381,30,-51
0.004835844039916992,4.476622819900513,-123.90388250350958,30,-51
0.00543212890625,4.482054948806763,-124.18092107772833,30,-51
0.005766868591308594,4.487821817398071,-124.47503137588507,30,-51
0.008229970932006836,4.496051788330078,-124.88652992248541,31,-50
0.005288124084472656,4.501339912414551,-125.15093612670904,31,-50
0.006167888641357422,4.507507801055908,-125.45933055877691,31,-50
0.005474090576171875,4.51298189163208,-125.7330350875855,31,-50
0.0060460567474365234,4.519027948379517,-126.03533792495733,31,-50
0.007545948028564453,4.526573896408081,-126.41263532638555,31,-50
0.007977962493897373,4.534551858901978,-126.80355548858653,32,-49
0.007364988327025479,4.541916847229004,-127.16443991661077,32,-49
0.007100105285644531,4.549016952514648,-127.51234507560736,32,-49
0.0072438716888427734,4.556260824203491,-127.86729478836065,32,-49
0.006204128265380859,4.562464952468872,-128.17129707336431,32,-49
0.0055370330810546875,4.568001985549927,-128.442611694336,32,-49
0.004621982574462891,4.57262396812439,-128.66908884048468,32,-49
0.005897998809814453,4.578521966934204,-128.95809078216558,32,-49
0.0047719478607177734,4.583293914794922,-129.18714427948004,33,-48
0.008261919021606445,4.591555833816528,-129.58371639251715,33,-48
0.005908012390136719,4.597463846206665,-129.8673009872437,33,-48
0.007033109664916992,4.604496955871582,-130.1978571414948,34,-47
0.007951974868773526,4.612448930740356,-130.57159996032718,34,-47
0.0060799121856698335,4.618528842926025,-130.85735583305365,34,-47
0.006060123443603516,4.624588966369629,-131.142181634903,34,-47
0.007246971130371094,4.6318359375,-131.48278927803045,34,-47
0.004766941070556641,4.636602878570557,-131.70683550834661,34,-47
0.005640983581542969,4.6422438621521,-131.9663207530976,35,-46
0.005355119705200195,4.6475989818573,-132.2126562595368,35,-46
0.006627798080444336,4.654226779937744,-132.51753497123724,35,-46
0.007014036178588867,4.661240816116333,-132.84018063545233,35,-46
0.006426095962524414,4.667666912078857,-133.12935495376593,36,-45
0.0066030025482177734,4.674269914627075,-133.43309307098394,35,-46
0.007642984390258789,4.681912899017334,-133.7770273685456,36,-45
0.006644010543823242,4.688556909561157,-134.07600784301763,36,-45
0.006030082702636719,4.694586992263794,-134.3473615646363,36,-45
0.007308959960936612,4.701895952224731,-134.67626476287845,36,-45
0.007303953170777255,4.709199905395508,-134.99763870239263,37,-44
0.004266023635864258,4.713465929031372,-135.18534374237066,37,-44
0.008482933044433594,4.721948862075806,-135.55859279632574,37,-44
0.006097078323364258,4.72804594039917,-135.82686424255377,37,-44
0.006501913070678711,4.734547853469849,-136.11294841766363,37,-44
0.006987094879150391,4.741534948348999,-136.42038059234625,37,-44
0.007736921310424805,4.749271869659424,-136.75306820869451,38,-43
0.007097005844116211,4.75636887550354,-137.0582394599915,38,-43
0.009028911590576172,4.765397787094116,-137.4464826583863,38,-43
0.007737159729003906,4.77313494682312,-137.77144336700445,39,-42
0.006042003631591797,4.779176950454712,-138.0252075195313,39,-42
0.0059528350830078125,4.78512978553772,-138.27522659301763,39,-42
0.0065610408782958984,4.791690826416016,-138.55079030990606,39,-42
0.008295059204101562,4.799985885620117,-138.89918279647833,39,-42
0.0057430267333984375,4.805728912353516,-139.14038991928106,39,-42
0.006927967071533203,4.812656879425049,-139.43136453628546,39,-42
0.008614063262939453,4.821270942687988,-139.78454113006597,40,-41
0.007231950759887695,4.828502893447876,-140.08105111122137,40,-41
0.0060749053955078125,4.834577798843384,-140.3301222324372,40,-41
0.008524179458618164,4.843101978302002,-140.67961359024054,40,-41
0.0033469200134277344,4.84644889831543,-140.81683731079107,40,-41
0.005189895629883701,4.851638793945313,-141.0244331359864,41,-40
0.006165027618407315,4.857803821563721,-141.2710342407227,41,-40
0.0055980682373046875,4.863401889801025,-141.4949569702149,41,-40
0.005639076232911044,4.869040966033936,-141.72052001953134,41,-40
0.006886959075926846,4.875927925109863,-141.9891114234925,42,-39
0.006109952926635742,4.882037878036499,-142.22739958763128,42,-39
0.006505966186522549,4.888543844223022,-142.48113226890567,42,-39
0.006052970886231357,4.894596815109253,-142.71719813346868,42,-39
0.009140968322753906,4.903737783432007,-143.0736958980561,42,-39
0.007665157318115234,4.911402940750122,-143.36497187614447,43,-38
0.006585836410523349,4.917988777160645,-143.61523365974435,43,-38
0.006548166275023526,4.924536943435669,-143.86406397819525,43,-38
0.007340908050537109,4.931877851486206,-144.14301848411566,43,-38
0.0067250728607177734,4.938602924346924,-144.39857125282293,43,-38
0.005321979522705078,4.943924903869629,-144.59548449516302,44,-37
0.004611015319824219,4.948535919189453,-144.76609206199652,44,-37
0.005884885787963867,4.954420804977417,-144.98383283615118,44,-37
0.006175041198729581,4.960595846176147,-145.21230936050418,44,-37
0.004894971847535068,4.965490818023682,-145.39342331886297,44,-37
0.006348133087158203,4.97183895111084,-145.62830424308783,44,-37
0.00766301155090332,4.979501962661743,-145.91183567047125,44,-37
0.0037889480590820312,4.983290910720825,-146.05202674865728,44,-37
0.0058269500732421875,4.989117860794067,-146.26762390136724,44,-37
0.006250143051147461,4.995368003845215,-146.49262905120855,45,-36
0.005890846252441406,5.001258850097656,-146.70469951629644,45,-36
0.006654024124145508,5.007912874221802,-146.94424438476568,45,-36
0.008584976196289062,5.016497850418091,-147.2533035278321,45,-36
0.005769968032836914,5.022267818450928,-147.45525240898138,46,-35
0.0055921077728271484,5.027859926223755,-147.65097618103033,46,-35
0.0057299137115478516,5.033589839935303,-147.8515231609345,46,-35
0.005609989166260654,5.039199829101563,-148.04226279258737,47,-34
0.005936145782469815,5.045135974884033,-148.24409174919134,47,-34
0.006752967834472656,5.051888942718506,-148.4736926555634,47,-34
0.007235050201416016,5.059123992919922,-148.71968436241156,47,-34
0.00550079345703125,5.064624786376953,-148.90671133995062,47,-34
0.007066011428833008,5.071690797805786,-149.1398897171021,48,-33
0.0043261051177978516,5.076016902923584,-149.28265118598944,48,-33
0.005486011505126953,5.081502914428711,-149.46368956565863,48,-33
0.0062389373779296875,5.087741851806641,-149.6695744991303,48,-33
0.0054819583892822266,5.093223810195923,-149.84499716758734,49,-32
0.006112098693848544,5.099335908889771,-150.0405843257905,49,-32
0.007024049758910245,5.106359958648682,-150.26535391807562,49,-32
0.006003856658935547,5.112363815307617,-150.45747733116156,49,-32
0.011371135711669922,5.123734951019287,-150.80998253822332,50,-31
0.007904052734375,5.131639003753662,-151.05500817298895,50,-31
0.003495931625366211,5.135134935379028,-151.1633820533753,50,-31
0.006309986114501953,5.14144492149353,-151.35268163681036,51,-30
0.0062139034271240234,5.147658824920654,-151.53909873962408,51,-30
0.005814075469970703,5.153472900390625,-151.7135210037232,51,-30
0.006043910980224609,5.15951681137085,-151.88879442214972,52,-29
0.005613088607788086,5.165129899978638,-152.05157399177557,52,-29
0.0073549747467041016,5.172484874725342,-152.26486825943,52,-29
0.006134986877441406,5.178619861602783,-152.4427828788758,52,-29
0.0052590370178213774,5.183878898620605,-152.5952949523926,52,-29
0.005431890487671787,5.189310789108276,-152.74738788604742,53,-28
0.005995035171508789,5.195305824279785,-152.91524887084967,53,-28
0.006381988525390625,5.201687812805176,-153.0939445495606,53,-28
0.006214141845703125,5.207901954650879,-153.2617263793946,54,-27
0.005760908126831055,5.21366286277771,-153.41727089881903,54,-27
0.0077440738677978516,5.221406936645508,-153.61861681938177,55,-26
0.007061958312988281,5.228468894958496,-153.80222773551947,55,-26
0.007103919982910156,5.235572814941406,-153.98692965507513,55,-26
0.0059621334075927734,5.241534948348999,-154.14194512367254,55,-26
0.006453037261962891,5.247987985610962,-154.30972409248358,55,-26
0.007525920867919922,5.255513906478882,-154.49787211418158,56,-25
0.00675201416015625,5.262265920639038,-154.66667246818548,56,-25
0.006738901138305664,5.269004821777344,-154.83514499664312,56,-25
0.007308006286621094,5.276312828063965,-155.01053714752203,57,-24
0.004825115203857422,5.281137943267822,-155.1263399124146,57,-24
0.005460977554322177,5.286598920822144,-155.25740337371835,57,-24
0.00579190254211337,5.292390823364258,-155.39640903472906,57,-24
0.005716085433959961,5.298106908798218,-155.5335950851441,57,-24
0.005899906158447266,5.304006814956665,-155.6692929267884,58,-23
0.006960153579711914,5.310966968536377,-155.82937645912176,58,-23
0.0064678192138671875,5.317434787750244,-155.9781363010407,58,-23
0.007737159729003906,5.325171947479248,-156.1560909748078,58,-23
0.0072879791259765625,5.332459926605225,-156.31642651557928,59,-22
0.008116960525512695,5.340576887130737,-156.48688268661505,60,-21
0.00589299201965332,5.346469879150391,-156.61063551902777,60,-21
0.004815101623535156,5.351284980773926,-156.711752653122,60,-21
0.005828857421875,5.357113838195801,-156.83415865898138,60,-21
0.0062029361724853516,5.363316774368286,-156.96442031860357,60,-21
0.007218122482299805,5.370534896850586,-157.10878276824957,61,-20
0.005918979644775391,5.376453876495361,-157.22716236114508,61,-20
0.0055620670318603516,5.382015943527222,-157.33840370178228,61,-20
0.00609588623046875,5.38811182975769,-157.4542255401612,62,-19
0.004820108413696289,5.392931938171387,-157.54580760002142,62,-19
0.005234956741333008,5.39816689491272,-157.64527177810675,62,-19
0.007294893264770508,5.40546178817749,-157.7838747501374,62,-19
0.006972074508666992,5.412433862686157,-157.91634416580206,62,-19
0.00530695915222168,5.417740821838379,-158.01186943054205,63,-18
0.008294105529785156,5.426034927368164,-158.16116333007818,63,-18
0.005441904067993164,5.431476831436157,-158.25911760330206,63,-18
0.008435964584350586,5.439912796020508,-158.40252900123602,64,-17
0.007822036743164062,5.447734832763672,-158.52768158912664,65,-16
0.0073490142822265625,5.455083847045898,-158.64526581764227,65,-16
0.0066390037536629976,5.461722850799561,-158.7448508739472,66,-15
0.004333019256590909,5.466055870056152,-158.80984616279608,66,-15
0.006303071975708008,5.47235894203186,-158.9043922424317,66,-15
0.005251884460449219,5.47761082649231,-158.98317050933844,66,-15
0.00609898567199707,5.483709812164307,-159.0746552944184,66,-15
0.007857084274291992,5.491566896438599,-159.18465447425848,67,-14
0.004745006561279297,5.496311902999878,-159.2510845661164,67,-14
0.007075071334838867,5.503386974334717,-159.35013556480413,67,-14
0.005789995193481445,5.509176969528198,-159.4254055023194,68,-13
0.007371902465821201,5.516548871994019,-159.52124023437506,68,-13
0.005279064178465909,5.521827936172485,-159.58986806869513,68,-13
0.005097866058349609,5.526925802230835,-159.65104246139532,69,-12
0.005530118942260742,5.532455921173096,-159.71740388870245,69,-12
0.006882905960083008,5.539338827133179,-159.79999876022345,69,-12
0.008365154266357422,5.547703981399536,-159.90038061141973,69,-12
0.007452964782714844,5.555156946182251,-159.9823632240296,70,-11
0.005841970443725586,5.560998916625977,-160.04662489891058,70,-11
0.006521940231323242,5.5675208568573,-160.11836624145513,70,-11
0.006762981414794922,5.574283838272095,-160.18599605560308,71,-10
0.00757598876953125,5.581859827041626,-160.2617559432984,71,-10
0.009681940078735352,5.591541767120361,-160.35857534408575,71,-10
0.0064961910247802734,5.598037958145142,-160.42353725433355,71,-10
0.007196903228759766,5.605234861373901,-160.4883093833924,72,-9
0.00797700881957919,5.613211870193481,-160.5601024627686,72,-9
0.00825405120849787,5.621465921401978,-160.62613487243658,73,-8
0.0023989677429181455,5.623864889144897,-160.64772558212283,72,-9
0.007931947708130771,5.631796836853027,-160.71118116378787,73,-8
0.009623050689697266,5.641419887542725,-160.78816556930545,73,-8
0.006947994232177734,5.648367881774902,-160.8368015289307,74,-7
0.006969928741455078,5.655337810516357,-160.88559103012088,74,-7
0.006730079650878906,5.662067890167236,-160.93270158767703,74,-7
0.009171009063720703,5.671238899230957,-160.99689865112308,74,-7
0.006063938140869141,5.677302837371826,-161.0332822799683,75,-6
0.006687164306640625,5.683990001678467,-161.07340526580813,75,-6
0.004285812377928799,5.688275814056396,-161.0991201400757,75,-6
0.00576806068420499,5.694043874740601,-161.13372850418094,75,-6
0.008376121520996094,5.702419996261597,-161.1839852333069,75,-6
0.00586390495300293,5.7082839012146,-161.21916866302493,75,-6
0.005842924118041992,5.714126825332642,-161.25422620773318,75,-6
0.0073201656341552734,5.721446990966797,-161.29082703590396,76,-5
0.0060498714447021484,5.727496862411499,-161.32107639312747,76,-5
0.005837917327880859,5.73333477973938,-161.35026597976687,76,-5
0.006038188934326172,5.739372968673706,-161.3804569244385,76,-5
0.0070319175720223726,5.746404886245728,-161.4156165122986,76,-5
0.0055298805236807524,5.751934766769409,-161.44326591491702,76,-5
0.007513999938964844,5.759448766708374,-161.47332191467288,77,-4
0.00793910026550293,5.767387866973877,-161.5050783157349,77,-4
0.006670951843261719,5.774058818817139,-161.53176212310794,77,-4
0.007752180099487305,5.781810998916626,-161.5550186634064,78,-3
0.0066928863525390625,5.788503885269165,-161.57509732246402,78,-3
0.007769107818604404,5.796272993087769,-161.59063553810122,79,-2
0.008209943771361417,5.804482936859131,-161.60705542564395,79,-2
0.008888959884643555,5.813371896743774,-161.6159443855286,80,-1
0.004107952117919922,5.817479848861694,-161.6200523376465,80,-1
0.005707979202270508,5.823187828063965,-161.62576031684878,80,-1
0.00608396530151456,5.829271793365479,-161.62576031684878,81,0
0.008594036102294034,5.837865829467773,-161.62576031684878,81,0
0.0066339969635009766,5.844499826431274,-161.62576031684878,81,0
0.007956981658935547,5.85245680809021,-161.61780333518985,82,1
0.006034135818481445,5.858490943908691,-161.61176919937137,82,1
0.006567955017089844,5.865058898925781,-161.60520124435428,82,1
0.004869937896728516,5.86992883682251,-161.60033130645755,82,1
0.005582094192504883,5.875510931015015,-161.59474921226504,82,1
0.005903959274291992,5.881414890289307,-161.58294129371646,83,2
0.006092071533203125,5.88750696182251,-161.57075715065005,83,2
0.005906820297241211,5.893413782119751,-161.55894351005557,83,2
0.009947061538696289,5.903360843658447,-161.53904938697818,83,2
0.007910013198852539,5.9112708568573,-161.52322936058047,83,2
0.007133007049560547,5.91840386390686,-161.50896334648135,83,2
0.004193067550660068,5.92259693145752,-161.49638414382937,84,3
0.00874304771423251,5.931339979171753,-161.4788980484009,83,2
0.004063844680786133,5.935403823852539,-161.47077035903934,83,2
0.008851051330565518,5.944254875183105,-161.44421720504764,84,3
0.00873589515686124,5.952990770339966,-161.42674541473392,83,2
0.00881505012512207,5.961805820465088,-161.40030026435855,84,3
0.007303953170776367,5.969109773635864,-161.385692358017,83,2
0.00716710090637207,5.976276874542236,-161.37135815620425,83,2
0.007035970687867099,5.983312845230103,-161.35025024414065,84,3
0.008458137512206143,5.99177098274231,-161.32487583160403,84,3
0.0072917938232421875,5.999062776565552,-161.31029224395755,83,2
0.007481098175048828,6.006543874740601,-161.29533004760745,83,2
0.010885000228881836,6.017428874969482,-161.2735600471497,83,2
0.00654911994934082,6.023977994918823,-161.260461807251,83,2
0.007854938507080078,6.031832933425903,-161.24475193023684,83,2
0.007256984710693359,6.039089918136597,-161.23023796081546,83,2
0.006193876266479492,6.045283794403076,-161.2178502082825,83,2
0.005243062973022461,6.050526857376099,-161.20736408233645,83,2
0.004940032958984375,6.055466890335083,-161.19748401641849,83,2
0.005903005599975586,6.061369895935059,-161.18567800521853,83,2
0.006151914596557617,6.067521810531616,-161.17337417602542,83,2
0.005707979202270508,6.073229789733887,-161.16195821762088,83,2
0.005750179290771484,6.078979969024658,-161.15045785903934,83,2
0.0066869258880615234,6.08566689491272,-161.13039708137515,84,3
0.009535074234009677,6.095201969146729,-161.10179185867312,84,3
0.007419824600218838,6.102621793746948,-161.07953238487246,84,3
0.0054721832275390625,6.108093976974487,-161.0685880184174,83,2
0.00427699089050293,6.11237096786499,-161.05575704574588,84,3
0.005707979202270508,6.118078947067261,-161.04434108734134,83,2
0.0081939697265625,6.126272916793823,-161.01975917816165,84,3
0.0057070255279541016,6.131979942321777,-161.0026381015778,84,3
0.0057518482208260835,6.137731790542603,-160.9853825569153,84,3
0.008718013763426846,6.14644980430603,-160.95922851562503,84,3
0.0069811344146728516,6.153430938720703,-160.938285112381,84,3
0.003911018371582031,6.157341957092285,-160.92655205726626,84,3
0.005906820297241211,6.163248777389526,-160.90883159637454,84,3
0.01065516471862793,6.173903942108154,-160.87686610221866,84,3
0.008590936660766602,6.182494878768921,-160.85109329223636,84,3
0.006745100021362305,6.189239978790283,-160.83085799217227,84,3
0.009305000305175781,6.198544979095459,-160.80294299125674,84,3
0.0060138702392578125,6.204558849334717,-160.78490138053897,84,3
0.007353067398071289,6.211911916732788,-160.76284217834475,84,3
0.008656024932861328,6.220567941665649,-160.74553012847903,83,2
0.002786874771118164,6.223354816436768,-160.73716950416568,84,3
0.008516073226928711,6.231870889663696,-160.7116212844849,84,3
0.006535053253173828,6.23840594291687,-160.69855117797854,83,2
0.006746053695678711,6.245151996612549,-160.6783130168915,84,3
0.006294965744018555,6.251446962356567,-160.65942811965945,84,3
0.005501985549926758,6.256948947906494,-160.64292216300967,84,3
0.006186008453369141,6.263134956359863,-160.62436413764956,84,3
0.008229970932006836,6.27136492729187,-160.59967422485354,84,3
0.006752967834472656,6.278117895126343,-160.57941532135013,84,3
0.00623202323913663,6.284349918365479,-160.56071925163272,84,3
0.007438898086546963,6.291788816452026,-160.53840255737308,84,3
0.003328084945678711,6.295116901397705,-160.52841830253604,84,3
0.005999088287353516,6.301115989685059,-160.51042103767398,84,3
0.005311012268066406,6.306427001953125,-160.49448800086978,84,3
0.007445812225341797,6.313872814178467,-160.47215056419375,84,3
0.010097980499267578,6.323970794677734,-160.44185662269595,84,3
0.0011181831359863281,6.325088977813721,-160.438502073288,84,3
0.006701946258544922,6.331790924072266,-160.41839623451236,84,3
0.009486913681030273,6.341277837753296,-160.38993549346927,84,3
0.0022051334381103516,6.343482971191406,-160.38332009315494,84,3
0.007944822311401367,6.351427793502808,-160.35948562622073,84,3
0.006870985031128818,6.358298778533936,-160.33887267112735,84,3
0.0062890052795401274,6.364587783813477,-160.32000565528872,84,3
0.007269144058227539,6.371856927871704,-160.29819822311404,84,3
0.007443904876708984,6.379300832748413,-160.27586650848392,84,3
0.004661083221435547,6.383961915969849,-160.2618832588196,84,3
0.005101919174194336,6.389063835144043,-160.24657750129703,84,3
0.005326032638549805,6.394389867782593,-160.23059940338138,84,3
0.009238958358764648,6.403628826141357,-160.20288252830508,84,3
0.008043050765991211,6.411671876907349,-160.1787533760071,84,3
0.003824949264526367,6.415496826171875,-160.16727852821353,84,3
0.006378173828125,6.421875,-160.14814400672915,84,3
0.005991935729979581,6.42786693572998,-160.1301681995392,84,3
0.005777835845948154,6.433644771575928,-160.11283469200137,84,3
0.005702018737792969,6.439346790313721,-160.095728635788,84,3
0.00719904899597168,6.446545839309692,-160.07413148880008,84,3
0.010024070739745206,6.456569910049438,-160.04405927658084,84,3
0.0079839229583758,6.464553833007813,-160.02010750770572,84,3
0.007256031036375177,6.471809864044189,-159.9983394145966,84,3
0.00713992118835538,6.478949785232544,-159.97691965103152,84,3
0.005977153778076172,6.48492693901062,-159.9589881896973,84,3
0.007585048675537109,6.492511987686157,-159.93623304367068,84,3
0.005488872528076172,6.498000860214233,-159.91976642608645,84,3
0.005991935729980469,6.503992795944214,-159.9017906188965,84,3
0.004868984222412109,6.508861780166626,-159.88718366622928,84,3
0.005115032196044922,6.513976812362671,-159.87183856964114,84,3
0.00966501235961914,6.52364182472229,-159.84284353256228,84,3
0.0058269500732421875,6.529468774795532,-159.82536268234256,84,3
0.005904197692871094,6.535372972488403,-159.80765008926394,84,3
0.00656580924987793,6.541938781738281,-159.7879526615143,84,3
0.006577014923095703,6.548515796661377,-159.76822161674502,84,3
0.00601315498351962,6.554528951644897,-159.75018215179446,84,3
0.007266998291016513,6.561795949935913,-159.72838115692142,84,3
0.0067179203033447266,6.568513870239258,-159.70822739601138,84,3
0.011013031005859375,6.579526901245117,-159.6751883029938,84,3
0.012134075164794922,6.591660976409912,-159.63878607749942,84,3
0.006029844284057617,6.59769082069397,-159.62069654464725,84,3
0.0057849884033203125,6.60347580909729,-159.60334157943728,84,3
0.007801055908203125,6.611276865005493,-159.57993841171267,84,3
0.0038340091705322266,6.615110874176025,-159.56843638420108,84,3
0.006197929382324219,6.62130880355835,-159.5498425960541,84,3
0.0058710575103759766,6.627179861068726,-159.53222942352298,84,3
0.0048830509185791016,6.632062911987305,-159.51758027076724,84,3
0.008931875228882724,6.640994787216187,-159.4907846450806,84,3
0.002674102783202237,6.64366888999939,-159.4854364395142,83,2
0.01730203628540039,6.66097092628479,-159.4508323669434,83,2
0.0026068687438973726,6.663577795028687,-159.4430117607117,84,3
0.005930185317992276,6.66950798034668,-159.42522120475772,84,3
0.007134914398193359,6.676642894744873,-159.40381646156314,84,3
0.006516933441162109,6.683159828186035,-159.38426566123965,84,3
0.005465984344482422,6.688625812530518,-159.3678677082062,84,3
0.0063669681549072266,6.694992780685425,-159.3551337718964,83,2
0.00601506233215332,6.701007843017578,-159.34310364723208,83,2
0.00713014602661044,6.708137989044189,-159.33597350120547,82,1
0.005327939987183505,6.713465929031372,-159.3306455612183,82,1
0.007732868194580078,6.721198797225952,-159.3229126930237,82,1
0.00780797004699707,6.729006767272949,-159.3229126930237,81,0
0.007915019989013672,6.736921787261963,-159.33082771301272,80,-1
0.007379055023193359,6.744300842285156,-159.3529648780823,78,-3
0.010015010833739346,6.754315853118896,-159.41305494308475,75,-6
0.020900011062623847,6.775215864181519,-159.85195517539984,60,-21
0.016668081283568448,6.791883945465088,-160.41866993904117,47,-34
0.005556821823120117,6.797440767288208,-160.6242723464966,44,-37
0.007632017135620117,6.805072784423828,-160.94481706619266,39,-42
0.008043050765991211,6.813115835189819,-161.30675435066226,36,-45
0.0101470947265625,6.823262929916382,-161.82425618171695,30,-51
0.010474920272827148,6.833737850189209,-162.3899018764496,27,-54
0.00873708724975586,6.842474937438965,-162.8879158496857,24,-57
0.006641864776611328,6.849116802215576,-163.27314400672915,23,-58
0.006208181381225586,6.855324983596802,-163.63942670822146,22,-59
0.006646871566772461,6.861971855163574,-164.0382390022278,21,-60
0.006680965423583984,6.868652820587158,-164.44577789306643,20,-61
0.004850149154663086,6.873502969741821,-164.74648714065555,19,-62
0.005633831024169922,6.879136800765991,-165.10141849517825,18,-63
0.0058929920196542085,6.885029792785645,-165.47267699241647,18,-63
0.008108139038084161,6.89313793182373,-165.99159789085385,17,-64
0.004467010498047763,6.897604942321777,-166.2774865627289,17,-64
0.010035037994384766,6.907639980316162,-166.92976403236392,16,-65
0.006636857986450195,6.914276838302612,-167.36779665946963,15,-66
0.01003408432006836,6.924310922622681,-168.03004622459414,15,-66
0.009703874588012695,6.934014797210693,-168.680205821991,14,-67
0.009564161300660068,6.943578958511353,-169.32100462913522,14,-67
0.005546808242796963,6.94912576675415,-169.69264078140262,14,-67
0.006551027297973633,6.955676794052124,-170.13155961036685,14,-67
0.005396127700805664,6.96107292175293,-170.49849629402163,13,-68
0.006587982177734375,6.967660903930664,-170.94647908210757,13,-68
0.010436058044433594,6.978096961975098,-171.65613102912906,13,-68
0.0063478946685791016,6.984444856643677,-172.08143997192386,14,-67
0.007270097732543945,6.991714954376221,-172.57580661773684,13,-68
0.010290861129759854,7.002005815505981,-173.27558517456052,13,-68
0.011512041091919833,7.0135178565979,-174.05840396881106,13,-68
0.009122133255004883,7.022639989852905,-174.6787090301514,13,-68
0.008824825286866123,7.031464815139771,-175.2787971496583,13,-68
0.007163047790526456,7.038627862930298,-175.7658843994141,13,-68
0.005860090255737305,7.044487953186035,-176.16437053680423,13,-68
0.0049288272857666016,7.049416780471802,-176.49953079223636,13,-68
0.005761146545410156,7.055177927017212,-176.89704990386966,12,-69
0.00637507438659668,7.061553001403809,-177.33055496215823,13,-68
0.00890493392944336,7.070457935333252,-177.93609046936038,13,-68
0.008018016815186435,7.078475952148438,-178.48933362960824,12,-69
0.007838010787962979,7.086313962936401,-179.0301563739777,12,-69
0.007403850555419922,7.093717813491821,-179.53361821174624,13,-68
0.00933218002319336,7.103049993515015,-180.1682064533234,13,-68
0.009369850158691406,7.112419843673706,-180.8053562641144,13,-68
0.008172035217285156,7.120591878890991,-181.36922669410708,12,-69
0.009450912475585938,7.130042791366577,-182.0213396549225,12,-69
0.0037021636962890625,7.133744955062866,-182.27678894996646,12,-69
0.005667924880981445,7.139412879943848,-182.66787576675418,12,-69
0.0061910152435302734,7.145603895187378,-183.09505581855777,12,-69
0.0075969696044921875,7.15320086479187,-183.61924672126773,12,-69
0.008295059204101562,7.161495923995972,-184.19160580635074,12,-69
0.009784936904907227,7.171280860900879,-184.86676645278934,12,-69
0.007816076278686523,7.179096937179565,-185.4060757160187,12,-69
0.005877017974853516,7.184973955154419,-185.8115899562836,12,-69
0.004931926727294922,7.189905881881714,-186.15189290046695,12,-69
0.0064051151275634766,7.196310997009277,-186.59384584426883,12,-69
0.005757808685302734,7.20206880569458,-186.99113464355472,12,-69
0.006016969680786133,7.208085775375366,-187.40630555152896,12,-69
0.007388114929199219,7.215473890304565,-187.9160854816437,12,-69
0.005930900573730469,7.221404790878296,-188.3253176212311,12,-69
0.006591081619262695,7.227995872497559,-188.78010225296023,12,-69
0.004934072494506836,7.232929944992065,-189.1205532550812,12,-69
0.0064198970794677734,7.239349842071533,-189.56352615356448,12,-69
0.006742954254150391,7.246092796325684,-190.02878999710086,12,-69
0.007062196731567383,7.253154993057251,-190.516081571579,12,-69
0.007831811904907227,7.260986804962158,-191.0564765930176,12,-69
0.003451108932495117,7.264437913894653,-191.29460310935977,12,-69
0.004987001419067383,7.269424915313721,-191.6436932086945,11,-70
0.006190061569213867,7.275614976882935,-192.07080745697024,12,-69
0.006029844284057617,7.281644821166992,-192.48686671257022,12,-69
0.0073089599609375,7.28895378112793,-192.9911849498749,12,-69
0.006705045700073242,7.295658826828003,-193.45383310317996,12,-69
0.006345987319946289,7.302004814147949,-193.89170622825625,12,-69
0.00748896598815918,7.309493780136108,-194.40844488143924,12,-69
0.008657217025756836,7.318150997161865,-195.00579285621646,12,-69
0.00630497932434082,7.324455976486206,-195.44083642959598,12,-69
0.008148908615112305,7.332604885101318,-196.00311112403872,12,-69
0.006757020950317383,7.339361906051636,-196.46934556961062,12,-69
0.006742954254150391,7.346104860305786,-196.934609413147,12,-69
0.006371974945067471,7.352476835250854,-197.37427568435666,12,-69
0.006026983261109287,7.358503818511963,-197.7901375293732,12,-69
0.005635976791381836,7.364139795303345,-198.17901992797854,12,-69
0.007318019866943359,7.371457815170288,-198.68396329879764,12,-69
0.003687143325805664,7.375144958496094,-198.93837618827823,12,-69
0.006865978240967685,7.382010936737061,-199.412128686905,12,-69
0.011003017425536221,7.393013954162598,-200.171336889267,12,-69
0.0064029693603515625,7.399416923522949,-200.61314177513125,12,-69
0.006648063659667969,7.406064987182617,-201.07185816764834,12,-69
0.0068759918212890625,7.412940979003906,-201.5463016033173,12,-69
0.006361961364746094,7.419302940368652,-201.98527693748477,12,-69
0.006742954254150391,7.426045894622803,-202.45054078102115,12,-69
0.007531881332397461,7.4335777759552,-202.97024059295657,12,-69
0.00496220588684082,7.438539981842041,-203.3126327991486,12,-69
0.005524873733521396,7.444064855575562,-203.69384908676156,12,-69
0.005397081375121182,7.449461936950684,-204.06624770164493,12,-69
0.006465911865234375,7.455927848815918,-204.5123956203461,12,-69
0.006142139434814453,7.462069988250732,-204.9362032413483,12,-69
0.006894826889038974,7.468964815139771,-205.41194629669198,12,-69
0.006625175476073331,7.475589990615845,-205.86908340454104,12,-69
0.006150960922241211,7.481740951538086,-206.2934997081757,12,-69
0.008203983306884766,7.489944934844971,-206.85957455635074,12,-69
0.006021976470947266,7.495966911315918,-207.2750909328461,12,-69
0.007428884506226474,7.503395795822144,-207.79511284828195,11,-70
0.008080005645751953,7.511475801467896,-208.35263323783883,12,-69
0.0056951045989990234,7.517170906066895,-208.74559545516976,12,-69
0.006773948669432706,7.523944854736328,-209.21299791336062,12,-69
0.003770112991333008,7.527714967727661,-209.4731357097626,12,-69
0.005600929260253906,7.533315896987915,-209.85959982872012,12,-69
0.008671998977661133,7.541987895965576,-210.45796775817874,12,-69
0.006649017333985263,7.548636913299561,-210.91674995422372,12,-69
