Ts=calc,Tid=meas,Volum=calc,Lys=meas,Flow=calc
nullflow=58,Lys0=58
0.005,0,0,58,0
0.0170600414276123,0.0170600414276123,0,58,0
0.004988908767700199,0.0220489501953125,0,58,0
0.008629083633422852,0.03067803382873535,0,58,0
0.006323099136352539,0.03700113296508789,0,57,-1
0.008751869201660156,0.04575300216674805,-0.008751869201660156,57,-1
0.006066083908081055,0.0518190860748291,-0.014817953109741211,57,-1
0.006269931793212891,0.05808901786804199,-0.0210878849029541,57,-1
0.005236148834228516,0.06332516670227051,-0.026324033737182617,57,-1
0.006543874740600586,0.0698690414428711,-0.0328679084777832,56,-2
0.0059931278228759766,0.07586216926574707,-0.044854164123535156,57,-1
0.005344867706298828,0.0812070369720459,-0.050199031829833984,56,-2
0.00616002082824707,0.08736705780029297,-0.06251907348632812,56,-2
0.009674072265625,0.09704113006591797,-0.08186721801757812,56,-2
0.007459878921508831,0.1045010089874268,-0.09678697586059579,55,-3
0.008718013763427707,0.1132190227508545,-0.1229410171508789,55,-3
0.007362127304077093,0.1205811500549316,-0.14502739906311019,55,-3
0.00652599334716801,0.1271071434020996,-0.1646053791046142,55,-3
0.007269859313964899,0.1343770027160645,-0.1864149570465089,55,-3
0.0039060115814208984,0.1382830142974854,-0.1981329917907716,55,-3
0.008020162582397405,0.1463031768798828,-0.2221934795379638,54,-4
0.005553007125854492,0.1518561840057373,-0.24440550804138178,54,-4
0.006956815719604492,0.1588129997253418,-0.27223277091979975,54,-4
0.007732152938842801,0.1665451526641846,-0.30316138267517095,53,-5
0.003816843032836914,0.1703619956970215,-0.3222455978393555,53,-5
0.005884170532226479,0.176246166229248,-0.35166645050048795,53,-5
0.007207870483398521,0.1834540367126465,-0.3877058029174806,53,-5
0.0072479248046875,0.190701961517334,-0.4239454269409181,52,-6
0.007842063903808594,0.1985440254211426,-0.47099781036376964,52,-6
0.006485939025878906,0.2050299644470215,-0.5099134445190431,52,-6
0.006102085113525391,0.2111320495605469,-0.5465259552001954,52,-6
0.005634069442748996,0.2167661190032959,-0.5803303718566895,52,-6
0.007842063903808594,0.2246081829071045,-0.627382755279541,52,-6
0.006786823272705106,0.2313950061798096,-0.6681036949157717,51,-7
0.005056142807006808,0.2364511489868164,-0.7034966945648193,51,-7
0.006642818450927707,0.2430939674377441,-0.7499964237213133,51,-7
0.006079196929931696,0.2491731643676758,-0.7925508022308352,51,-7
0.008013010025024386,0.2571861743927002,-0.8486418724060059,51,-7
0.007463932037353516,0.2646501064300537,-0.9008893966674805,51,-7
0.0039918422698975164,0.2686419486999512,-0.9288322925567631,51,-7
0.00666213035583485,0.2753040790557861,-0.9754672050476071,51,-7
0.004963874816894642,0.2802679538726807,-1.0102143287658696,51,-7
0.005986213684081976,0.2862541675567627,-1.0521178245544434,51,-7
0.005747795104980524,0.2920019626617432,-1.092352390289307,51,-7
0.006166219711303655,0.2981681823730469,-1.1355159282684326,51,-7
0.0064389705657958984,0.3046071529388428,-1.180588722229004,51,-7
0.007179975509643499,0.3117871284484863,-1.2308485507965083,51,-7
0.004338979721069447,0.3161261081695557,-1.2612214088439946,51,-7
0.0076138973236083984,0.3237400054931641,-1.3145186901092534,52,-6
0.005465984344482366,0.3292059898376465,-1.3473145961761475,52,-6
0.006186008453369141,0.3353919982910156,-1.3844306468963623,52,-6
0.004842996597290095,0.3402349948883057,-1.413488626480103,52,-6
0.006337165832519476,0.3465721607208252,-1.4515116214752197,52,-6
0.007258892059326227,0.3538310527801514,-1.4950649738311772,52,-6
0.005347013473510687,0.3591780662536621,-1.5271470546722412,52,-6
0.006961107254028265,0.3661391735076904,-1.5689136981964107,52,-6
0.008916854858398549,0.3750560283660889,-1.622414827346802,52,-6
0.008073091506957952,0.3831291198730469,-1.6708533763885498,52,-6
0.00277185440063471,0.3859009742736816,-1.687484502792358,53,-5
0.005559206008911188,0.3914601802825928,-1.7152805328369138,53,-5
0.006966829299926702,0.3984270095825195,-1.7501146793365474,53,-5
0.005665063858032338,0.4040920734405518,-1.778439998626709,53,-5
0.007416963577270508,0.4115090370178223,-1.8155248165130615,53,-5
0.005506038665771484,0.4170150756835938,-1.843055009841919,53,-5
0.0068819522857666016,0.4238970279693604,-1.877464771270752,53,-5
0.006272077560424805,0.4301691055297852,-1.908825159072876,53,-5
0.005720853805541881,0.4358899593353271,-1.9374294281005855,53,-5
0.005479097366333119,0.4413690567016602,-1.964824914932251,53,-5
0.0074980258941649836,0.4488670825958252,-2.0023150444030757,53,-5
0.009212017059326227,0.4580790996551514,-2.048375129699707,53,-5
0.008306980133056585,0.466386079788208,-2.08991003036499,54,-4
0.007745027542114313,0.4741311073303223,-2.1208901405334473,54,-4
0.009091854095458984,0.4832229614257813,-2.157257556915283,54,-4
0.00290918350219721,0.4861321449279785,-2.1688942909240723,54,-4
0.008311986923217773,0.4944441318511963,-2.2021422386169434,54,-4
0.0036818981170654297,0.4981260299682617,-2.216869831085205,54,-4
0.00769805908203125,0.505824089050293,-2.24766206741333,54,-4
0.011619091033935547,0.5174431800842285,-2.2941384315490723,54,-4
0.017946958541870117,0.5353901386260986,-2.3659262657165527,54,-4
0.005735874176025391,0.541126012802124,-2.3888697624206543,54,-4
0.008919000625610352,0.5500450134277344,-2.4245457649230957,54,-4
0.005012989044189453,0.5550580024719238,-2.4445977210998535,54,-4
0.0059239864349365234,0.5609819889068604,-2.4682936668395996,54,-4
0.006473064422607422,0.5674550533294678,-2.4941859245300293,54,-4
0.00845193862915039,0.5759069919586182,-2.527993679046631,55,-3
0.009335994720458984,0.5852429866790771,-2.556001663208008,55,-3
0.00897216796875,0.5942151546478271,-2.582918167114258,55,-3
0.006558895111083984,0.6007740497589111,-2.6025948524475098,55,-3
0.006510019302368164,0.6072840690612793,-2.6221249103546143,55,-3
0.009727001190185547,0.6170110702514648,-2.651305913925171,55,-3
0.008239984512329102,0.625251054763794,-2.676025867462158,56,-2
0.008934974670410156,0.6341860294342041,-2.6938958168029785,56,-2
0.006094932556152344,0.6402809619903564,-2.706085681915283,56,-2
0.006661176681518555,0.646942138671875,-2.7194080352783203,56,-2
0.008383989334106445,0.6553261280059814,-2.736176013946533,57,-1
0.008977890014648438,0.6643040180206299,-2.7451539039611816,57,-1
0.009962081909179688,0.6742660999298096,-2.7551159858703613,58,0
0.006357908248901367,0.6806240081787109,-2.7551159858703613,58,0
0.006685018539428711,0.6873090267181396,-2.7551159858703613,59,1
0.007169961929321289,0.6944789886474609,-2.74794602394104,59,1
0.004343986511230469,0.6988229751586914,-2.7436020374298096,59,1
0.0053060054779052734,0.7041289806365967,-2.7382960319519043,59,1
0.006472110748291016,0.7106010913848877,-2.7318239212036133,59,1
0.005547046661376953,0.7161481380462646,-2.7262768745422363,59,1
0.007854938507080078,0.7240030765533447,-2.7184219360351562,59,1
0.003896951675415039,0.7279000282287598,-2.714524984359741,59,1
0.0064699649810791016,0.7343699932098389,-2.708055019378662,59,1
0.006406068801879883,0.7407760620117188,-2.7016489505767822,60,2
0.005269050598144531,0.7460451126098633,-2.691110849380493,60,2
0.005333900451660156,0.7513790130615234,-2.680443048477173,60,2
0.00910806655883789,0.7604870796203613,-2.662226915359497,61,3
0.0074999332427978516,0.7679870128631592,-2.6397271156311035,61,3
0.006417036056518555,0.7744040489196777,-2.620476007461548,61,3
0.006129026412963867,0.7805330753326416,-2.6020889282226562,62,4
0.005590915679931641,0.7861239910125732,-2.5797252655029297,62,4
0.007043123245239258,0.7931671142578125,-2.5515527725219727,62,4
0.005764007568359375,0.7989311218261719,-2.528496742248535,63,5
0.009886980056762695,0.8088181018829346,-2.4790618419647217,63,5
0.01020193099975586,0.8190200328826904,-2.4280521869659424,64,6
0.006747007369995117,0.8257670402526855,-2.3875701427459717,64,6
0.0075190067291259766,0.8332860469818115,-2.342456102371216,64,6
0.0037550926208496094,0.8370411396026611,-2.319925546646118,65,7
0.006237983703613281,0.8432791233062744,-2.276259660720825,65,7
0.005719900131225586,0.8489990234375,-2.236220359802246,65,7
0.007637977600097656,0.8566370010375977,-2.1827545166015625,65,7
0.0074520111083984375,0.8640890121459961,-2.1305904388427734,65,7
0.004748106002807617,0.8688371181488037,-2.09735369682312,66,8
0.005010843276977539,0.8738479614257812,-2.0572669506073,66,8
0.0053980350494384766,0.8792459964752197,-2.014082670211792,66,8
0.007858991622924805,0.8871049880981445,-1.9512107372283936,66,8
0.004755973815917969,0.8918609619140625,-1.9131629467010498,66,8
0.01024317741394043,0.9021041393280029,-1.8312175273895264,67,9
0.006763935089111328,0.9088680744171143,-1.7703421115875244,67,9
0.006587982177734375,0.9154560565948486,-1.711050271987915,68,10
0.008423089981079102,0.9238791465759277,-1.626819372177124,68,10
0.0065348148345947266,0.9304139614105225,-1.5614712238311768,68,10
0.0076291561126708984,0.9380431175231934,-1.4851796627044678,68,10
0.006132841110229492,0.9441759586334229,-1.4238512516021729,67,9
0.010890007019042969,0.9550659656524658,-1.3258411884307861,67,9
0.009290218353271484,0.9643561840057373,-1.2422292232513428,67,9
0.006294965744018555,0.9706511497497559,-1.1855745315551758,67,9
0.006749868392944336,0.9774010181427002,-1.1248257160186768,67,9
0.007007122039794922,0.9844081401824951,-1.0617616176605225,67,9
0.006724834442138672,0.9911329746246338,-1.0012381076812744,67,9
0.006793975830078125,0.9979269504547119,-0.9400923252105713,67,9
0.00620722770690918,1.004134178161621,-0.8842272758483887,67,9
0.0064699649810788795,1.0106041431427,-0.8259975910186788,67,9
0.0064918994903571114,1.017096042633057,-0.7675704956054648,67,9
0.007501125335692915,1.02459716796875,-0.7000603675842285,66,8
0.006623983383178933,1.031221151351929,-0.647068500518797,67,9
0.006166934967041016,1.03738808631897,-0.5915660858154279,66,8
0.006924867630005105,1.044312953948975,-0.5361671447753871,66,8
0.006806135177611861,1.051119089126587,-0.4817180633544922,66,8
0.005753993988037109,1.056873083114624,-0.4356861114501953,66,8
0.007381916046143022,1.064254999160767,-0.37663078308105113,66,8
0.0064890384674070045,1.070744037628174,-0.3247184753417951,66,8
0.007044076919554998,1.077788114547729,-0.2683658599853551,66,8
0.006502866744996005,1.084290981292725,-0.21634292602538707,66,8
0.004579067230223943,1.088870048522949,-0.17971038818359553,66,8
0.0056700706481940255,1.094540119171143,-0.13434982299804332,66,8
0.005817890167235884,1.100358009338379,-0.08780670166015625,66,8
0.006072044372559038,1.106430053710938,-0.03923034667968395,66,8
0.0077369213104241386,1.114166975021362,0.02266502380370916,65,7
0.006842136383056863,1.121009111404419,0.0705599784851072,66,8
0.006376028060913086,1.127385139465332,0.12156820297241189,66,8
0.0070378780364990234,1.134423017501831,0.17787122726440407,66,8
0.007421016693115012,1.141844034194946,0.23723936080932417,66,8
0.005430936813354936,1.147274971008301,0.28068685531616366,66,8
0.009340047836303045,1.156615018844604,0.355407238006588,65,7
0.00543212890625,1.162047147750854,0.393432140350338,65,7
0.005314826965332919,1.167361974716187,0.43063592910766846,65,7
0.007030010223388006,1.174391984939575,0.4798460006713845,65,7
0.007063150405884011,1.181455135345459,0.5292880535125726,65,7
0.005347967147826926,1.186803102493286,0.5667238235473611,65,7
0.006600856781006081,1.193403959274292,0.6129298210144036,65,7
0.003603219985961914,1.197007179260254,0.638152360916137,65,7
0.006455898284912109,1.203463077545166,0.6833436489105218,65,7
0.0056018829345700905,1.209064960479736,0.7225568294525124,65,7
0.00631809234619185,1.215383052825928,0.7667834758758554,64,6
0.007981061935425027,1.223364114761353,0.8146698474884055,64,6
0.005173921585083008,1.228538036346436,0.8457133769989036,64,6
0.007364034652709961,1.235902070999146,0.8898975849151634,64,6
0.005537986755371094,1.241440057754517,0.9231255054473899,63,5
0.006594896316527876,1.248034954071045,0.9560999870300293,63,5
0.007083177566528098,1.255118131637573,0.9915158748626698,63,5
0.005581855773926003,1.260699987411499,1.0194251537322998,63,5
0.005064964294434038,1.265764951705933,1.04474997520447,63,5
0.005316019058226873,1.27108097076416,1.0713300704956044,63,5
0.005623102188111018,1.276704072952271,1.0994455814361594,63,5
0.006390094757080078,1.283094167709351,1.1313960552215598,63,5
0.005023956298827903,1.288118124008179,1.1565158367156994,63,5
0.006310939788818137,1.294429063796997,1.18807053565979,63,5
0.008635997772217019,1.303065061569214,1.2312505245208751,63,5
0.0031430721282958984,1.30620813369751,1.2469658851623546,63,5
0.006311893463134988,1.312520027160645,1.2785253524780296,63,5
0.006366014480589932,1.318886041641235,1.3103554248809792,63,5
0.009130954742432085,1.328016996383667,1.3560101985931396,62,4
0.00661802291870095,1.334635019302368,1.3824822902679434,62,4
0.004368066787719949,1.339003086090088,1.3999545574188232,62,4
0.006845951080322044,1.34584903717041,1.4273383617401114,61,3
0.0054509639739990234,1.351300001144409,1.4436912536621085,61,3
0.005769014358520952,1.35706901550293,1.4609982967376713,61,3
0.006304979324341042,1.363373994827271,1.4799132347106945,60,2
0.005041122436522993,1.368415117263794,1.4899954795837405,60,2
0.006186008453369141,1.374601125717163,1.5023674964904787,60,2
0.008893013000487837,1.383494138717651,1.5201535224914544,60,2
0.0027148723602301583,1.386209011077881,1.5255832672119147,60,2
0.008164167404175027,1.394373178482056,1.5419116020202648,59,1
0.004746913909911887,1.399120092391968,1.5466585159301767,59,1
0.005539894104003906,1.404659986495972,1.5521984100341806,59,1
0.006014108657837136,1.410674095153809,1.5582125186920177,58,0
0.009260892868041992,1.419934988021851,1.5582125186920177,58,0
0.0055320262908928886,1.425467014312744,1.5582125186920177,58,0
0.00779414176940918,1.433261156082153,1.5582125186920177,57,-1
0.006097793579102007,1.439358949661255,1.5521147251129157,57,-1
0.00531005859375,1.444669008255005,1.5468046665191657,57,-1
0.004810094833373801,1.449479103088379,1.541994571685792,57,-1
0.009615898132323997,1.459095001220703,1.532378673553468,56,-2
0.007004022598267046,1.46609902381897,1.5183706283569338,56,-2
0.005258083343506081,1.471357107162476,1.5078544616699217,56,-2
0.007083892822264959,1.478440999984741,1.4936866760253917,55,-3
0.005439996719361018,1.483880996704102,1.4773666858673087,55,-3
0.005618095397948997,1.489499092102051,1.4605123996734617,55,-3
0.005544900894165039,1.495043992996216,1.4438776969909666,55,-3
0.006739139556884988,1.501783132553101,1.4236602783203116,55,-3
0.006855964660643865,1.508639097213745,1.40309238433838,54,-4
0.0063300132751471505,1.514969110488892,1.3777723312377914,54,-4
0.006342887878417969,1.52131199836731,1.3524007797241195,54,-4
0.006133079528807928,1.527445077896118,1.3278684616088878,54,-4
0.0071299076080320045,1.53457498550415,1.2993488311767598,53,-5
0.009242057800292969,1.543817043304443,1.253138542175295,54,-4
0.002638101577759011,1.546455144882202,1.242586135864259,54,-4
0.005656003952027033,1.552111148834229,1.2199621200561508,53,-5
0.00820899009704501,1.560320138931274,1.1789171695709257,53,-5
0.005817890167236994,1.566138029098511,1.1498277187347408,53,-5
0.008054018020630105,1.574192047119141,1.1095576286315902,52,-6
0.0058901309967038795,1.580082178115845,1.074216842651367,52,-6
0.005779981613158958,1.585862159729004,1.0395369529724132,52,-6
0.0059409141540531785,1.591803073883057,1.0038914680480941,52,-6
0.007024049758910911,1.598827123641968,0.9617471694946287,52,-6
0.0044219493865960136,1.603249073028564,0.9352154731750526,52,-6
0.004975080490112971,1.608224153518677,0.9053649902343748,51,-7
0.007593870162964089,1.615818023681641,0.8522078990936262,51,-7
0.006690025329588956,1.62250804901123,0.8053777217865035,51,-7
0.006525993347167969,1.629034042358398,0.7596957683563277,50,-8
0.008377075195312944,1.637411117553711,0.6926791667938241,50,-8
0.005936861038208008,1.643347978591919,0.6451842784881601,50,-8
0.006156206130981001,1.6495041847229,0.5959346294403121,50,-8
0.006997823715209961,1.65650200843811,0.5399520397186324,50,-8
0.0040221214294440255,1.660524129867554,0.5077750682830802,50,-8
0.007922887802124023,1.668447017669678,0.444391965866088,50,-8
0.005460977554321067,1.673907995223999,0.40070414543151944,50,-8
0.005584001541137917,1.679491996765137,0.3560321331024161,50,-8
0.0062329769134521484,1.685724973678589,0.3061683177947989,50,-8
0.005648136138916016,1.691373109817505,0.2609832286834708,51,-7
0.006829023361205833,1.698202133178711,0.21318006515502996,51,-7
0.006067991256714089,1.704270124435425,0.17070412635803134,51,-7
0.006512880325316939,1.710783004760742,0.12511396408081277,51,-7
0.006206035614014116,1.716989040374756,0.08167171478271396,51,-7
0.00908994674682595,1.726078987121582,0.018042087554932307,51,-7
0.008222103118896928,1.734301090240479,-0.03951263427734619,52,-6
0.0023899078369140625,1.736690998077393,-0.05385208129883057,52,-6
0.0065310001373288795,1.743221998214722,-0.09303808212280384,52,-6
0.004889965057373047,1.748111963272095,-0.12237787246704213,52,-6
0.006401062011718084,1.754513025283813,-0.16078424453735063,52,-6
0.007405996322632058,1.761919021606445,-0.20522022247314298,52,-6
0.006941080093384011,1.768860101699829,-0.24686670303344704,52,-6
0.007094860076903853,1.775954961776733,-0.28943586349487016,52,-6
0.008179187774659091,1.784134149551392,-0.3385109901428247,52,-6
0.007776021957397017,1.791910171508789,-0.3851671218872068,53,-5
0.006986856460570845,1.79889702796936,-0.42010140419006103,53,-5
0.007094144821166992,1.805991172790527,-0.455572128295896,53,-5
0.005901813507080078,1.811892986297607,-0.4850811958312964,53,-5
0.005460977554321955,1.817353963851929,-0.5123860836029062,53,-5
0.006816148757934126,1.824170112609863,-0.5464668273925768,53,-5
0.006913900375365989,1.831084012985229,-0.5810363292694067,54,-4
0.0066950321197509766,1.83777904510498,-0.6078164577484106,54,-4
0.006453037261962891,1.844232082366943,-0.6336286067962622,54,-4
0.006295919418335183,1.850528001785278,-0.6588122844696029,54,-4
0.00636601448059082,1.856894016265869,-0.6842763423919662,54,-4
0.007140159606934038,1.864034175872803,-0.7128369808197024,54,-4
0.006935834884643111,1.870970010757446,-0.7405803203582748,54,-4
0.006533145904541016,1.877503156661987,-0.7667129039764389,54,-4
0.006755828857421875,1.884258985519409,-0.7937362194061264,54,-4
0.009765148162842019,1.894024133682251,-0.8327968120574945,54,-4
0.0039288997650150925,1.897953033447266,-0.8485124111175548,54,-4
0.006401062011717862,1.904354095458984,-0.8741166591644263,54,-4
0.005061864852906162,1.90941596031189,-0.8943641185760509,54,-4
0.0054612159728999465,1.91487717628479,-0.9162089824676507,54,-4
0.006245851516723855,1.921123027801514,-0.9411923885345461,54,-4
0.006104946136474165,1.927227973937988,-0.9656121730804428,55,-3
0.007372140884399858,1.934600114822388,-0.9877285957336424,54,-4
0.006047964096069114,1.940648078918457,-1.0119204521179188,55,-3
0.006390094757080078,1.947038173675537,-1.031090736389159,55,-3
0.007412910461425781,1.954451084136963,-1.0533294677734364,55,-3
0.005986928939819114,1.960438013076782,-1.0712902545928937,55,-3
0.007426023483277033,1.967864036560059,-1.0935683250427248,55,-3
0.006803035736083984,1.974667072296143,-1.1139774322509768,56,-2
0.00442910194396906,1.979096174240112,-1.122835636138915,56,-2
0.005291938781738947,1.984388113021851,-1.1334195137023928,56,-2
0.006047964096068892,1.99043607711792,-1.1455154418945306,56,-2
0.006211042404175027,1.996647119522095,-1.1579375267028806,57,-1
0.006538867950439231,2.003185987472534,-1.1644763946533199,57,-1
0.005064010620116743,2.008249998092651,-1.1695404052734366,57,-1
0.006278038024903232,2.014528036117554,-1.1758184432983398,57,-1
0.008886098861693892,2.023414134979248,-1.1847045421600337,57,-1
0.0026009082794189453,2.026015043258667,-1.1873054504394527,57,-1
0.00735998153686479,2.033375024795532,-1.1946654319763175,58,0
0.006710052490235263,2.040085077285767,-1.1946654319763175,59,1
0.005919933319090909,2.046005010604858,-1.1887454986572266,59,1
0.005475044250489169,2.051480054855347,-1.1832704544067374,59,1
0.00648808479309082,2.057968139648438,-1.1767823696136466,59,1
0.006201982498168057,2.064170122146606,-1.1705803871154785,59,1
0.004509925842286044,2.068680047988892,-1.1660704612731925,60,2
0.00558900833129794,2.07426905632019,-1.1548924446105966,60,2
0.006371021270751953,2.080640077590942,-1.1421504020690927,60,2
0.007432937622071201,2.088073015213013,-1.1272845268249503,59,1
0.006431102752684659,2.094504117965698,-1.1208534240722656,60,2
0.007477998733521396,2.101982116699219,-1.1058974266052228,60,2
0.007014989852904829,2.108997106552124,-1.0918674468994132,60,2
0.012018918991088867,2.121016025543213,-1.0678296089172354,61,3
0.006220102310181108,2.127236127853394,-1.0491693019866921,61,3
0.008096933364868164,2.135333061218262,-1.0248785018920876,62,4
0.0065789222717276274,2.14191198348999,-0.9985628128051771,62,4
0.006287097930908203,2.148199081420898,-0.9734144210815443,62,4
0.00573205947876021,2.153931140899658,-0.9504861831665035,63,5
0.005205869674682617,2.159137010574341,-0.9244568347930904,63,5
0.005469083786011186,2.164606094360352,-0.8971114158630344,63,5
0.005934953689575195,2.170541048049927,-0.8674366474151585,63,5
0.00642609596252397,2.176967144012451,-0.8353061676025386,64,6
0.008095979690551758,2.185063123703003,-0.7867302894592281,64,6
0.007460832595825195,2.192523956298828,-0.7419652938842769,65,7
0.006429195404052734,2.198953151702881,-0.6969609260559078,65,7
0.0070798397064213425,2.206032991409302,-0.6474020481109584,65,7
0.008391141891478604,2.214424133300781,-0.5886640548706081,65,7
0.005997896194458008,2.220422029495239,-0.5466787815094021,65,7
0.006341934204102007,2.226763963699341,-0.502285242080688,66,8
0.007355213165283203,2.234119176864624,-0.4434435367584224,66,8
0.006532907485961914,2.240652084350586,-0.3911802768707271,66,8
0.006746053695679155,2.247398138046265,-0.33721184730529385,66,8
0.008525848388671875,2.255923986434937,-0.26900506019591885,66,8
0.002966165542602095,2.258890151977539,-0.2452757358551021,67,9
0.00539398193359375,2.264284133911133,-0.19672989845275834,67,9
0.005911827087402344,2.270195960998535,-0.14352345466613725,67,9
0.005860090255736861,2.276056051254272,-0.0907826423645055,67,9
0.005775928497314897,2.281831979751587,-0.03879928588867143,67,9
0.006078004837036133,2.287909984588623,0.015902757644653764,68,10
0.007145166397095171,2.295055150985718,0.08735442161560547,68,10
0.006816864013671875,2.30187201499939,0.15552306175232422,68,10
0.005362987518310103,2.3072350025177,0.20915293693542525,68,10
0.007003068923949751,2.31423807144165,0.27918362617492276,68,10
0.004374027252198154,2.318612098693848,0.3229238986969043,68,10
0.005434036254881924,2.32404613494873,0.37726426124572354,68,10
0.005972862243652788,2.330018997192383,0.4369928836822514,68,10
0.00790810585022017,2.337927103042603,0.5160739421844531,68,10
0.006567001342772993,2.344494104385376,0.5817439556121831,67,9
0.006192922592163086,2.350687026977539,0.6374802589416508,68,10
0.004287958145142046,2.354974985122681,0.6803598403930713,67,9
0.005388021469115767,2.360363006591797,0.7288520336151132,67,9
0.006100177764892134,2.366463184356689,0.7837536334991424,67,9
0.007918834686280185,2.374382019042969,0.8550231456756641,67,9
0.0050470829010009766,2.37942910194397,0.9004468917846729,67,9
0.006402969360350674,2.385832071304321,0.9580736160278289,67,9
0.006697893142700195,2.392529964447021,1.0183546543121307,67,9
0.006417989730834961,2.398947954177856,1.0761165618896453,67,9
0.007542133331298828,2.406490087509155,1.1439957618713348,67,9
0.008751869201660156,2.415241956710815,1.2227625846862762,67,9
0.008052110671997958,2.423294067382813,1.2952315807342578,66,8
0.0066530704498291016,2.429947137832642,1.3484561443328906,66,8
0.005422830581665039,2.435369968414307,1.391838788986211,66,8
0.006000041961669922,2.441370010375977,1.4398391246795703,66,8
0.006764173507689986,2.448134183883667,1.4939525127410902,65,7
0.007288932800292969,2.45542311668396,1.544975042343141,65,7
0.007717847824097124,2.463140964508057,1.5989999771118208,65,7
0.003341197967528853,2.466482162475586,1.6223883628845228,65,7
0.00608587265014604,2.472568035125732,1.664989471435545,65,7
0.00608611106872603,2.478654146194458,1.7075922489166273,65,7
0.005714893341064009,2.484369039535522,1.7475965023040754,65,7
0.005922079086304155,2.490291118621826,1.7890510559082045,65,7
0.005760908126830611,2.496052026748657,1.8293774127960187,65,7
0.007405042648316318,2.503457069396973,1.881212711334233,65,7
0.004965066909790039,2.508422136306763,1.9159681797027632,65,7
0.0066208839416499465,2.515043020248413,1.9623143672943129,65,7
0.00878500938415483,2.523828029632568,2.0238094329833967,65,7
0.006389141082764116,2.530217170715332,2.0685334205627455,66,8
0.004440784454346147,2.534657955169678,2.1040596961975147,66,8
0.005751132965087891,2.540409088134766,2.1500687599182178,65,7
0.0056099891662588774,2.546019077301025,2.18933868408203,65,7
0.005841016769410068,2.551860094070435,2.2302258014679004,65,7
0.00605988502502397,2.557919979095459,2.272644996643068,65,7
0.006761074066162109,2.564681053161621,2.319972515106203,65,7
0.006558895111083984,2.571239948272705,2.365884780883791,65,7
0.010706186294556108,2.581946134567261,2.4408280849456836,64,6
0.005839824676512784,2.587785959243774,2.4758670330047603,64,6
0.006505012512207031,2.594290971755981,2.5148971080780025,64,6
0.007778167724609819,2.602069139480591,2.5615661144256614,63,5
0.0070149898529052734,2.609084129333496,2.5966410636901878,63,5
0.00692296028137207,2.616007089614868,2.631255865097048,63,5
0.004324913024902788,2.620332002639771,2.652880430221562,63,5
0.005603075027464932,2.625935077667236,2.6808958053588867,63,5
0.0054869651794442476,2.63142204284668,2.708330631256108,63,5
0.006397962570189986,2.63782000541687,2.740320444107058,63,5
0.0056061744689936965,2.643426179885864,2.7683513164520264,63,5
0.005811929702759233,2.649238109588623,2.7974109649658225,63,5
0.006100893020629883,2.655339002609253,2.827915430068972,64,6
0.008708000183105025,2.664047002792358,2.880163431167602,63,5
0.00598597526550293,2.670032978057861,2.9100933074951167,63,5
0.0057921409606942476,2.675825119018555,2.939054012298588,63,5
0.0061419010162349075,2.68196702003479,2.9697635173797625,63,5
0.006309986114501953,2.688277006149292,3.0013134479522723,63,5
0.00721502304077104,2.695492029190063,3.0373885631561275,62,4
0.003907918930054155,2.699399948120117,3.053020238876344,62,4
0.006007194519042969,2.70540714263916,3.077049016952516,62,4
0.005550861358643022,2.710958003997803,3.099252462387088,62,4
0.006868124008177823,2.717826128005981,3.1267249584197994,61,3
0.005688905715942827,2.723515033721924,3.143791675567628,61,3
0.005650997161865234,2.729166030883789,3.1607446670532235,61,3
0.0067980289459228516,2.735964059829712,3.181138753890992,60,2
0.006114006042480025,2.742078065872192,3.193366765975952,60,2
0.006575107574462891,2.748653173446655,3.206516981124878,60,2
0.006801843643189365,2.755455017089844,3.2201206684112567,60,2
0.007862091064452681,2.763317108154297,3.235844850540162,59,1
0.006566047668457031,2.769883155822754,3.242410898208619,59,1
0.006320953369141069,2.776204109191895,3.24873185157776,59,1
0.005193948745727095,2.781398057937622,3.253925800323487,58,0
0.005724906921386719,2.787122964859009,3.253925800323487,59,1
0.006127119064331055,2.79325008392334,3.2600529193878183,58,0
0.005707979202270064,2.79895806312561,3.2600529193878183,58,0
0.007149934768677202,2.806107997894287,3.2600529193878183,58,0
0.005382061004638672,2.811490058898926,3.2600529193878183,57,-1
0.008398056030273438,2.819888114929199,3.251654863357545,57,-1
0.0063300132751469285,2.826218128204346,3.245324850082398,56,-2
0.004271984100341797,2.830490112304688,3.2367808818817143,56,-2
0.005743026733397993,2.836233139038086,3.2252948284149183,56,-2
0.0056688785552978516,2.841902017593384,3.2139570713043226,56,-2
0.0052869319915771484,2.847188949584961,3.2033832073211683,56,-2
0.009456157684326172,2.856645107269287,3.184470891952516,56,-2
0.006521940231322798,2.86316704750061,3.1714270114898704,55,-3
0.00528407096862793,2.868451118469238,3.1555747985839866,55,-3
0.006788969039916992,2.875240087509155,3.1352078914642356,55,-3
0.006208896636963335,2.881448984146118,3.1165812015533456,55,-3
0.006534099578857866,2.887983083724976,3.096978902816772,55,-3
0.009118080139160156,2.897101163864136,3.0696246623992915,55,-3
0.0067968368530269,2.903898000717163,3.049234151840211,54,-4
0.004462957382201704,2.908360958099365,3.031382322311404,54,-4
0.005679130554199219,2.914040088653564,3.008665800094607,54,-4
0.012467861175537998,2.926507949829102,2.958794355392455,53,-5
0.0074012279510489165,2.933909177780151,2.9217882156372106,53,-5
0.0055158138275150925,2.939424991607666,2.894209146499635,53,-5
0.00693202018737793,2.946357011795044,2.8595490455627455,53,-5
0.0042951107025150925,2.950652122497559,2.83807349205017,53,-5
0.005759000778197798,2.956411123275757,2.809278488159181,53,-5
0.006788015365600142,2.963199138641357,2.7753384113311803,53,-5
0.0055708885192879976,2.968770027160645,2.7474839687347403,53,-5
0.008477926254272017,2.977247953414917,2.7050943374633802,52,-6
0.008025169372559038,2.985273122787476,2.656943321228026,52,-6
0.0040988922119140625,2.98937201499939,2.6323499679565416,52,-6
0.00521516799926669,2.994587182998657,2.6010589599609415,52,-6
0.006556987762451172,3.001144170761108,2.5617170333862345,51,-7
0.005533933639527255,3.006678104400635,2.5229794979095437,51,-7
0.007159948348998579,3.013838052749634,2.4728598594665536,51,-7
0.004687070846557173,3.018525123596191,2.4400503635406534,51,-7
0.006921052932740146,3.025446176528931,2.3916029930114724,50,-8
0.006636857986449751,3.032083034515381,2.3385081291198744,49,-9
0.006717920303345171,3.038800954818726,2.278046846389768,49,-9
0.004650115966795987,3.043451070785522,2.236195802688604,49,-9
0.005734920501708984,3.049185991287231,2.184581518173223,49,-9
0.006111145019532138,3.055297136306763,2.129581212997434,49,-9
0.0052399635314936965,3.060537099838257,2.0824215412139906,48,-10
0.0059909820556640625,3.066528081893921,2.02251172065735,48,-10
0.006859064102173296,3.073387145996094,1.953921079635617,48,-10
0.005556821823119673,3.078943967819214,1.8983528614044203,48,-10
0.007194042205810103,3.086138010025024,1.8264124393463192,48,-10
0.00811314582824707,3.094251155853271,1.7452809810638485,48,-10
0.007244825363160068,3.101495981216431,1.6728327274322479,48,-10
0.0057740211486807524,3.107270002365112,1.6150925159454403,49,-9
0.006991147994995117,3.114261150360107,1.5521721839904843,49,-9
0.004007816314698154,3.118268966674805,1.516101837158201,49,-9
0.005846023559569868,3.124114990234375,1.463487625122072,49,-9
0.006409168243408203,3.130524158477783,1.4058051109313983,49,-9
0.005831956863403764,3.136356115341187,1.3533174991607644,49,-9
0.006608963012694868,3.142965078353882,1.2938368320465106,49,-9
0.005192995071411133,3.148158073425293,1.2470998764038104,49,-9
0.007944107055664062,3.156102180480957,1.1756029129028338,49,-9
0.005817890167235884,3.161920070648193,1.1232419013977109,50,-8
0.005386114120484287,3.167306184768677,1.0801529884338366,50,-8
0.007999897003173828,3.175306081771851,1.016153812408446,51,-7
0.007287025451660156,3.182593107223511,0.9651446342468248,51,-7
0.005620956420897993,3.188214063644409,0.9257979393005389,51,-7
0.005059957504272905,3.193274021148682,0.8903782367706286,51,-7
0.005282163619995117,3.198556184768677,0.8534030914306627,51,-7
0.005493879318236861,3.204050064086914,0.8149459362030047,51,-7
0.0053420066833500535,3.209392070770264,0.7775518894195543,51,-7
0.005873918533324751,3.215265989303589,0.7364344596862811,51,-7
0.006596088409424272,3.221862077713013,0.6902618408203112,52,-6
0.005564928054808682,3.227427005767822,0.6568722724914591,52,-6
0.007079124450684038,3.234506130218506,0.6143975257873548,52,-6
0.006971836090088335,3.241477966308594,0.5725665092468248,52,-6
0.007348060607909712,3.248826026916504,0.5284781455993666,52,-6
0.006263017654418945,3.255089044570923,0.4909000396728529,52,-6
0.005842924118041992,3.260931968688965,0.45584249496460094,52,-6
0.005802154541015181,3.26673412322998,0.42102956771850986,52,-6
0.005033016204833984,3.271767139434814,0.39083147048950595,52,-6
0.005138874053955966,3.27690601348877,0.35999822616577015,52,-6
0.006579160690307173,3.283485174179077,0.3205232620239271,52,-6
0.005666971206665039,3.289152145385742,0.2865214347839369,52,-6
0.005769968032836914,3.294922113418579,0.2519016265869154,52,-6
0.005513906478881836,3.300436019897461,0.21881818771362438,52,-6
0.00626897811889604,3.306704998016357,0.18120431900024814,52,-6
0.007249116897583008,3.31395411491394,0.1377096176147501,52,-6
0.004133939743041992,3.318088054656982,0.11290597915649814,52,-6
0.006829023361206055,3.324917078018188,0.07193183898926181,53,-5
0.009453058242797852,3.334370136260986,0.02466654777527255,53,-5
0.006122827529908115,3.340492963790894,-0.005947589874268022,53,-5
0.0062851905822749465,3.346778154373169,-0.037373542785642755,53,-5
0.007437944412231001,3.3542160987854,-0.07456326484679776,53,-5
0.004019021987915039,3.358235120773315,-0.09465837478637296,53,-5
0.005692005157471147,3.363927125930786,-0.12311840057372869,53,-5
0.005167961120605913,3.369095087051392,-0.14895820617675826,54,-4
0.0075058937072749465,3.376600980758667,-0.17898178100585804,54,-4
0.007846117019652876,3.38444709777832,-0.21036624908446955,54,-4
0.003994941711426225,3.388442039489746,-0.22634601593017445,54,-4
0.00596404075622603,3.394406080245972,-0.25020217895507857,54,-4
0.006006956100463867,3.400413036346436,-0.27423000335693404,55,-3
0.006006956100462979,3.406419992446899,-0.292250871658323,55,-3
0.005498170852662021,3.411918163299561,-0.30874538421630904,55,-3
0.005313873291015181,3.417232036590576,-0.3246870040893546,55,-3
0.006927013397216797,3.424159049987793,-0.34546804428100497,55,-3
0.00684905052185103,3.431008100509644,-0.36601519584655806,56,-2
0.006917953491210049,3.437926054000854,-0.37985110282897816,56,-2
0.013960123062133789,3.451886177062988,-0.40777134895324574,57,-1
0.004436969757080078,3.456323146820068,-0.4122083187103258,57,-1
0.005666017532349077,3.461989164352417,-0.4178743362426749,57,-1
0.0061550140380859375,3.468144178390503,-0.42402935028076083,57,-1
0.00637292861938521,3.474517107009888,-0.43040227890014604,58,0
0.005828857421875,3.480345964431763,-0.43040227890014604,58,0
0.006618022918700728,3.486963987350464,-0.43040227890014604,58,0
0.008095026016235352,3.495059013366699,-0.43040227890014604,59,1
0.006322145462035689,3.501381158828735,-0.42408013343811035,59,1
0.00557184219360396,3.506953001022339,-0.4185082912445064,60,2
0.007449150085449219,3.514402151107788,-0.40360999107360795,60,2
0.006793975830078125,3.521196126937866,-0.3900220394134517,60,2
0.006104946136474609,3.527301073074341,-0.3778121471405025,60,2
0.009739875793457031,3.537040948867798,-0.3583323955535884,60,2
0.006329059600830078,3.543370008468628,-0.34567427635192827,61,3
0.006507158279418945,3.549877166748047,-0.32615280151367143,61,3
0.006887912750244141,3.556765079498291,-0.305489063262939,61,3
0.008579015731811968,3.565344095230103,-0.2797520160675031,62,4
0.005840063095091885,3.571184158325195,-0.25639176368713557,62,4
0.004282951354980913,3.575467109680176,-0.23925995826721191,62,4
0.012932062149048296,3.588399171829224,-0.18753170967101873,63,5
0.006546974182128906,3.594946146011353,-0.1547968387603742,63,5
0.006994009017943892,3.601940155029297,-0.11982679367065474,64,6
0.004524946212768111,3.606465101242065,-0.09267711639404608,64,6
0.00554203987121582,3.612007141113281,-0.059424877166751155,64,6
0.005334854125977007,3.617341995239258,-0.027415752410889116,64,6
0.006680011749267134,3.624022006988525,0.012664318084713688,64,6
0.0073549747467041016,3.631376981735229,0.0567941665649383,64,6
0.007488965988160068,3.638865947723389,0.1017279624938987,65,7
0.0055141448974609375,3.64438009262085,0.14032697677612527,65,7
0.005887031555174893,3.650267124176025,0.18153619766234952,66,8
0.006420850753785068,3.65668797492981,0.23290300369263006,66,8
0.004824161529541016,3.661512136459351,0.2714962959289582,66,8
0.0053048133850088774,3.66681694984436,0.3139348030090292,66,8
0.007638216018677202,3.674455165863037,0.3750405311584468,67,9
0.0041298866271968215,3.678585052490234,0.4122095108032182,67,9
0.0060329437255859375,3.68461799621582,0.46650600433349165,67,9
0.005712985992432085,3.690330982208252,0.5179228782653804,68,10
0.005987167358397993,3.69631814956665,0.5777945518493603,68,10
0.006273031234742099,3.702591180801392,0.6405248641967813,68,10
0.004853963851927823,3.70744514465332,0.6890645027160596,68,10
0.007537841796875,3.714982986450195,0.7644429206848096,68,10
0.013818025588990146,3.728801012039185,0.902623176574711,68,10
0.006446123123168945,3.735247135162354,0.9670844078064005,68,10
0.006645917892456055,3.74189305305481,1.033543586730961,68,10
0.004338979721068892,3.746232032775879,1.07693338394165,68,10
0.007961988449097124,3.754194021224976,1.1565532684326212,68,10
0.005098104476927823,3.759292125701904,1.2075343132018994,68,10
0.007629871368409091,3.766921997070313,1.2838330268859903,69,11
0.008001089096068892,3.774923086166382,1.3718450069427481,68,10
0.0033118724823002488,3.778234958648682,1.4049637317657506,68,10
0.005713224411009854,3.783948183059692,1.4620959758758492,68,10
0.00804376602172896,3.791991949081421,1.5425336360931388,68,10
0.006421089172363281,3.798413038253784,1.6067445278167716,68,10
0.00580811500549272,3.804221153259277,1.6648256778716988,68,10
0.010037899017333984,3.814259052276611,1.7652046680450386,68,10
0.006340026855469194,3.82059907913208,1.8286049365997306,68,10
0.006610870361328125,3.827209949493408,1.8947136402130118,68,10
0.00725102424621582,3.834460973739624,1.96722388267517,68,10
0.006862163543701172,3.841323137283325,2.0358455181121817,68,10
0.004787921905518022,3.846111059188843,2.083724737167362,68,10
0.00600409507751376,3.852115154266357,2.1437656879424996,67,9
0.0058128833770760835,3.857928037643433,2.1960816383361843,67,9
0.0058901309967041016,3.863818168640137,2.249092817306521,67,9
0.0065789222717276274,3.870397090911865,2.30830311775207,66,8
0.006020069122315341,3.87641716003418,2.3564636707305926,66,8
0.00692296028137207,3.883340120315552,2.411847352981569,66,8
0.006070852279662642,3.889410972595215,2.4604141712188703,66,8
0.007980108261107954,3.897391080856323,2.524255037307734,66,8
0.005100011825562412,3.902491092681885,2.565055131912233,65,7
0.005963087081908736,3.908454179763794,2.6067967414855944,65,7
0.005715847015380859,3.914170026779175,2.6468076705932604,65,7
0.007286071777344194,3.921456098556519,2.6978101730346697,65,7
0.005930900573730025,3.927386999130249,2.73932647705078,65,7
0.007752180099486861,3.935139179229736,2.793591737747188,65,7
0.008071899414062944,3.943211078643799,2.8500950336456286,65,7
0.005620002746582031,3.948831081390381,2.8894350528717028,65,7
0.008436918258666992,3.957267999649048,2.9484934806823717,65,7
0.007264137268065962,3.964532136917114,2.9993424415588334,65,7
0.007531881332398349,3.972064018249512,3.052065610885622,66,8
0.006343126296996626,3.978407144546509,3.102810621261595,65,7
0.007532835006714311,3.985939979553223,3.155540466308595,65,7
0.005434036254881924,3.991374015808105,3.1935787200927686,65,7
0.007771015167236772,3.999145030975342,3.247975826263426,65,7
0.007880926132202148,4.007025957107544,3.303142309188841,64,6
0.008069992065429688,4.015095949172974,3.351562261581419,65,7
0.0035932064056396484,4.018689155578613,3.3767147064208967,64,6
0.005555868148803711,4.024245023727417,3.410049915313719,64,6
0.006309032440186435,4.030554056167603,3.4479041099548375,64,6
0.005853891372679776,4.036407947540283,3.483027458190916,63,5
0.005657196044921875,4.042065143585205,3.5113134384155256,64,6
0.007093906402587891,4.049159049987793,3.553876876831053,63,5
0.006860971450805664,4.056020021438599,3.5881817340850812,63,5
0.007853984832763672,4.063874006271362,3.6274516582488996,63,5
0.0036361217498779297,4.06751012802124,3.6456322669982892,63,5
0.005986928939819336,4.07349705696106,3.675566911697386,63,5
0.0055119991302490234,4.079009056091309,3.703126907348631,63,5
0.0064830780029296875,4.085492134094238,3.7355422973632795,63,5
0.00506901741027832,4.090561151504517,3.760887384414671,63,5
0.006500005722046787,4.097061157226563,3.793387413024905,63,5
0.007593870162962979,4.104655027389526,3.83135676383972,63,5
0.010483026504516602,4.115138053894043,3.883771896362303,62,4
0.006020069122314453,4.121158123016357,3.9078521728515607,62,4
0.006152868270873135,4.127310991287231,3.9324636459350533,62,4
0.005205154418946201,4.132516145706177,3.953284263610838,61,3
0.006167888641357422,4.138684034347534,3.9717879295349103,61,3
0.007934093475341797,4.146618127822876,3.9955902099609357,61,3
0.007611989974975586,4.154230117797852,4.0184261798858625,60,2
0.007627964019775391,4.161858081817627,4.033682107925413,60,2
0.006304025650024414,4.168162107467651,4.046290159225462,60,2
0.007326841354369229,4.175488948822021,4.0609438419342005,60,2
0.008831024169922763,4.184319972991943,4.078605890274046,59,1
0.0037310123443603516,4.188050985336304,4.082336902618406,59,1
0.0060880184173583984,4.194139003753662,4.088424921035765,59,1
0.007946968078613281,4.202085971832275,4.096371889114378,58,0
0.004569053649902344,4.206655025482178,4.096371889114378,58,0
0.008419036865234375,4.215074062347412,4.096371889114378,58,0
0.007508993148803711,4.222583055496216,4.096371889114378,57,-1
0.008868932723999023,4.231451988220215,4.087502956390379,57,-1
0.006286144256591797,4.237738132476807,4.081216812133787,57,-1
0.008376836776733398,4.24611496925354,4.072839975357054,56,-2
0.005365133285523349,4.251480102539063,4.062109708786007,56,-2
0.00653195381164462,4.258012056350708,4.049045801162718,56,-2
0.006242036819458008,4.264254093170166,4.036561727523802,56,-2
0.0049588680267333984,4.269212961196899,4.026643991470335,55,-3
0.009784221649169922,4.278997182846069,3.9972913265228254,55,-3
0.007350921630859375,4.286348104476929,3.9752385616302472,55,-3
0.008183002471924716,4.294531106948853,3.950689554214473,55,-3
0.006891012191771573,4.301422119140625,3.9300165176391584,54,-4
0.0063970088958740234,4.307819128036499,3.9044284820556623,54,-4
0.0066759586334228516,4.314495086669922,3.877724647521971,54,-4
0.004823923110961914,4.319319009780884,3.8584289550781232,54,-4
0.006514072418212891,4.325833082199097,3.8323726654052717,54,-4
0.0047149658203125,4.330548048019409,3.8135128021240217,53,-5
0.0062351226806640625,4.336783170700073,3.7823371887207013,53,-5
0.007089853286743164,4.343873023986816,3.7468879222869855,53,-5
0.005605936050414151,4.349478960037231,3.7188582420349148,53,-5
0.00553011894226163,4.355009078979492,3.6912076473236066,53,-5
0.0061490535736083984,4.361158132553101,3.6604623794555646,52,-6
0.006193876266479492,4.36735200881958,3.6232991218566877,52,-6
0.007625102996826172,4.374977111816406,3.5775485038757306,52,-6
0.010840892791748047,4.385818004608154,3.5125031471252424,51,-7
0.007622957229615146,4.393440961837769,3.4591424465179363,51,-7
0.006422996520995206,4.399863958358765,3.41418147087097,51,-7
0.0070590972900390625,4.406923055648804,3.3647677898406965,51,-7
0.008495092391966885,4.415418148040771,3.3053021430969283,50,-8
0.00341796875,4.418836116790771,3.2779583930969283,50,-8
0.005769968032837802,4.424606084823608,3.231798648834226,50,-8
0.009958982467651367,4.43456506729126,3.152126789093015,50,-8
0.0034990310668945312,4.438064098358154,3.1241345405578587,50,-8
0.005742073059082031,4.443806171417236,3.0781979560852024,50,-8
0.005483865737915039,4.449290037155151,3.034327030181882,51,-7
0.009263992309570312,4.458554029464722,2.96947908401489,51,-7
0.008865118026733398,4.467419147491455,2.907423257827756,51,-7
0.006760835647583008,4.474179983139038,2.860097408294675,51,-7
0.006556987762451172,4.480736970901489,2.814198493957517,51,-7
0.007521152496337891,4.488258123397827,2.7615504264831516,51,-7
0.007004976272583008,4.49526309967041,2.7125155925750706,51,-7
0.007809877395629883,4.50307297706604,2.6578464508056614,51,-7
0.0038001537322998047,4.50687313079834,2.6312453746795628,52,-6
0.007149934768676758,4.514023065567017,2.588345766067502,52,-6
0.005352020263670987,4.519375085830688,2.5562336444854763,52,-6
0.006021976470948154,4.525397062301636,2.5201017856597874,52,-6
0.008629083633422852,4.534026145935059,2.4683272838592503,52,-6
0.0099029541015625,4.543929100036621,2.4089095592498753,52,-6
0.00718998908996582,4.551119089126587,2.3657696247100803,52,-6
0.006694078445433682,4.557813167572021,2.3256051540374783,52,-6
0.006671905517579013,4.5644850730896,2.285573720932004,52,-6
0.004878044128417969,4.569363117218018,2.2563054561614964,52,-6
0.005919933319091797,4.575283050537109,2.2207858562469456,53,-5
0.005060911178588867,4.580343961715698,2.1954813003540012,53,-5
0.006350994110107422,4.586694955825806,2.163726329803464,53,-5
0.008381128311157227,4.595076084136963,2.121820688247678,53,-5
0.008249044418334961,4.603325128555298,2.080575466156003,53,-5
0.00302886962890625,4.606353998184204,2.065431118011472,53,-5
0.005427122116088867,4.611781120300293,2.0382955074310276,54,-4
0.005714893341064453,4.617496013641357,2.01543593406677,53,-5
0.006454944610595703,4.623950958251953,1.9831612110137913,53,-5
0.0062961578369140625,4.630247116088867,1.951680421829221,54,-4
0.007050037384033203,4.6372971534729,1.9234802722930882,53,-5
0.006753921508788174,4.644051074981689,1.8897106647491473,53,-5
0.0066940784454354585,4.650745153427124,1.85624027252197,53,-5
0.005638837814331055,4.656383991241455,1.8280460834503147,54,-4
0.005697011947631836,4.662081003189087,1.8052580356597874,54,-4
0.005033016204833984,4.667114019393921,1.7851259708404514,54,-4
0.0077991485595703125,4.674913167953491,1.7539293766021702,54,-4
0.00632786750793457,4.681241035461426,1.728617906570432,54,-4
0.005440950393677646,4.686681985855103,1.7068541049957213,54,-4
0.00797700881957919,4.694658994674683,1.6749460697174046,54,-4
0.00855708122253418,4.703216075897217,1.6407177448272678,54,-4
0.0034799575805664062,4.706696033477783,1.6267979145050022,54,-4
0.006431102752685547,4.713127136230469,1.60107350349426,55,-3
0.005112886428833008,4.718240022659302,1.585734844207761,55,-3
0.007158041000366211,4.725398063659668,1.5642607212066624,55,-3
0.005151033401489258,4.730549097061157,1.5488076210021946,55,-3
0.0055599212646484375,4.736109018325806,1.5321278572082493,56,-2
0.008469104766845703,4.744578123092651,1.5151896476745579,56,-2
0.006747007369994229,4.751325130462646,1.5016956329345694,56,-2
0.006853818893433505,4.758178949356079,1.4879879951477024,57,-1
0.005063056945800781,4.76324200630188,1.4829249382019016,57,-1
0.005576133728027344,4.768818140029907,1.4773488044738743,57,-1
0.005323886871337891,4.774142026901245,1.4720249176025364,57,-1
0.007765054702758789,4.781907081604004,1.4642598628997776,57,-1
0.005009889602661133,4.786916971206665,1.4592499732971165,58,0
0.007565021514892578,4.794481992721558,1.4592499732971165,58,0
0.0041620731353759766,4.798644065856934,1.4592499732971165,59,1
0.0054171085357666016,4.8040611743927,1.464667081832883,59,1
0.006349802017211914,4.810410976409912,1.471016883850095,59,1
0.0061380863189697266,4.816549062728882,1.4771549701690647,60,2
0.007621049880981445,4.824170112609863,1.4923970699310276,60,2
0.007039070129394531,4.831209182739258,1.5064752101898167,60,2
0.006253957748413086,4.837463140487671,1.5189831256866428,60,2
0.008586883544921875,4.846050024032593,1.5361568927764866,60,2
0.007984161376953125,4.854034185409546,1.5521252155303928,61,3
0.005159854888916016,4.859194040298462,1.567604780197141,61,3
0.0057830810546875,4.864977121353149,1.5849540233612034,61,3
0.006479978561401367,4.871457099914551,1.6043939590454075,61,3
0.005156993865966797,4.876614093780518,1.6198649406433079,62,4
0.009587049484253818,4.886201143264771,1.6582131385803232,62,4
0.0031030178070059478,4.889304161071777,1.670625209808347,63,5
0.005774974822998047,4.895079135894775,1.6995000839233372,63,5
0.0069048404693603516,4.901983976364136,1.734024286270139,63,5
0.006651163101196289,4.908635139465332,1.7672801017761204,63,5
0.008723974227905273,4.917359113693237,1.8108999729156467,63,5
0.006825923919677734,4.924185037612915,1.8450295925140354,64,6
0.00958108901977539,4.93376612663269,1.9025161266326878,65,7
0.0048978328704833984,4.938663959503174,1.9368009567260716,65,7
0.006721019744873047,4.945384979248047,1.9838480949401829,65,7
0.004631996154785156,4.950016975402832,2.016272068023679,65,7
0.006283998489379883,4.956300973892212,2.060260057449338,65,7
0.007165193557739258,4.963466167449951,2.110416412353513,66,8
0.005769014358520508,4.969235181808472,2.156568527221677,66,8
0.006584882736206055,4.975820064544678,2.2092475891113255,67,9
0.00821805000305087,4.984038114547729,2.2832100391387833,68,10
0.003005027770996982,4.987043142318726,2.313260316848753,68,10
0.006222963333128995,4.993266105651855,2.375489950180043,68,10
0.006573915481568271,4.999840021133423,2.4412291049957258,68,10
0.006821155548096591,5.006661176681519,2.5094406604766917,68,10
0.005155801773070401,5.01181697845459,2.5609986782073957,68,10
0.006036043167114258,5.017853021621704,2.6213591098785383,68,10
0.005527973175048828,5.023380994796753,2.6766388416290265,68,10
0.007102012634277344,5.03048300743103,2.7476589679718,68,10
0.00619816780090332,5.036681175231934,2.809640645980833,69,11
0.006394863128662109,5.043076038360596,2.8799841403961164,68,10
0.007409095764160156,5.050485134124756,2.954075098037718,69,11
0.0057179927825927734,5.056203126907349,3.0169730186462385,69,11
0.008877038955688477,5.065080165863037,3.1146204471588117,69,11
0.008235931396483487,5.073316097259521,3.20521569252013,69,11
0.006505966186524326,5.079822063446045,3.2767813205718976,69,11
0.0069620609283447266,5.08678412437439,3.3533639907836896,69,11
0.007124900817871094,5.093909025192261,3.4317378997802717,69,11
0.004351139068603516,5.098260164260864,3.4796004295349103,69,11
0.007635831832885742,5.10589599609375,3.5635945796966535,69,11
0.008134126663208008,5.114030122756958,3.6530699729919416,69,11
0.007225990295410156,5.121256113052368,3.7325558662414533,68,10
0.006949901580810547,5.128206014633179,3.8020548820495588,68,10
0.00693511962890625,5.135141134262085,3.8714060783386213,68,10
0.006798982620239258,5.141940116882324,3.939395904541014,68,10
0.0051119327545166016,5.147052049636841,3.99051523208618,68,10
0.006684064865112305,5.153736114501953,4.057355880737303,68,10
0.006217002868651456,5.159953117370605,4.1195259094238175,67,9
0.004667043685914862,5.164620161056519,4.161529302597051,67,9
0.0056939125061026274,5.170314073562622,4.212774515151975,67,9
0.005799055099487305,5.176113128662109,4.264966011047361,67,9
0.008360862731933594,5.184473991394043,4.340213775634763,67,9
0.0072650909423828125,5.191739082336426,4.405599594116208,66,8
0.0063550472259521484,5.198094129562378,4.4564399719238255,67,9
0.008229970932006836,5.206324100494385,4.530509710311887,67,9
0.0031299591064453125,5.20945405960083,4.558679342269895,66,8
0.0058879852294921875,5.215342044830322,4.605783224105832,66,8
0.006145954132080078,5.221487998962402,4.654950857162473,66,8
0.0054149627685546875,5.226902961730957,4.69827055931091,67,9
0.0073201656341552734,5.234223127365112,4.764152050018308,66,8
0.006468057632446289,5.240691184997559,4.815896511077878,66,8
0.006658792495727539,5.247349977493286,4.8691668510436985,66,8
0.00912809371948331,5.256478071212769,4.942191600799565,66,8
0.008029937744139737,5.264508008956909,5.006431102752683,66,8
0.008057117462158203,5.272565126419067,5.0708880424499485,65,7
0.006382942199707031,5.278948068618774,5.115568637847898,65,7
0.007167100906371182,5.286115169525146,5.165738344192496,65,7
0.008380889892579013,5.294496059417725,5.224404573440549,65,7
0.008491992950439453,5.302988052368164,5.283848524093625,65,7
0.004756927490234375,5.307744979858398,5.317147016525266,65,7
0.007361173629760742,5.315106153488159,5.368675231933591,65,7
0.009166955947875977,5.324273109436035,5.432843923568723,64,6
0.008408069610595703,5.332681179046631,5.483292341232297,64,6
0.004052877426147461,5.336734056472778,5.507609605789182,64,6
0.0064139366149911226,5.343147993087769,5.546093225479129,63,5
0.005017995834349698,5.348165988922119,5.571183204650877,63,5
0.005956172943115234,5.354122161865234,5.600964069366453,63,5
0.0060138702392578125,5.360136032104492,5.631033420562742,63,5
0.008858919143676758,5.368994951248169,5.675328016281126,64,6
0.005694150924682617,5.374689102172852,5.709492921829222,64,6
0.010637044906616211,5.385326147079468,5.773315191268919,63,5
0.006111860275268555,5.391438007354736,5.803874492645262,63,5
0.0067560672760009766,5.398194074630737,5.837654829025267,63,5
0.0049800872802734375,5.403174161911011,5.862555265426634,63,5
0.004973888397217685,5.408148050308228,5.887424707412722,62,4
0.005955934524535245,5.414103984832764,5.911248445510863,62,4
0.0061910152435302734,5.420295000076294,5.9360125064849845,62,4
0.006070137023925781,5.42636513710022,5.960293054580688,61,3
0.005578041076660156,5.43194317817688,5.977027177810668,61,3
0.006126880645751953,5.438070058822632,5.995407819747924,61,3
0.007322072982788086,5.44539213180542,6.017374038696288,60,2
0.008786916732788086,5.454179048538208,6.034947872161864,60,2
0.009727954864501953,5.46390700340271,6.054403781890868,59,1
0.0060040950775146484,5.469911098480225,6.060407876968383,59,1
0.007258892059326172,5.477169990539551,6.067666769027709,59,1
0.008224964141844815,5.485394954681396,6.075891733169554,58,0
0.009982109069825107,5.495377063751221,6.075891733169554,58,0
0.008002996444702148,5.503380060195923,6.075891733169554,58,0
0.005218029022216797,5.50859808921814,6.075891733169554,57,-1
0.007288932800292969,5.515887022018433,6.068602800369261,57,-1
0.0073659420013427734,5.523252964019775,6.061236858367918,56,-2
0.006255149841308594,5.529508113861084,6.048726558685301,56,-2
0.006760835647583008,5.536268949508667,6.035204887390135,56,-2
0.004522085189819336,5.540791034698486,6.026160717010496,56,-2
0.005648136138916016,5.546439170837402,6.014864444732664,55,-3
0.008212804794311523,5.554651975631714,5.99022603034973,55,-3
0.008658170700073242,5.563310146331787,5.96425151824951,55,-3
0.002828836441040039,5.566138982772827,5.95576500892639,55,-3
0.005892992019652432,5.57203197479248,5.9380860328674325,54,-4
0.005740165710450107,5.57777214050293,5.915125370025632,54,-4
0.0063288211822509766,5.584100961685181,5.889810085296628,54,-4
0.006257057189941406,5.590358018875122,5.864781856536863,54,-4
0.006364107131958008,5.59672212600708,5.8393254280090305,54,-4
0.007256984710693359,5.603979110717773,5.810297489166257,54,-4
0.00551295280456543,5.609492063522339,5.788245677947995,53,-5
0.0068089962005615234,5.6163010597229,5.754200696945188,53,-5
0.011770009994506836,5.628071069717407,5.695350646972654,52,-6
0.007071971893310547,5.635143041610718,5.65291881561279,52,-6
0.006675004959106445,5.641818046569824,5.612868785858152,52,-6
0.0071659088134765625,5.648983955383301,5.569873332977292,51,-7
0.006952047348022461,5.655936002731323,5.521209001541135,51,-7
0.007970094680786133,5.663906097412109,5.465418338775632,51,-7
0.010403871536254883,5.674309968948364,5.392591238021848,50,-8
0.00752902030944913,5.681838989257813,5.332359075546255,51,-7
0.004348993301390713,5.686187982559204,5.30191612243652,50,-8
0.009672164916992188,5.695860147476196,5.224538803100582,50,-8
0.006163835525512695,5.702023983001709,5.175228118896481,50,-8
0.006620168685913086,5.708644151687622,5.122266769409176,50,-8
0.0072329044342041016,5.715877056121826,5.064403533935543,51,-7
0.007302045822143555,5.72317910194397,5.013289213180538,51,-7
0.010001897811889648,5.733180999755859,4.943275928497311,51,-7
0.003971099853515625,5.737152099609375,4.9154782295227015,51,-7
0.006672859191895419,5.74382495880127,4.868768215179434,51,-7
0.010218143463133877,5.754043102264404,4.7972412109374964,52,-6
0.0033800601959228516,5.757423162460327,4.776960849761959,52,-6
0.006538867950439453,5.763962030410767,4.737727642059323,52,-6
0.006279945373535156,5.770241975784302,4.700047969818112,52,-6
0.006144046783447266,5.776386022567749,4.663183689117428,52,-6
0.008075952529907227,5.784461975097656,4.614727973937985,52,-6
0.0064661502838134766,5.79092812538147,4.575931072235104,52,-6
0.006157875061035156,5.797086000442505,4.538983821868893,52,-6
0.007166147232056552,5.804252147674561,4.495986938476554,52,-6
0.003120899200438565,5.807373046875,4.477261543273922,52,-6
0.006844997406005859,5.814218044281006,4.436191558837887,52,-6
0.0065190792083740234,5.82073712348938,4.397077083587643,53,-5
0.005209922790527344,5.825947046279907,4.371027469635006,53,-5
0.005455970764160156,5.831403017044067,4.343747615814205,53,-5
0.006395101547241211,5.837798118591309,4.311772108077999,53,-5
0.006428956985473633,5.844227075576782,4.279627323150631,53,-5
0.007196903228759766,5.851423978805542,4.243642807006832,53,-5
0.004891157150269443,5.856315135955811,4.219187021255485,53,-5
0.005802869796751153,5.862118005752563,4.190172672271729,53,-5
0.005872964859009677,5.867990970611572,4.160807847976681,53,-5
0.006009101867675781,5.874000072479248,4.130762338638302,53,-5
0.006476879119873047,5.880476951599121,4.098377943038937,53,-5
0.005650997161865234,5.886127948760986,4.070122957229611,54,-4
0.005986213684082031,5.892114162445068,4.046178102493283,54,-4
0.0067479610443115234,5.89886212348938,4.0191862583160365,53,-5
0.007598876953125,5.906461000442505,3.9811918735504115,54,-4
0.00748896598815918,5.913949966430664,3.9512360095977748,54,-4
0.0040471553802490234,5.917997121810913,3.9350473880767787,54,-4
0.007268905639649326,5.925266027450562,3.9059717655181814,55,-3
0.0051429271697989165,5.930408954620361,3.8905429840087846,55,-3
0.005690097808837891,5.936099052429199,3.873472690582271,55,-3
0.005937099456787109,5.942036151885986,3.8556613922119096,55,-3
0.007403850555419922,5.949440002441406,3.83344984054565,55,-3
0.006919145584106445,5.956359148025513,3.8126924037933305,56,-2
0.006724834442138672,5.963083982467651,3.799242734909053,56,-2
0.00593113899230957,5.969015121459961,3.787380456924434,57,-1
0.00797891616821289,5.976994037628174,3.779401540756221,57,-1
0.007584095001221591,5.984578132629395,3.7718174457549996,57,-1
0.0033478736877432524,5.987926006317139,3.7684695720672563,57,-1
0.005957126617431641,5.99388313293457,3.7625124454498247,57,-1
0.00616002082824707,6.000043153762817,3.7563524246215776,57,-1
0.006745815277099609,6.006788969039917,3.749606609344478,58,0
0.009788990020751953,6.016577959060669,3.749606609344478,58,0
0.00347900390625,6.020056962966919,3.749606609344478,59,1
0.0058460235595703125,6.025902986526489,3.7554526329040483,59,1
0.007200002670288086,6.033102989196777,3.7626526355743364,60,2
0.006721019744873047,6.03982400894165,3.7760946750640825,60,2
0.00740504264831543,6.047229051589966,3.7909047603607133,60,2
0.008906126022338867,6.056135177612305,3.808717012405391,60,2
0.007281780242919922,6.063416957855225,3.823280572891231,61,3
0.006736040115356445,6.070152997970581,3.8434886932373002,61,3
0.008378028869628906,6.07853102684021,3.868622779846187,61,3
0.0060710906982421875,6.084602117538452,3.8868360519409135,62,4
0.009902000427246094,6.094504117965698,3.926444053649898,62,4
0.006680965423583984,6.101185083389282,3.953167915344234,62,4
0.0061168670654296875,6.107301950454712,3.9776353836059526,63,5
0.0070111751556396484,6.114313125610352,4.012691259384151,63,5
0.004858970642089844,6.119172096252441,4.0369861125946,64,6
0.005248069763183594,6.124420166015625,4.068474531173702,64,6
0.01230478286743164,6.136724948883057,4.1423032283782915,64,6
0.010082006454467773,6.146806955337524,4.202795267105098,64,6
0.006471157073974609,6.153278112411499,4.241622209548946,64,6
0.006218910217285156,6.159497022628784,4.278935670852657,64,6
0.00716400146484375,6.166661024093628,4.321919679641719,65,7
0.0042459964752197266,6.170907020568848,4.351641654968257,65,7
0.008475065231323242,6.179382085800171,4.41096711158752,65,7
0.0077800750732421875,6.187162160873413,4.465427637100215,66,8
0.009030818939208984,6.196192979812622,4.537674188613887,67,9
0.005895137786865234,6.202088117599487,4.590730428695674,66,8
0.006551980972290039,6.208640098571777,4.643146276473995,67,9
0.006494045257568359,6.215134143829346,4.70159268379211,68,10
0.006760835647583008,6.221894979476929,4.76920104026794,68,10
0.0042760372161865234,6.226171016693115,4.811961412429805,68,10
0.008819103240966797,6.234990119934082,4.900152444839473,68,10
0.003944873809813565,6.238934993743896,4.939601182937609,68,10
0.007807970046998847,6.246742963790894,5.017680883407597,68,10
0.007812023162840909,6.254554986953735,5.095801115036006,68,10
0.0029120445251464844,6.257467031478882,5.124921560287471,67,9
0.005991935729980469,6.263458967208862,5.178848981857295,67,9
0.006042003631591797,6.269500970840454,5.2332270145416215,68,10
0.006774187088012695,6.276275157928467,5.3009688854217485,68,10
0.009015798568725586,6.285290956497192,5.391126871109004,68,10
0.005364179611206055,6.290655136108398,5.444768667221065,68,10
0.0059838294982901274,6.296638965606689,5.504606962203966,68,10
0.004781007766724521,6.301419973373413,5.552417039871211,68,10
0.005304098129273349,6.306724071502686,5.605458021163945,68,10
0.007247924804686612,6.313971996307373,5.677937269210811,68,10
0.005969047546386719,6.31994104385376,5.737627744674678,68,10
0.0060961246490478516,6.326037168502808,5.798588991165157,68,10
0.009855985641479492,6.335893154144287,5.897148847579952,67,9
0.006147861480712891,6.342041015625,5.952479600906368,67,9
0.006562948226928711,6.348603963851929,6.011546134948726,67,9
0.00590205192565918,6.354506015777588,6.064664602279659,67,9
0.008779048919677734,6.363285064697266,6.143676042556758,67,9
0.005759000778198242,6.369044065475464,6.195507049560542,66,8
0.006078958511352539,6.375123023986816,6.244138717651363,66,8
0.00557708740234375,6.38070011138916,6.288755416870113,65,7
0.006769895553588867,6.387470006942749,6.336144685745235,65,7
0.007136106491088867,6.394606113433838,6.386097431182857,65,7
0.007144927978516513,6.401751041412354,6.4361119270324725,64,6
0.006834030151366299,6.408585071563721,6.47711610794067,64,6
0.0066869258880615234,6.415271997451782,6.517237663269039,64,6
0.009020090103149414,6.424292087554932,6.571358203887936,64,6
0.007701873779297763,6.431993961334229,6.6175694465637225,63,5
0.005287170410155362,6.437281131744385,6.644005298614499,63,5
0.0066869258880615234,6.443968057632446,6.677439928054807,63,5
0.0042569637298583984,6.448225021362305,6.698724746704099,63,5
0.0060460567474365234,6.454271078109741,6.7289550304412815,63,5
0.00625300407409668,6.460524082183838,6.760220050811765,63,5
0.008080005645751953,6.46860408782959,6.800620079040525,63,5
0.005609035491943359,6.474213123321533,6.8286652565002415,63,5
0.00626683235168457,6.480479955673218,6.859999418258664,63,5
0.005589008331298828,6.486068964004517,6.8879444599151585,63,5
0.007688999176025391,6.493757963180542,6.926389455795285,63,5
0.006217002868652344,6.499974966049194,6.957474470138547,63,5
0.00705718994140625,6.507032155990601,6.992760419845578,63,5
0.009405851364135742,6.516438007354736,7.039789676666257,62,4
0.007734060287475586,6.524172067642212,7.0707259178161594,62,4
0.007801055908203125,6.531973123550415,7.101930141448972,61,3
0.004156827926635742,6.536129951477051,7.114400625228879,61,3
0.0065670013427734375,6.542696952819824,7.1341016292571995,60,2
0.005219221115113193,6.547916173934937,7.144540071487426,60,2
0.00632596015930087,6.554242134094238,7.157191991806028,60,2
0.00886392593383789,6.563106060028076,7.174919843673703,60,2
0.006227016448974609,6.569333076477051,7.187373876571653,60,2
0.006691932678222656,6.576025009155273,7.200757741928098,59,1
0.008443117141723633,6.584468126296997,7.2092008590698216,59,1
0.004878044128417969,6.589346170425415,7.2140789031982395,58,0
0.0084228515625,6.597769021987915,7.2140789031982395,58,0
0.00672602653503418,6.604495048522949,7.2140789031982395,58,0
0.00477910041809082,6.60927414894104,7.2140789031982395,57,-1
0.0056378841400146484,6.614912033081055,7.208441019058225,57,-1
0.006303071975708008,6.621215105056763,7.202137947082517,57,-1
0.005568027496337891,6.626783132553101,7.196569919586179,57,-1
0.008445024490356445,6.635228157043457,7.1881248950958225,56,-2
0.013213872909545898,6.648442029953003,7.161697149276731,55,-3
0.0070171356201171875,6.65545916557312,7.140645742416379,55,-3
0.005796909332276279,6.661256074905396,7.12325501441955,55,-3
0.005649089813231534,6.666905164718628,7.106307744979856,55,-3
0.00728297233581543,6.674188137054443,7.0844588279724094,54,-4
0.006702899932861328,6.680891036987305,7.057647228240964,54,-4
0.009377956390381748,6.690268993377686,7.020135402679437,54,-4
0.005501031875609463,6.695770025253296,6.998131275176999,54,-4
0.007275104522705078,6.703045129776001,6.969030857086179,54,-4
0.005569934844970703,6.708615064620972,6.946751117706296,53,-5
0.006737947463989258,6.715353012084961,6.91306138038635,53,-5
0.00718712806701749,6.722540140151978,6.877125740051262,53,-5
0.00472998619079501,6.727270126342773,6.853475809097287,52,-6
0.007362842559814453,6.734632968902588,6.809298753738401,52,-6
0.006765127182006836,6.741398096084595,6.76870799064636,52,-6
0.0065500736236572266,6.747948169708252,6.729407548904416,51,-7
0.007071971893311435,6.755020141601563,6.679903745651236,51,-7
0.006978988647460049,6.761999130249023,6.631050825119016,51,-7
0.006996870040893555,6.768996000289917,6.582072734832761,51,-7
0.006042003631591797,6.775038003921509,6.539778709411618,50,-8
0.004183053970336914,6.779221057891846,6.506314277648923,50,-8
0.006150007247925693,6.785371065139771,6.457114219665518,50,-8
0.005256891250609463,6.790627956390381,6.415059089660642,50,-8
0.00590205192565918,6.79653000831604,6.367842674255368,50,-8
0.006500959396362305,6.803030967712402,6.31583499908447,50,-8
0.005506992340087891,6.80853796005249,6.271779060363767,50,-8
0.005994081497192383,6.814532041549683,6.223826408386228,50,-8
0.007389068603515625,6.821921110153198,6.164713859558103,49,-9
0.00414586067199707,6.826066970825195,6.127401113510129,50,-8
0.005427122116088867,6.831494092941284,6.083984136581418,50,-8
0.006237030029296875,6.837731122970581,6.034087896347043,50,-8
0.006500959396362305,6.844232082366943,5.982080221176145,50,-8
0.007679939270019531,6.851912021636963,5.9206407070159885,51,-7
0.006965160369873047,6.858877182006836,5.871884584426877,50,-8
0.006066799163818359,6.864943981170654,5.82335019111633,51,-7
0.004961967468261719,6.869905948638916,5.788616418838498,51,-7
0.005868196487426758,6.875774145126343,5.747539043426511,51,-7
0.005714893341064453,6.881489038467407,5.70753479003906,51,-7
0.006428956985473633,6.887917995452881,5.662532091140744,51,-7
0.009363174438476562,6.897281169891357,5.5969898700714085,52,-6
0.007058858871459961,6.904340028762817,5.554636716842649,52,-6
0.00667905807495206,6.911019086837769,5.514562368392936,51,-7
0.005598068237303799,6.916617155075073,5.47537589073181,52,-6
0.0048868656158447266,6.921504020690918,5.446054697036741,52,-6
0.005697011947631836,6.92720103263855,5.41187262535095,52,-6
0.010709047317504883,6.937910079956055,5.347618341445921,52,-6
0.005886077880859375,6.943796157836914,5.312301874160765,52,-6
0.006453990936279297,6.950250148773193,5.273577928543089,52,-6
0.007616996765136719,6.95786714553833,5.227875947952269,53,-5
0.00616002082824707,6.964027166366577,5.197075843811033,52,-6
0.007846832275390625,6.971873998641968,5.14999485015869,53,-5
0.008289098739624023,6.980163097381592,5.1085493564605695,52,-6
0.006350040435791016,6.986513137817383,5.070449113845823,52,-6
0.004598855972290039,6.991111993789673,5.042855978012083,52,-6
0.0052471160888671875,6.99635910987854,5.01137328147888,52,-6
0.007586002349854404,7.003945112228394,4.965857267379754,52,-6
0.006685018539427823,7.010630130767822,4.925747156143187,53,-5
0.0058209896087646484,7.016451120376587,4.8966422080993635,53,-5
0.006527900695800781,7.022979021072388,4.8640027046203596,53,-5
0.005063056945799893,7.028042078018188,4.83868741989136,53,-5
0.0061240196228036226,7.034166097640991,4.808067321777342,53,-5
0.006571054458618164,7.040737152099609,4.775212049484251,54,-4
0.006578922271728516,7.047316074371338,4.748896360397337,54,-4
0.007209062576293945,7.054525136947632,4.720060110092161,54,-4
0.004405021667480469,7.058930158615112,4.702440023422239,54,-4
0.006829023361206055,7.065759181976318,4.675123929977415,55,-3
0.005338907241821289,7.07109808921814,4.659107208251951,55,-3
0.005465030670166016,7.076563119888306,4.642712116241453,55,-3
0.006669044494628906,7.083232164382935,4.622704982757567,55,-3
0.004898786544799805,7.088130950927734,4.608008623123167,55,-3
0.0068781375885009766,7.095009088516235,4.587374210357664,56,-2
0.004410982131958008,7.099420070648193,4.578552246093748,56,-2
0.00731992721557706,7.10673999786377,4.563912391662594,56,-2
0.00435304641723544,7.111093044281006,4.555206298828123,56,-2
0.005903959274291992,7.116997003555298,4.543398380279539,57,-1
0.0061321258544921875,7.12312912940979,4.537266254425047,57,-1
0.0048329830169677734,7.127962112426758,4.532433271408079,57,-1
0.006595849990845615,7.134557962417603,4.525837421417234,57,-1
0.007373094558714932,7.141931056976318,4.518464326858519,58,0
0.006726980209350586,7.148658037185669,4.518464326858519,58,0
0.006680011749268466,7.155338048934937,4.518464326858519,59,1
0.00608801841735751,7.161426067352295,4.524552345275876,59,1
0.006676912307739258,7.168102979660034,4.5312292575836155,60,2
0.008175134658813477,7.176278114318848,4.5475795269012425,60,2
0.007945060729980469,7.184223175048828,4.563469648361203,60,2
0.0038399696350097656,7.188063144683838,4.571149587631223,60,2
0.006266832351683682,7.194329977035522,4.58368325233459,61,3
0.00750303268432706,7.201833009719849,4.6061923503875715,61,3
0.006389141082763672,7.208222150802612,4.6253597736358625,62,4
0.00844883918762207,7.216670989990234,4.659155130386351,63,5
0.007256031036376953,7.223927021026611,4.6954352855682355,63,5
0.007317066192626953,7.231244087219238,4.73202061653137,64,6
0.006574869155883789,7.237818956375122,4.771469831466673,64,6
0.006378173828125,7.244197130203247,4.809738874435423,64,6
0.006412982940673828,7.250610113143921,4.848216772079466,64,6
0.006057024002075195,7.256667137145996,4.884558916091917,65,7
0.007469892501831055,7.264137029647827,4.9368481636047346,65,7
0.007797956466674805,7.271934986114502,4.991433858871458,65,7
0.006280183792114258,7.278215169906616,5.035395145416258,65,7
0.006281852722167969,7.284497022628784,5.079368114471434,66,8
0.006700038909912109,7.291197061538696,5.132968425750731,66,8
0.006720066070556641,7.297917127609253,5.186728954315184,66,8
0.0070688724517822266,7.304986000061035,5.243279933929442,66,8
0.006143093109130859,7.311129093170166,5.2924246788024885,67,9
0.006046056747437412,7.317175149917603,5.346839189529425,67,9
0.004570960998534268,7.321746110916138,5.387977838516234,68,10
0.0055849552154541016,7.327331066131592,5.443827390670775,68,10
0.009936094284057617,7.337267160415649,5.543188333511351,68,10
0.00812387466430664,7.345391035079956,5.624427080154417,68,10
0.003835916519165039,7.349226951599121,5.662786245346068,69,11
0.005194187164306641,7.354421138763428,5.719922304153441,69,11
0.005831003189086914,7.360252141952515,5.784063339233397,69,11
0.006073951721191406,7.366326093673706,5.850876808166502,69,11
0.0070378780364990234,7.373363971710205,5.928293466567991,69,11
0.005235195159912109,7.378599166870117,5.985880613327025,69,11
0.00673985481262207,7.385339021682739,6.060019016265867,70,12
0.006039142608642578,7.391378164291382,6.132488727569578,70,12
0.006441831588745117,7.397819995880127,6.20979070663452,70,12
0.006312131881713867,7.404132127761841,6.285536289215086,70,12
0.006517887115478516,7.410650014877319,6.363750934600828,70,12
0.006175994873046875,7.416826009750366,6.437862873077391,70,12
0.004981040954589844,7.421807050704956,6.497635364532469,70,12
0.005167961120606357,7.426975011825562,6.559650897979745,70,12
0.00680208206176669,7.433777093887329,6.6412758827209455,70,12
0.005409955978393555,7.439187049865723,6.706195354461668,70,12
0.0068950653076171875,7.44608211517334,6.788936138153074,70,12
0.005691051483154297,7.451773166656494,6.857228755950926,70,12
0.006375789642333984,7.458148956298828,6.933738231658934,69,11
0.008256196975708008,7.466405153274536,7.024556398391722,69,11
0.008239984512329102,7.474645137786865,7.115196228027342,69,11
0.006765842437744141,7.481410980224609,7.1896204948425275,69,11
0.005820035934448242,7.487231016159058,7.253640890121458,69,11
0.007694959640503818,7.494925975799561,7.338285446167,68,10
0.006855010986327237,7.501780986785889,7.4068355560302725,68,10
0.005521059036255771,7.507302045822144,7.46204614639283,68,10
0.007133007049559659,7.514435052871704,7.533376216888427,67,9
0.007441043853759766,7.521876096725464,7.600345611572265,67,9
0.0060880184173583984,7.527964115142822,7.65513777732849,67,9
0.007380008697509766,7.535344123840332,7.721557855606078,67,9
0.006496906280517578,7.54184103012085,7.780030012130736,66,8
0.00416111946105957,7.546002149581909,7.813318967819213,67,9
0.005497932434082031,7.551500082015991,7.862800359725951,67,9
0.007364034652709961,7.558864116668701,7.929076671600341,66,8
0.006547927856444424,7.565412044525146,7.981460094451896,66,8
0.004993915557862216,7.570405960083008,8.021411418914795,66,8
0.006326198577880859,7.576732158660889,8.072021007537842,66,8
0.006744861602783203,7.583477020263672,8.125979900360107,66,8
0.006387948989868164,7.58986496925354,8.177083492279053,66,8
0.005601167678833008,7.595466136932373,8.221892833709717,66,8
0.005554914474487305,7.60102105140686,8.266332149505615,66,8
0.0058209896087646484,7.606842041015625,8.312900066375732,65,7
0.0074350833892822266,7.614277124404907,8.364945650100708,65,7
0.004482030868531162,7.618759155273438,8.396319866180427,65,7
0.005656957626341885,7.62441611289978,8.43591856956482,65,7
0.005697011947631836,7.630113124847412,8.475797653198242,65,7
0.005705833435058594,7.635818958282471,8.515738487243652,65,7
0.005990028381347656,7.641808986663818,8.557668685913086,64,6
0.00611114501953125,7.64792013168335,8.594335556030273,64,6
0.006639957427978516,7.654560089111328,8.634175300598145,64,6
0.004761934280395508,7.659322023391724,8.662746906280518,64,6
0.005151987075805664,7.664474010467529,8.693658828735352,63,5
0.006242990493774414,7.670717000961304,8.724873781204224,63,5
0.0066089630126953125,7.677325963973999,8.7579185962677,63,5
0.007108211517333984,7.684434175491333,8.79345965385437,63,5
0.004709959030151367,7.689144134521484,8.817009449005127,64,6
0.005903005599975586,7.69504714012146,8.85242748260498,64,6
0.005466938018798828,7.700514078140259,8.885229110717773,63,5
0.005986928939819336,7.706501007080078,8.91516375541687,63,5
0.0059931278228759766,7.712494134902954,8.94512939453125,63,5
0.0056400299072265625,7.718134164810181,8.973329544067383,63,5
0.007108926773071289,7.725243091583252,9.00887417793274,62,4
0.006097078323364258,7.731340169906616,9.033262491226196,62,4
0.009630918502807617,7.740971088409424,9.071786165237427,61,3
0.006326913833618164,7.747298002243042,9.090766906738281,61,3
0.00767207145690918,7.754970073699951,9.113783121109009,60,2
0.00628209114074707,7.761252164840698,9.126347303390503,60,2
0.0065839290618896484,7.767836093902588,9.139515161514282,60,2
0.006844997406005859,7.774681091308594,9.153205156326294,60,2
0.003468036651611328,7.778149127960205,9.160141229629517,59,1
0.006050825119018555,7.784199953079224,9.166192054748535,59,1
0.006566047668457031,7.790766000747681,9.172758102416992,58,0
0.005824089050292969,7.796590089797974,9.172758102416992,59,1
0.007202863693237305,7.803792953491211,9.17996096611023,58,0
0.006301164627075195,7.810094118118286,9.17996096611023,58,0
0.0064239501953125,7.816518068313599,9.17996096611023,57,-1
0.008042097091674805,7.824560165405273,9.171918869018555,57,-1
0.003345966339111328,7.827906131744385,9.168572902679443,57,-1
0.006604909896850586,7.834511041641235,9.161967992782593,56,-2
0.00731992721557706,7.841830968856812,9.147328138351439,56,-2
0.005998134613036221,7.847829103469849,9.135331869125366,56,-2
0.008620023727416992,7.856449127197266,9.118091821670532,56,-2
0.0036008358001717866,7.860049962997437,9.110890150070189,55,-3
0.00585913658142001,7.865909099578857,9.093312740325928,55,-3
0.00830101966857999,7.874210119247437,9.068409681320187,55,-3
0.005995035171507901,7.880205154418945,9.050424575805664,54,-4
0.006722927093505859,7.886928081512451,9.02353286743164,54,-4
0.0075969696044921875,7.894525051116943,8.993144989013672,54,-4
0.007297039031982422,7.901822090148926,8.963956832885742,54,-4
0.004519939422607422,7.906342029571533,8.945877075195312,53,-5
0.0055730342864990234,7.911915063858032,8.918011903762817,53,-5
0.0059320926666259766,7.917847156524658,8.888351440429688,53,-5
0.006523847579956055,7.924371004104614,8.855732202529907,52,-6
0.00495600700378418,7.929327011108398,8.825996160507202,52,-6
0.005999088287353516,7.935326099395752,8.790001630783081,52,-6
0.010551929473876953,7.945878028869629,8.72669005393982,51,-7
0.0058939456939697266,7.951771974563599,8.685432434082031,51,-7
