Ts=calc,Tid=meas,Volum=calc,Lys=meas,Flow=calc
nullflow=34.8,Lys0=38
0.005,0,0,38,0
0.002454996109008789,0.002454996109008789,0,38,3.200000000000003
0.01947903633117676,0.02193403244018555,0.06233291625976569,39,4.200000000000003
0.011866092681884762,0.03380012512207031,0.11217050552368173,39,4.200000000000003
0.00674486160278321,0.04054498672485352,0.14049892425537122,39,4.200000000000003
0.00522613525390625,0.04577112197875977,0.1624486923217775,39,4.200000000000003
0.005776882171630859,0.05154800415039063,0.18671159744262714,39,4.200000000000003
0.00621795654296875,0.05776596069335938,0.21282701492309591,39,4.200000000000003
0.006484031677246087,0.06424999237060547,0.2400599479675295,40,5.200000000000003
0.007219076156616211,0.07146906852722168,0.2775991439819338,40,5.200000000000003
0.004685878753662109,0.07615494728088379,0.3019657135009768,40,5.200000000000003
0.007861137390136719,0.08401608467102051,0.34284362792968776,40,5.200000000000003
0.004584074020385742,0.08860015869140625,0.36668081283569365,40,5.200000000000003
0.005548000335693359,0.09414815902709961,0.3955304145812991,40,5.200000000000003
0.007086992263793987,0.1012351512908936,0.43238277435302785,40,5.200000000000003
0.0051729679107666016,0.1064081192016602,0.4592822074890142,40,5.200000000000003
0.0052769184112547995,0.111685037612915,0.4867221832275392,40,5.200000000000003
0.0064370632171631,0.1181221008300781,0.5201949119567874,40,5.200000000000003
0.008368968963623102,0.1264910697937012,0.5637135505676275,41,6.200000000000003
0.005100965499877902,0.1315920352935791,0.5953395366668706,41,6.200000000000003
0.006428003311157199,0.1380200386047363,0.6351931571960452,41,6.200000000000003
0.006397008895874107,0.1444170475006104,0.6748546123504646,41,6.200000000000003
0.007158041000366183,0.1515750885009766,0.7192344665527349,41,6.200000000000003
0.006840944290161105,0.1584160327911377,0.7616483211517338,41,6.200000000000003
0.0059359073638916016,0.1643519401550293,0.7984509468078617,41,6.200000000000003
0.004923105239868192,0.1692750453948975,0.8289741992950445,41,6.200000000000003
0.005300045013427707,0.1745750904083252,0.8618344783782963,41,6.200000000000003
0.006749868392944308,0.1813249588012695,0.903683662414551,41,6.200000000000003
0.005426168441772489,0.186751127243042,0.9373259067535404,42,7.200000000000003
0.005591869354248019,0.19234299659729,0.9775873661041262,42,7.200000000000003
0.006404161453247098,0.1987471580505371,1.0236973285675053,42,7.200000000000003
0.004631996154785184,0.2033791542053223,1.0570477008819585,42,7.200000000000003
0.0057289600372314176,0.2091081142425537,1.0982962131500247,42,7.200000000000003
0.005365848541259793,0.2144739627838135,1.1369303226470953,42,7.200000000000003
0.007196187973022405,0.2216701507568359,1.1887428760528567,42,7.200000000000003
0.006761789321899497,0.2284319400787354,1.2374277591705332,42,7.200000000000003
0.005443096160888589,0.233875036239624,1.276618051528931,43,8.200000000000003
0.0073449611663818914,0.2412199974060059,1.3368467330932625,42,7.200000000000003
0.006454944610595703,0.2476749420166016,1.3833223342895515,42,7.200000000000003
0.006558179855346596,0.2542331218719482,1.430541229248047,42,7.200000000000003
0.007688999176025391,0.2619221210479736,1.4859020233154299,42,7.200000000000003
0.008754968643188532,0.2706770896911621,1.5489377975463874,42,7.200000000000003
0.0068209171295166016,0.2774980068206787,1.5980484008789069,42,7.200000000000003
0.006938934326171875,0.2844369411468506,1.6480087280273443,42,7.200000000000003
0.0071871280670166016,0.2916240692138672,1.6997560501098639,42,7.200000000000003
0.006263971328735296,0.2978880405426025,1.744856643676758,42,7.200000000000003
0.006499052047729492,0.304387092590332,1.7916498184204104,42,7.200000000000003
0.007915973663330134,0.3123030662536621,1.8486448287963873,43,8.200000000000003
0.008429050445556696,0.3207321166992188,1.917763042449952,43,8.200000000000003
0.00652790069580067,0.3272600173950195,1.9712918281555176,43,8.200000000000003
0.009942054748535212,0.3372020721435547,2.0528166770935066,43,8.200000000000003
0.007005929946899414,0.3442080020904541,2.1102653026580818,43,8.200000000000003
0.007506132125854492,0.3517141342163086,2.1718155860900885,43,8.200000000000003
0.006963014602661133,0.3586771488189697,2.22891230583191,43,8.200000000000003
0.006469011306762695,0.3651461601257324,2.281958198547364,43,8.200000000000003
0.006591796875,0.3717379570007324,2.3360109329223637,42,7.200000000000003
0.004739046096801758,0.3764770030975342,2.3701320648193365,42,7.200000000000003
0.005823135375976507,0.3823001384735107,2.4120586395263675,42,7.200000000000003
0.005488872528076227,0.3877890110015869,2.4515785217285164,42,7.200000000000003
0.005757093429565374,0.3935461044311523,2.493029594421387,42,7.200000000000003
0.005770921707153431,0.3993170261383057,2.534580230712892,42,7.200000000000003
0.005896091461181585,0.4052131175994873,2.5770320892333993,42,7.200000000000003
0.007385969161987305,0.4125990867614746,2.630211067199708,42,7.200000000000003
0.006131887435913086,0.4187309741973877,2.6743606567382825,42,7.200000000000003
0.006374120712280329,0.425105094909668,2.720254325866701,42,7.200000000000003
0.006618022918701061,0.4317231178283691,2.7679040908813484,42,7.200000000000003
0.00654888153076183,0.4382719993591309,2.8150560379028335,42,7.200000000000003
0.007176160812377874,0.4454481601715088,2.8667243957519544,42,7.200000000000003
0.006062984466552734,0.4515111446380615,2.910377883911134,42,7.200000000000003
0.0068018436431884766,0.45831298828125,2.9593511581420913,42,7.200000000000003
0.006175994873046875,0.4644889831542969,3.003818321228029,42,7.200000000000003
0.008212089538574219,0.4727010726928711,3.0629453659057635,41,6.200000000000003
0.006529092788696289,0.4792301654815674,3.1034257411956805,41,6.200000000000003
0.007109880447387695,0.4863400459289551,3.147506999969484,41,6.200000000000003
0.004303932189941406,0.4906439781188965,3.174191379547121,41,6.200000000000003
0.006191968917846735,0.4968359470367432,3.2125815868377705,40,5.200000000000003
0.005840063095092718,0.5026760101318359,3.2429499149322525,40,5.200000000000003
0.007194042205810547,0.5098700523376465,3.2803589344024675,39,4.200000000000003
0.0053958892822265625,0.515265941619873,3.303021669387819,39,4.200000000000003
0.006000995635986328,0.5212669372558594,3.3282258510589617,39,4.200000000000003
0.005315065383911133,0.5265820026397705,3.3505491256713884,39,4.200000000000003
0.006062030792236328,0.5326440334320068,3.376009654998781,38,3.200000000000003
0.005015134811401367,0.5376591682434082,3.392058086395265,38,3.200000000000003
0.006349802017211914,0.5440089702606201,3.412377452850343,38,3.200000000000003
0.0076940059661865234,0.5517029762268066,3.43699827194214,38,3.200000000000003
0.0065631866455078125,0.5582661628723145,3.458000469207765,37,2.200000000000003
0.006390810012817383,0.5646569728851318,3.472060251235963,37,2.200000000000003
0.008877038955688477,0.5735340118408203,3.4915897369384776,37,2.200000000000003
0.005167961120605469,0.5787019729614258,3.5029592514038095,36,1.2000000000000028
0.005710124969482422,0.5844120979309082,3.5098114013671884,36,1.2000000000000028
0.008152961730957031,0.5925650596618652,3.5195949554443366,36,1.2000000000000028
0.008011102676391602,0.6005761623382568,3.5292082786560064,35,0.20000000000000284
0.003180980682373047,0.6037571430206299,3.529844474792481,35,0.20000000000000284
0.005682945251464844,0.6094400882720947,3.530981063842774,35,0.20000000000000284
0.005940914154052734,0.6153810024261475,3.5321692466735843,34,-0.7999999999999972
0.0065801143646240234,0.6219611167907715,3.5269051551818853,35,0.20000000000000284
0.00571894645690918,0.6276800632476807,3.5280489444732672,34,-0.7999999999999972
0.005753040313720703,0.6334331035614014,3.5234465122222907,33,-1.7999999999999972
0.005981922149658203,0.6394150257110596,3.512679052352906,33,-1.7999999999999972
0.007086992263793945,0.6465020179748535,3.499922466278077,32,-2.799999999999997
0.007193088531494141,0.6536951065063477,3.479781818389893,32,-2.799999999999997
0.00763392448425293,0.6613290309906006,3.458406829833985,32,-2.799999999999997
0.006357908248901367,0.667686939239502,3.4406046867370614,31,-3.799999999999997
0.00740814208984375,0.6750950813293457,3.4124537467956553,32,-2.799999999999997
0.006352901458740234,0.6814479827880859,3.3946656227111824,31,-3.799999999999997
0.006587982177734375,0.6880359649658203,3.369631290435792,31,-3.799999999999997
0.006652116775512695,0.694688081741333,3.3443532466888435,30,-4.799999999999997
0.008138895034790039,0.702826976776123,3.3052865505218514,30,-4.799999999999997
0.006577014923095703,0.7094039916992188,3.273716878890992,29,-5.799999999999997
0.0069391727447509766,0.7163431644439697,3.233469676971436,28,-6.799999999999997
0.007250785827636719,0.7235939502716064,3.1841643333435066,27,-7.799999999999997
0.010312080383300781,0.7339060306549072,3.1037301063537606,27,-7.799999999999997
0.007515907287597656,0.7414219379425049,3.045106029510499,26,-8.799999999999997
0.0045070648193359375,0.7459290027618408,3.005443859100343,26,-8.799999999999997
0.005825996398925781,0.7517549991607666,2.954175090789796,26,-8.799999999999997
0.006041049957275391,0.757796049118042,2.9010138511657724,26,-8.799999999999997
0.0075380802154541016,0.7653341293334961,2.8346787452697764,26,-8.799999999999997
0.008332967758178711,0.7736670970916748,2.7613486289978035,26,-8.799999999999997
0.007622957229614258,0.7812900543212891,2.694266605377198,26,-8.799999999999997
0.0066640377044677734,0.7879540920257568,2.6356230735778814,26,-8.799999999999997
0.00999593734741211,0.797950029373169,2.5476588249206547,26,-8.799999999999997
0.006539106369018555,0.8044891357421875,2.4901146888732915,26,-8.799999999999997
0.0070760250091552734,0.8115651607513428,2.4278456687927252,25,-9.799999999999997
0.006190776824951172,0.817755937576294,2.3671760559082036,25,-9.799999999999997
0.006368160247802734,0.8241240978240967,2.3047680854797368,25,-9.799999999999997
0.007429838180541992,0.8315539360046387,2.231955671310425,25,-9.799999999999997
0.007178068161010742,0.8387320041656494,2.16161060333252,24,-10.799999999999997
0.007501125335693359,0.8462331295013428,2.080598449707032,25,-9.799999999999997
0.0056378841400146484,0.8518710136413574,2.0253471851348883,25,-9.799999999999997
0.0047299861907958984,0.8566009998321533,1.9789933204650885,25,-9.799999999999997
0.006042957305908203,0.8626439571380615,1.9197723388671881,25,-9.799999999999997
0.005174160003662109,0.8678181171417236,1.8690655708312995,25,-9.799999999999997
0.00597381591796875,0.8737919330596924,1.8105221748352058,25,-9.799999999999997
0.005548000335693359,0.8793399333953857,1.756151771545411,25,-9.799999999999997
0.00599217414855957,0.8853321075439453,1.697428464889527,25,-9.799999999999997
0.0061528682708740234,0.8914849758148193,1.6371303558349617,25,-9.799999999999997
0.007354021072387695,0.898838996887207,1.5650609493255623,25,-9.799999999999997
0.005561113357543945,0.904400110244751,1.5105620384216316,25,-9.799999999999997
0.007208824157714844,0.9116089344024658,1.4399155616760262,25,-9.799999999999997
0.0067081451416015625,0.9183170795440674,1.374175739288331,26,-8.799999999999997
0.006212949752807617,0.924530029296875,1.3195017814636238,26,-8.799999999999997
0.006951093673706055,0.931481122970581,1.2583321571350106,26,-8.799999999999997
0.006476879119873047,0.9379580020904541,1.2013356208801278,26,-8.799999999999997
0.006507158279418945,0.944465160369873,1.144072628021241,26,-8.799999999999997
0.007094860076904297,0.9515600204467773,1.0816378593444833,26,-8.799999999999997
0.007164955139160156,0.9587249755859375,1.018586254119874,26,-8.799999999999997
0.0066640377044677734,0.9653890132904053,0.9599427223205577,26,-8.799999999999997
0.007769107818603516,0.9731581211090088,0.8915745735168468,26,-8.799999999999997
0.005678892135620117,0.9788370132446289,0.8416003227233898,27,-7.799999999999997
0.007164955139160156,0.9860019683837891,0.7857136726379406,27,-7.799999999999997
0.006677150726318359,0.9926791191101074,0.7336318969726574,27,-7.799999999999997
0.009632825851440652,1.002311944961548,0.6584958553314204,28,-6.799999999999997
0.006516218185425027,1.008828163146973,0.6141855716705302,27,-7.799999999999997
0.005883932113646795,1.01471209526062,0.5682909011840852,28,-6.799999999999997
0.008128881454467995,1.022840976715088,0.5130145072937029,28,-6.799999999999997
0.003751993179321067,1.026592969894409,0.48750095367431967,28,-6.799999999999997
0.006011009216309038,1.032603979110718,0.4466260910034182,29,-5.799999999999997
0.005334138870239036,1.037938117980957,0.4156880855560318,29,-5.799999999999997
0.00578093528747603,1.043719053268433,0.38215866088867084,29,-5.799999999999997
0.008188009262084961,1.051907062530518,0.3346682071685781,29,-5.799999999999997
0.006009101867674893,1.057916164398193,0.29981541633606373,30,-4.799999999999997
0.005695819854736994,1.06361198425293,0.2724754810333262,30,-4.799999999999997
0.00687503814697199,1.070487022399902,0.23947529792786065,30,-4.799999999999997
0.005070924758911133,1.075557947158813,0.21513485908508723,31,-3.799999999999997
0.006752014160156916,1.08230996131897,0.18947720527649098,31,-3.799999999999997
0.006366014480591042,1.088675975799561,0.16528635025024505,31,-3.799999999999997
0.006909132003783958,1.095585107803345,0.13903164863586603,32,-2.799999999999997
0.008190870285033958,1.103775978088379,0.11609721183777097,32,-2.799999999999997
0.007832050323486106,1.111608028411865,0.09416747093200989,32,-2.799999999999997
0.01013612747192405,1.121744155883789,0.06578631401062257,33,-1.7999999999999972
0.005984783172606978,1.127728939056396,0.05501370429993003,33,-1.7999999999999972
0.005870103836060014,1.133599042892456,0.04444751739502202,34,-0.7999999999999972
0.009207010269165039,1.142806053161621,0.037081909179690016,34,-0.7999999999999972
0.004864931106566939,1.147670984268188,0.03318996429443648,34,-0.7999999999999972
0.006803035736083984,1.154474020004272,0.027747535705569308,35,0.20000000000000284
0.006299018859863947,1.160773038864136,0.029007339477542117,35,0.20000000000000284
0.005664110183716042,1.166437149047852,0.030140161514285342,35,0.20000000000000284
0.006004810333251953,1.172441959381104,0.03134112358093575,36,1.2000000000000028
0.006247043609619141,1.178689002990723,0.03883757591247874,36,1.2000000000000028
0.006687164306639959,1.185376167297363,0.046862173080446705,37,2.200000000000003
0.006313800811768022,1.191689968109131,0.060752534866336375,37,2.200000000000003
0.007110118865967019,1.198800086975098,0.07639479637146383,38,3.200000000000003
0.007642984390257901,1.206443071365356,0.10085234642028913,38,3.200000000000003
0.006967067718506081,1.213410139083862,0.12314696311950861,39,4.200000000000003
0.005649805068969949,1.219059944152832,0.1468761444091824,39,4.200000000000003
0.0070531368255619675,1.226113080978394,0.17649931907654268,39,4.200000000000003
0.008353948593138982,1.234467029571533,0.21158590316772644,40,5.200000000000003
0.007051944732666016,1.241518974304199,0.24825601577758974,40,5.200000000000003
0.008270025253295898,1.249788999557495,0.2912601470947284,41,6.200000000000003
0.0067729949951171875,1.256561994552612,0.333252716064455,41,6.200000000000003
0.006675004959106889,1.263236999511719,0.3746377468109177,41,6.200000000000003
0.007838964462280051,1.271075963973999,0.42323932647705403,41,6.200000000000003
0.007464170455933061,1.278540134429932,0.469517183303839,41,6.200000000000003
0.006522893905638982,1.285063028335571,0.5099591255188007,42,7.200000000000003
0.006803989410400835,1.291867017745972,0.5589478492736868,42,7.200000000000003
0.011503934860229048,1.303370952606201,0.641776180267336,42,7.200000000000003
0.00902009010315008,1.312391042709351,0.7067208290100165,42,7.200000000000003
0.006383895874022993,1.318774938583374,0.7526848793029821,42,7.200000000000003
0.006784200668334961,1.325559139251709,0.8015311241149938,42,7.200000000000003
0.006310939788817915,1.331870079040527,0.8469698905944828,42,7.200000000000003
0.007333993911744052,1.339204072952271,0.89977464675904,41,6.200000000000003
0.006668090820312056,1.345872163772583,0.9411168098449747,42,7.200000000000003
0.006897926330565962,1.352770090103149,0.9907818794250497,43,8.200000000000003
0.008389949798583984,1.361160039901733,1.0595794677734385,43,8.200000000000003
0.003977060317994052,1.365137100219727,1.0921913623809898,43,8.200000000000003
0.006609916687011053,1.371747016906738,1.1463926792144805,42,7.200000000000003
0.005885124206542969,1.377632141113281,1.1887655735015898,42,7.200000000000003
0.005193948745727983,1.382826089859009,1.2261620044708312,42,7.200000000000003
0.008326053619384988,1.391152143478394,1.2861095905304032,43,8.200000000000003
0.0062088966369620024,1.397361040115356,1.3370225429534917,42,7.200000000000003
0.006637096405029963,1.403998136520386,1.3848096370697074,42,7.200000000000003
0.00768589973449707,1.411684036254883,1.4401481151580864,42,7.200000000000003
0.006218910217284934,1.417902946472168,1.484924268722538,42,7.200000000000003
0.0062830448150630325,1.424185991287231,1.5301621913909917,42,7.200000000000003
0.007091999053955966,1.431277990341187,1.5812245845794748,42,7.200000000000003
0.0038721561431880325,1.435150146484375,1.6091041088104285,42,7.200000000000003
0.006173849105834961,1.44132399559021,1.6535558223724403,42,7.200000000000003
0.005272150039673074,1.446596145629883,1.6915153026580865,42,7.200000000000003
0.005360841751097967,1.451956987380981,1.7301133632659917,42,7.200000000000003
0.006637096405029963,1.458594083786011,1.7779004573822075,43,8.200000000000003
0.0062448978424070045,1.464838981628418,1.8291086196899449,43,8.200000000000003
0.007785081863403098,1.472624063491821,1.8929462909698502,42,7.200000000000003
0.005958080291747825,1.478582143783569,1.9358444690704346,42,7.200000000000003
0.005041837692261186,1.48362398147583,1.9721457004547152,42,7.200000000000003
0.0057680606842038795,1.489392042160034,2.013675737380983,42,7.200000000000003
0.005346059799195002,1.494738101959229,2.052167367935187,42,7.200000000000003
0.006943941116333008,1.501682043075562,2.1021637439727847,41,6.200000000000003
0.006011962890625,1.507694005966187,2.1394379138946595,41,6.200000000000003
0.006489992141722967,1.51418399810791,2.179675865173342,41,6.200000000000003
0.006340980529785156,1.520524978637695,2.2189899444580097,41,6.200000000000003
0.005195140838622825,1.525720119476318,2.2511998176574712,41,6.200000000000003
0.007570981979370117,1.533291101455688,2.298139905929566,41,6.200000000000003
0.005461931228637917,1.538753032684326,2.332003879547121,42,7.200000000000003
0.005002021789551003,1.543755054473877,2.3680184364318886,41,6.200000000000003
0.006139993667602095,1.549895048141479,2.4060863971710216,42,7.200000000000003
0.006011009216309038,1.555906057357788,2.4493656635284466,42,7.200000000000003
0.005398035049438921,1.561304092407227,2.488231515884407,42,7.200000000000003
0.006527900695799893,1.567831993103027,2.5352324008941665,42,7.200000000000003
0.006713151931763139,1.57454514503479,2.583567094802861,41,6.200000000000003
0.00774693489074707,1.582292079925537,2.631598091125493,41,6.200000000000003
0.0071430206298828125,1.58943510055542,2.6758848190307662,41,6.200000000000003
0.006336927413939986,1.59577202796936,2.715173768997194,40,5.200000000000003
0.006935119628907138,1.602707147598267,2.7512363910675113,40,5.200000000000003
0.006416797637939009,1.609123945236206,2.784603738784794,40,5.200000000000003
0.007687091827393022,1.616811037063599,2.8245766162872377,39,4.200000000000003
0.006654977798461914,1.623466014862061,2.8525275230407776,39,4.200000000000003
0.004334926605223943,1.627800941467285,2.8707342147827184,39,4.200000000000003
0.008594036102295144,1.63639497756958,2.9068291664123582,38,3.200000000000003
0.0060231685638429955,1.642418146133423,2.926103305816656,38,3.200000000000003
0.005356788635253906,1.647774934768677,2.9432450294494683,38,3.200000000000003
0.005725145339966042,1.653500080108643,2.9615654945373597,37,2.200000000000003
0.007972002029418945,1.661472082138062,2.9791038990020815,37,2.200000000000003
0.006263017654418057,1.66773509979248,2.992882537841801,36,1.2000000000000028
0.006273031234741877,1.674008131027222,3.0004101753234913,36,1.2000000000000028
0.004753828048706055,1.678761959075928,3.0061147689819387,36,1.2000000000000028
0.005478143692015935,1.684240102767944,3.012688541412358,36,1.2000000000000028
0.006278991699219194,1.690519094467163,3.020223331451421,35,0.20000000000000284
0.005853891372680886,1.696372985839844,3.021394109725957,35,0.20000000000000284
0.006273031234740989,1.702646017074585,3.022648715972905,35,0.20000000000000284
0.0067920684814450905,1.70943808555603,3.024007129669194,34,-0.7999999999999972
0.0065538883209228516,1.715991973876953,3.018764019012456,34,-0.7999999999999972
0.007335186004639116,1.723327159881592,3.012895870208745,33,-1.7999999999999972
0.007397890090941939,1.730725049972534,2.9995796680450493,32,-2.799999999999997
0.006087064743041992,1.736812114715576,2.9825358867645315,32,-2.799999999999997
0.006801843643189143,1.743613958358765,2.9634907245636017,32,-2.799999999999997
0.00833201408386186,1.751945972442627,2.9401610851287887,31,-3.799999999999997
0.0072040557861330345,1.75915002822876,2.9127856731414834,31,-3.799999999999997
0.007077932357788086,1.766227960586548,2.8858895301818888,31,-3.799999999999997
0.007838010787963867,1.774065971374512,2.856105089187626,30,-4.799999999999997
0.007905006408690962,1.781970977783203,2.8181610584259094,30,-4.799999999999997
0.0073370933532721505,1.789308071136475,2.782943010330203,29,-5.799999999999997
0.006797075271606001,1.796105146408081,2.743519973754888,29,-5.799999999999997
0.006709814071655051,1.802814960479736,2.7046030521392885,28,-6.799999999999997
0.0066351890563969285,1.809450149536133,2.6594837665557893,27,-7.799999999999997
0.006672859191893865,1.816123008728027,2.6074354648590172,27,-7.799999999999997
0.007880926132202148,1.824003934860229,2.5459642410278405,27,-7.799999999999997
0.007489204406738947,1.831493139266968,2.4875484466552766,26,-8.799999999999997
0.006474971771240012,1.837968111038208,2.4305686950683647,26,-8.799999999999997
0.007820844650268999,1.845788955688477,2.3617452621459973,26,-8.799999999999997
0.008849143981932928,1.85463809967041,2.2838727951049878,26,-8.799999999999997
0.007252931594849077,1.861891031265259,2.220046997070316,25,-9.799999999999997
0.007177114486693892,1.869068145751953,2.149711275100716,25,-9.799999999999997
0.004541873931884988,1.873610019683838,2.105200910568243,25,-9.799999999999997
0.006314992904663086,1.879925012588501,2.043313980102545,24,-10.799999999999997
0.006083965301514116,1.886008977890015,1.9776071548461924,25,-9.799999999999997
0.00537109375,1.891380071640015,1.9249704360961923,25,-9.799999999999997
0.005352020263671875,1.896732091903687,1.8725206375122079,25,-9.799999999999997
0.005838871002197044,1.902570962905884,1.815299701690677,25,-9.799999999999997
0.006658077239990012,1.909229040145874,1.7500505447387749,25,-9.799999999999997
0.006308078765868919,1.915537118911743,1.6882313728332594,25,-9.799999999999997
0.006830930709839089,1.922368049621582,1.6212882518768363,25,-9.799999999999997
0.008369922637939009,1.930737972259521,1.5392630100250342,25,-9.799999999999997
0.0064041614532479585,1.937142133712769,1.4765022277832043,25,-9.799999999999997
0.009677886962889959,1.946820020675659,1.3816589355468827,25,-9.799999999999997
0.006969928741455078,1.953789949417114,1.3133536338806229,25,-9.799999999999997
0.004257202148437944,1.958047151565552,1.271633052825931,25,-9.799999999999997
0.00571990013122492,1.963767051696777,1.2155780315399267,25,-9.799999999999997
0.00603389739990301,1.96980094909668,1.1564458370208772,25,-9.799999999999997
0.006743192672729048,1.976544141769409,1.0903625488281325,25,-9.799999999999997
0.007227897644042969,1.983772039413452,1.0195291519165115,25,-9.799999999999997
0.007724046707153098,1.991496086120605,0.9438334941864112,25,-9.799999999999997
0.00691890716552801,1.998414993286133,0.8760282039642366,26,-8.799999999999997
0.006123065948486106,2.004538059234619,0.8221452236175589,26,-8.799999999999997
0.006913900375365767,2.011451959609985,0.7613029003143402,26,-8.799999999999997
0.006515979766846147,2.017967939376831,0.7039622783660942,26,-8.799999999999997
0.006335020065308061,2.024302959442139,0.6482141017913833,26,-8.799999999999997
0.007019996643065962,2.031322956085205,0.5864381313324029,26,-8.799999999999997
0.003966093063354936,2.03528904914856,0.5515365123748794,27,-7.799999999999997
0.00616908073425293,2.041458129882813,0.5034176826477066,27,-7.799999999999997
0.005069017410277876,2.046527147293091,0.4638793468475392,27,-7.799999999999997
0.006538867950439009,2.05306601524353,0.4128761768341149,27,-7.799999999999997
0.005001068115235263,2.058067083358765,0.3738678455352799,28,-6.799999999999997
0.0064568519592280715,2.064523935317993,0.32996125221252903,28,-6.799999999999997
0.0069692134857177734,2.071493148803711,0.2825706005096482,28,-6.799999999999997
0.006858825683594194,2.078351974487305,0.23593058586120771,28,-6.799999999999997
0.006066083908081055,2.084418058395386,0.19468121528625656,28,-6.799999999999997
0.004834890365599698,2.089252948760986,0.16180396080017864,29,-5.799999999999997
0.005159139633179155,2.094412088394165,0.13188095092773955,29,-5.799999999999997
0.006952047348022905,2.101364135742188,0.09155907630920672,29,-5.799999999999997
0.004639863967895064,2.106003999710083,0.06464786529541536,29,-5.799999999999997
0.007104158401488814,2.113108158111572,0.023443746566780256,30,-4.799999999999997
0.006880998611450195,2.119989156723022,-0.009585046768180665,30,-4.799999999999997
0.00630497932434082,2.126294136047363,-0.03984894752501658,31,-3.799999999999997
0.007085800170899326,2.133379936218262,-0.066774988174434,31,-3.799999999999997
0.008309125900267667,2.14168906211853,-0.09834966659545111,31,-3.799999999999997
0.00625491142273038,2.14794397354126,-0.12211833000182654,32,-2.799999999999997
0.0066640377044677734,2.154608011245728,-0.14077763557433629,32,-2.799999999999997
0.008700132369995117,2.163308143615723,-0.1651380062103226,33,-1.7999999999999972
0.0032889842987060547,2.166597127914429,-0.1710581779479935,34,-0.7999999999999972
0.006222963333129883,2.172820091247559,-0.17603654861449738,34,-0.7999999999999972
0.0050878524780269,2.177907943725586,-0.1801068305969189,34,-0.7999999999999972
0.00624299049377397,2.18415093421936,-0.18510122299193807,35,0.20000000000000284
0.00667905807495206,2.190829992294312,-0.18376541137694763,35,0.20000000000000284
0.005109071731566939,2.195939064025879,-0.18274359703063422,35,0.20000000000000284
0.00608587265014604,2.202024936676025,-0.181526422500605,35,0.20000000000000284
0.009470224380494052,2.211495161056519,-0.17963237762450615,36,1.2000000000000028
0.00652980804443315,2.218024969100952,-0.17179660797118634,36,1.2000000000000028
0.0059740543365478516,2.2239990234375,-0.16462774276732892,37,2.200000000000003
0.00847101211547896,2.232470035552979,-0.14599151611327518,37,2.200000000000003
0.006679058074951172,2.23914909362793,-0.1312975883483826,38,3.200000000000003
0.007123947143553799,2.246273040771484,-0.10850095748901041,38,3.200000000000003
0.015032052993774858,2.261305093765259,-0.060398387908930824,39,4.200000000000003
0.0039038658142094285,2.265208959579468,-0.04400215148925121,39,4.200000000000003
0.006621122360228604,2.271830081939697,-0.016193437576291058,39,4.200000000000003
0.005375862121582031,2.277205944061279,0.0063851833343534885,40,5.200000000000003
0.00793910026550293,2.285145044326782,0.04766850471496875,40,5.200000000000003
0.008380889892578125,2.29352593421936,0.09124913215637503,41,6.200000000000003
0.005578041076661044,2.299103975296021,0.12583298683167352,41,6.200000000000003
0.006453990936278853,2.3055579662323,0.1658477306366024,41,6.200000000000003
0.006806135177612305,2.312364101409912,0.20804576873779873,41,6.200000000000003
0.006348848342895952,2.318712949752808,0.24740862846375367,41,6.200000000000003
0.004692077636717862,2.323405027389526,0.2764995098114044,42,7.200000000000003
0.005748033523560014,2.329153060913086,0.31788535118103656,42,7.200000000000003
0.005434036254883257,2.334587097167969,0.357010412216196,42,7.200000000000003
0.008111953735350674,2.34269905090332,0.4154164791107209,43,8.200000000000003
0.00881505012512207,2.351514101028442,0.4876998901367219,42,7.200000000000003
0.00680994987487793,2.35832405090332,0.536731529235843,42,7.200000000000003
0.006833076477051225,2.365157127380371,0.5859296798706118,42,7.200000000000003
0.00630497932434082,2.371462106704712,0.6313255310058657,42,7.200000000000003
0.006484031677246094,2.377946138381958,0.6780105590820377,42,7.200000000000003
0.0075609683990478516,2.385507106781006,0.7324495315551822,42,7.200000000000003
0.007997035980224165,2.39350414276123,0.7900281906127963,42,7.200000000000003
0.00919485092163086,2.402698993682861,0.8562311172485385,43,8.200000000000003
0.0066580772399911226,2.409357070922852,0.9108273506164657,42,7.200000000000003
0.00723695755004794,2.4165940284729,0.9629334449768109,43,8.200000000000003
0.006951093673706055,2.423545122146606,1.0199324131012006,43,8.200000000000003
0.004403829574584961,2.427948951721191,1.0560438156127974,43,8.200000000000003
0.007481098175048828,2.43543004989624,1.117388820648198,43,8.200000000000003
0.005373001098633257,2.440803050994873,1.1614474296569905,43,8.200000000000003
0.005747079849243164,2.446550130844116,1.2085734844207845,42,7.200000000000003
0.006645917892455611,2.453196048736572,1.256424093246465,42,7.200000000000003
0.006016016006470171,2.459212064743042,1.2997394084930503,42,7.200000000000003
0.00740289688110396,2.466614961624146,1.3530402660369987,42,7.200000000000003
0.006563186645506924,2.473178148269653,1.4002952098846486,42,7.200000000000003
0.007241010665893999,2.480419158935547,1.4524304866790854,42,7.200000000000003
0.003549814224243164,2.48396897315979,1.477989149093636,42,7.200000000000003
0.007302045822143999,2.491271018981934,1.530563879013073,42,7.200000000000003
0.005154132843017134,2.496425151824951,1.5676736354827963,42,7.200000000000003
0.006158828735352007,2.502583980560303,1.6120172023773307,42,7.200000000000003
0.006854057312010831,2.509438037872314,1.6613664150238088,42,7.200000000000003
0.006340026855469194,2.515778064727783,1.707014608383187,42,7.200000000000003
0.006952047348022905,2.522730112075806,1.757069349288952,42,7.200000000000003
0.0063779354095458984,2.529108047485352,1.8029904842376825,42,7.200000000000003
0.006127119064331055,2.535235166549683,1.847105741500866,42,7.200000000000003
0.007162809371947798,2.542397975921631,1.8986779689788902,42,7.200000000000003
0.0031490325927729934,2.545547008514404,1.9213510036468557,42,7.200000000000003
0.005891084671020952,2.551438093185425,1.9637668132782067,41,6.200000000000003
0.00643396377563521,2.55787205696106,2.003657388687145,41,6.200000000000003
0.0058960914611811965,2.563768148422241,2.0402131557464687,41,6.200000000000003
0.005438804626464844,2.569206953048706,2.073933744430551,41,6.200000000000003
0.005346059799193892,2.5745530128479,2.107079315185553,41,6.200000000000003
0.0074460506439208984,2.581999063491821,2.1532448291778623,41,6.200000000000003
0.004509925842285156,2.586508989334106,2.18120636940003,41,6.200000000000003
0.005958080291748047,2.592467069625854,2.218146467208868,41,6.200000000000003
0.00551605224609375,2.597983121871948,2.252345991134649,41,6.200000000000003
0.006283998489380327,2.604267120361328,2.291306781768807,41,6.200000000000003
0.006425857543944868,2.610692977905273,2.3311470985412654,41,6.200000000000003
0.00573301315307706,2.61642599105835,2.3666917800903433,41,6.200000000000003
0.005538940429687056,2.621964931488037,2.4010332107544032,41,6.200000000000003
0.007931232452393022,2.62989616394043,2.45020685195924,40,5.200000000000003
0.004762887954711914,2.634659051895142,2.474973869323742,40,5.200000000000003
0.007178068161009854,2.641837120056152,2.5122998237609933,40,5.200000000000003
0.004676818847657138,2.646513938903809,2.5366192817688105,40,5.200000000000003
0.005908012390135831,2.652421951293945,2.567340946197517,40,5.200000000000003
0.00571012496948331,2.658132076263428,2.59703359603883,39,4.200000000000003
0.008125066757201704,2.66625714302063,2.631158876419077,39,4.200000000000003
0.005671977996826172,2.671929121017456,2.654981184005747,39,4.200000000000003
0.006362915039062944,2.678292036056519,2.681705427169811,39,4.200000000000003
0.007728099822998047,2.686020135879517,2.714163446426403,38,3.200000000000003
0.005474805831908736,2.691494941711426,2.731682825088511,38,3.200000000000003
0.006046056747436079,2.697540998458862,2.7510302066803063,38,3.200000000000003
0.006098031997681108,2.703639030456543,2.770543909072886,38,3.200000000000003
0.007661104202270064,2.711300134658813,2.79505944252015,37,2.200000000000003
0.006933927536011186,2.718234062194824,2.8103140830993745,37,2.200000000000003
0.008172988891601562,2.726407051086426,2.828294658660898,36,1.2000000000000028
0.006905078887939009,2.733312129974365,2.836580753326425,36,1.2000000000000028
0.009385824203491211,2.742697954177856,2.8478437423706144,35,0.20000000000000284
0.012615203857421875,2.755313158035278,2.850366783142099,35,0.20000000000000284
0.008384943008423296,2.763698101043701,2.8520437717437837,35,0.20000000000000284
0.004864931106567827,2.768563032150269,2.853016757965097,34,-0.7999999999999972
0.006632089614868164,2.775195121765137,2.8477110862732027,34,-0.7999999999999972
0.007268905639647993,2.782464027404785,2.8418959617614843,33,-1.7999999999999972
0.005641937255859819,2.788105964660645,2.8317404747009367,33,-1.7999999999999972
0.006347179412840909,2.794453144073486,2.820315551757823,33,-1.7999999999999972
0.007375955581665039,2.801829099655151,2.807038831710826,32,-2.799999999999997
0.004652976989746094,2.806482076644897,2.7940104961395367,32,-2.799999999999997
0.005905866622924805,2.812387943267822,2.777474069595347,32,-2.799999999999997
0.00539708137512207,2.817785024642944,2.7623622417450053,31,-3.799999999999997
0.006114959716797319,2.823899984359741,2.7391253948211753,31,-3.799999999999997
0.006564140319823775,2.830464124679565,2.714181661605845,31,-3.799999999999997
0.004973888397216797,2.835438013076782,2.6952808856964214,31,-3.799999999999997
0.006120920181275302,2.841558933258057,2.6720213890075755,31,-3.799999999999997
0.006424188613890713,2.847983121871948,2.647609472274791,30,-4.799999999999997
0.0063719749450692476,2.854355096817017,2.6170239925384586,30,-4.799999999999997
0.007004976272583008,2.8613600730896,2.58340010643006,29,-5.799999999999997
0.003882884979248047,2.865242958068848,2.560879373550421,29,-5.799999999999997
0.006050109863280806,2.871293067932129,2.5257887363433924,28,-6.799999999999997
0.006237983703613281,2.877531051635742,2.4833704471588223,27,-7.799999999999997
0.006313085556029829,2.883844137191772,2.4341283798217894,27,-7.799999999999997
0.007248878479003906,2.891093015670776,2.377587127685559,26,-8.799999999999997
0.006226062774659091,2.897319078445435,2.322797775268559,26,-8.799999999999997
0.0065560340881338774,2.903875112533569,2.265104675292981,26,-8.799999999999997
0.007977008819580078,2.911852121353149,2.1949069976806763,25,-9.799999999999997
0.0036020278930668503,2.915454149246216,2.159607124328621,26,-8.799999999999997
0.006124973297119141,2.921579122543335,2.1057073593139726,26,-8.799999999999997
0.00606083869934082,2.927639961242676,2.052371978759773,25,-9.799999999999997
0.005815029144287109,2.933454990386963,1.9953846931457595,25,-9.799999999999997
0.0059931278228759766,2.939448118209839,1.936652040481575,25,-9.799999999999997
0.0065310001373291016,2.945979118347168,1.8726482391357497,25,-9.799999999999997
0.005992889404296875,2.951972007751465,1.8139179229736404,26,-8.799999999999997
0.006478071212768111,2.958450078964233,1.756910896301281,25,-9.799999999999997
0.005496978759766069,2.963947057723999,1.7030405044555734,25,-9.799999999999997
0.0074269771575927734,2.971374034881592,1.6302561283111643,25,-9.799999999999997
0.0038869380950932175,2.975260972976685,1.5921641349792508,25,-9.799999999999997
0.006292104721068892,2.981553077697754,1.5305015087127756,25,-9.799999999999997
0.005728960037231001,2.987282037734985,1.4743577003479118,25,-9.799999999999997
0.006010055541993076,2.993292093276978,1.4154591560363796,25,-9.799999999999997
0.005879878997801846,2.99917197227478,1.3578363418579216,25,-9.799999999999997
0.005925178527832031,3.005097150802612,1.2997695922851678,25,-9.799999999999997
0.007676839828492099,3.012773990631104,1.2245365619659452,25,-9.799999999999997
0.003934144973753995,3.016708135604858,1.185981941223156,25,-9.799999999999997
0.0057120323181161226,3.022420167922974,1.130004024505618,25,-9.799999999999997
0.005470991134643111,3.027891159057617,1.0763883113861155,25,-9.799999999999997
0.0057108402252197266,3.033601999282837,1.020422077178962,25,-9.799999999999997
0.005641937255858931,3.039243936538696,0.9651310920715446,26,-8.799999999999997
0.007034063339234287,3.04627799987793,0.9032313346862829,26,-8.799999999999997
0.0071070194244380325,3.053385019302368,0.8406895637512283,26,-8.799999999999997
0.005828142166137695,3.059213161468506,0.7894019126892166,26,-8.799999999999997
0.005471944808959961,3.064685106277466,0.7412487983703689,26,-8.799999999999997
0.006824016571045366,3.071509122848511,0.6811974525451697,26,-8.799999999999997
0.006999015808105025,3.078508138656616,0.6196061134338455,26,-8.799999999999997
0.006271839141845703,3.084779977798462,0.5644139289856034,26,-8.799999999999997
0.008510112762451172,3.093290090560913,0.4895249366760331,27,-7.799999999999997
0.008563995361328125,3.101854085922241,0.42272577285767376,27,-7.799999999999997
0.007348060607909712,3.109202146530151,0.36541090011597804,27,-7.799999999999997
0.006229877471924272,3.115432024002075,0.31681785583496874,27,-7.799999999999997
0.007025003433227983,3.122457027435303,0.2620228290557905,28,-6.799999999999997
0.005792140960692915,3.128249168395996,0.2226362705230787,28,-6.799999999999997
0.005816936492919922,3.134066104888916,0.18308110237122324,28,-6.799999999999997
0.007802009582519975,3.141868114471436,0.13002743721008742,29,-5.799999999999997
0.001932859420775923,3.143800973892212,0.11881685256958707,29,-5.799999999999997
0.007779121398926225,3.151580095291138,0.07369794845581498,29,-5.799999999999997
0.009041070938109907,3.160621166229248,0.021259737014777548,30,-4.799999999999997
0.005846977233887163,3.166468143463135,-0.006805753707880818,30,-4.799999999999997
0.007361888885497603,3.173830032348633,-0.04214282035826929,30,-4.799999999999997
0.007718086242676225,3.181548118591309,-0.07918963432311515,31,-3.799999999999997
0.003654003143310103,3.185202121734619,-0.09307484626769354,31,-3.799999999999997
0.0056378841400146484,3.190840005874634,-0.11449880599974918,31,-3.799999999999997
0.005476951599121094,3.196316957473755,-0.13531122207640933,31,-3.799999999999997
0.007359981536865234,3.20367693901062,-0.1632791519164972,32,-2.799999999999997
0.0054399967193599075,3.20911693572998,-0.17851114273070492,32,-2.799999999999997
0.006782054901123935,3.215898990631104,-0.19750089645385194,32,-2.799999999999997
0.005216121673583984,3.221115112304688,-0.21210603713988707,33,-1.7999999999999972
0.004853963851928267,3.225969076156616,-0.22084317207335794,34,-0.7999999999999972
0.005810976028442827,3.231780052185059,-0.22549195289611218,34,-0.7999999999999972
0.006498098373413086,3.238278150558472,-0.23069043159484262,34,-0.7999999999999972
0.007119894027709961,3.245398044586182,-0.23638634681701057,35,0.20000000000000284
0.0065369606018057524,3.251935005187988,-0.2350789546966494,35,0.20000000000000284
0.004446983337403232,3.256381988525391,-0.23418955802916874,35,0.20000000000000284
0.0058710575103759766,3.262253046035767,-0.23301534652709352,35,0.20000000000000284
0.005654096603393111,3.26790714263916,-0.2318845272064149,36,1.2000000000000028
0.005731821060180664,3.273638963699341,-0.22500634193419808,36,1.2000000000000028
0.005670070648193359,3.279309034347534,-0.21820225715636604,36,1.2000000000000028
0.0061969757080078125,3.285506010055542,-0.21076588630675666,37,2.200000000000003
0.006874084472655806,3.292380094528198,-0.19564290046691388,37,2.200000000000003
0.008710861206055132,3.301090955734253,-0.17647900581359255,37,2.200000000000003
0.005733013153076172,3.306823968887329,-0.16386637687682495,38,3.200000000000003
0.0070230960845947266,3.313847064971924,-0.14139246940612182,38,3.200000000000003
0.0049250125885009766,3.318772077560425,-0.1256324291229187,39,4.200000000000003
0.005686998367309126,3.324459075927734,-0.10174703598022035,39,4.200000000000003
0.006943941116333008,3.331403017044067,-0.0725824832916217,39,4.200000000000003
0.005084991455079013,3.336488008499146,-0.051225519180289836,39,4.200000000000003
0.005375146865843838,3.34186315536499,-0.0286499023437457,39,4.200000000000003
0.008642911911011186,3.350506067276001,0.007650327682501307,39,4.200000000000003
0.006769895553588867,3.35727596282959,0.036083889007574574,40,5.200000000000003
0.007055044174194336,3.364331007003784,0.07277011871338514,40,5.200000000000003
0.007158994674682617,3.371490001678467,0.10999689102173477,40,5.200000000000003
0.006102085113525391,3.377592086791992,0.1417277336120668,40,5.200000000000003
0.0064618587493896484,3.384053945541382,0.175329399108893,40,5.200000000000003
0.008313179016113281,3.392367124557495,0.2185579299926821,40,5.200000000000003
0.006455898284911665,3.398823022842407,0.25212860107422275,40,5.200000000000003
0.007162094116211382,3.405985116958618,0.28937149047852195,40,5.200000000000003
0.005484819412231889,3.41146993637085,0.3178925514221278,40,5.200000000000003
0.0065081119537349075,3.417978048324585,0.35173473358154933,40,5.200000000000003
0.0062770843505859375,3.424255132675171,0.3843755722045962,40,5.200000000000003
0.007151842117309126,3.43140697479248,0.4215651512146037,40,5.200000000000003
0.009237051010131836,3.440644025802612,0.46959781646728926,40,5.200000000000003
0.006926059722901279,3.447570085525513,0.505613327026376,40,5.200000000000003
0.006555080413817915,3.454125165939331,0.5396997451782292,40,5.200000000000003
0.004688978195189986,3.458814144134521,0.5640824317932172,41,6.200000000000003
0.004936933517456943,3.463751077651978,0.5946914196014502,41,6.200000000000003
0.005686044692993164,3.469437122344971,0.6299448966980079,41,6.200000000000003
0.005968809127806729,3.475405931472778,0.6669515132904097,41,6.200000000000003
0.006544113159180132,3.481950044631958,0.7075250148773266,40,5.200000000000003
0.004790067672729936,3.486740112304688,0.7324333667755223,40,5.200000000000003
0.006106853485106978,3.492846965789795,0.7641890048980786,40,5.200000000000003
0.0050470829010009766,3.497894048690796,0.7904338359832838,40,5.200000000000003
0.008104085922241211,3.505998134613037,0.8325750827789381,40,5.200000000000003
0.007663011550902876,3.51366114616394,0.8724227428436331,40,5.200000000000003
0.00557589530944913,3.519237041473389,0.9014173984527686,40,5.200000000000003
0.00614690780639604,3.525383949279785,0.9333813190460281,40,5.200000000000003
0.006307125091552734,3.531691074371338,0.9661783695221023,40,5.200000000000003
0.0069799423217769,3.538671016693115,1.0024740695953422,40,5.200000000000003
0.00656008720398038,3.545231103897095,1.0365865230560403,40,5.200000000000003
0.008023023605345792,3.553254127502441,1.0783062458038384,40,5.200000000000003
0.008630037307740146,3.561884164810181,1.1231824398040873,40,5.200000000000003
0.005955934524535689,3.567840099334717,1.1541532993316728,41,6.200000000000003
0.006473064422607422,3.574313163757324,1.1942862987518388,41,6.200000000000003
0.007988929748534712,3.582302093505859,1.243817663192754,41,6.200000000000003
0.00689697265625,3.589199066162109,1.286578893661504,41,6.200000000000003
0.0051910877227792085,3.594390153884888,1.318763637542735,41,6.200000000000003
0.007493972778319868,3.601884126663208,1.365226268768318,40,5.200000000000003
0.0068359375,3.608720064163208,1.4007731437683182,40,5.200000000000003
0.0057299137115478516,3.614449977874756,1.430568695068367,40,5.200000000000003
0.0075299739837650925,3.621979951858521,1.4697245597839455,39,4.200000000000003
0.0071630477905269,3.629142999649048,1.4998093605041585,39,4.200000000000003
0.0054280757904052734,3.634571075439453,1.5226072788238607,39,4.200000000000003
0.007242918014525923,3.641813993453979,1.5530275344848696,39,4.200000000000003
0.0067610740661629976,3.648575067520142,1.5814240455627542,39,4.200000000000003
0.007831096649169922,3.656406164169312,1.614314651489268,38,3.200000000000003
0.007336854934691939,3.663743019104004,1.637792587280282,38,3.200000000000003
0.007827997207642046,3.671571016311646,1.6628421783447367,38,3.200000000000003
0.006760120391845259,3.678331136703491,1.6844745635986416,38,3.200000000000003
0.006846904754638672,3.68517804145813,1.7063846588134852,38,3.200000000000003
0.008080959320067915,3.693259000778198,1.7322437286377026,37,2.200000000000003
0.0032889842987060547,3.696547985076904,1.739479494094856,37,2.200000000000003
0.005828142166138139,3.702376127243042,1.7523014068603597,37,2.200000000000003
0.005527973175048828,3.707904100418091,1.7644629478454672,37,2.200000000000003
0.007523059844971147,3.715427160263062,1.7810136795044038,36,1.2000000000000028
0.005903959274291992,3.721331119537354,1.7880984306335541,36,1.2000000000000028
0.005295991897583008,3.726627111434937,1.7944536209106536,36,1.2000000000000028
0.005797863006590909,3.732424974441528,1.8014110565185628,36,1.2000000000000028
0.00609898567199707,3.738523960113525,1.8087298393249593,35,0.20000000000000284
0.006749153137207031,3.745273113250732,1.8100796699524007,35,0.20000000000000284
0.006985902786254883,3.752259016036987,1.8114768505096517,35,0.20000000000000284
0.006978034973144975,3.759237051010132,1.8128724575042807,35,0.20000000000000284
0.004756927490234375,3.763993978500366,1.8138238430023277,34,-0.7999999999999972
0.006776094436645952,3.770770072937012,1.8084029674530109,34,-0.7999999999999972
0.005599975585937056,3.776370048522949,1.8039229869842612,34,-0.7999999999999972
0.007762908935546875,3.784132957458496,1.7977126598358237,33,-1.7999999999999972
0.0077550411224369675,3.791887998580933,1.7837535858154372,33,-1.7999999999999972
0.006916999816894087,3.798804998397827,1.7713029861450278,32,-2.799999999999997
0.007352113723754883,3.806157112121582,1.7507170677185142,31,-3.799999999999997
0.007164955139160156,3.813322067260742,1.7234902381897057,31,-3.799999999999997
0.007785081863403764,3.821107149124146,1.6939069271087714,31,-3.799999999999997
0.003125905990600142,3.824233055114746,1.6820284843444908,31,-3.799999999999997
0.006283044815063921,3.83051609992981,1.658152914047248,30,-4.799999999999997
0.005449056625365767,3.835965156555176,1.6319974422454924,30,-4.799999999999997
0.005710840225220171,3.841675996780396,1.6045854091644356,30,-4.799999999999997
0.006587982177733931,3.84826397895813,1.5729630947113127,30,-4.799999999999997
0.006225109100342241,3.854489088058472,1.5430825710296698,29,-5.799999999999997
0.007443904876708984,3.861932992935181,1.4999079227447578,29,-5.799999999999997
0.007303953170775923,3.869236946105957,1.4575449943542576,29,-5.799999999999997
0.004463195800780806,3.873700141906738,1.431658458709729,29,-5.799999999999997
0.008027791976929155,3.881727933883667,1.3850972652435398,29,-5.799999999999997
0.0044040679931640625,3.886132001876831,1.3595536708831883,29,-5.799999999999997
0.005578041076660156,3.891710042953491,1.3272010326385595,28,-6.799999999999997
0.006248950958251953,3.897958993911743,1.2847081661224462,28,-6.799999999999997
0.006782054901123047,3.904741048812866,1.2385901927948095,28,-6.799999999999997
0.007582902908324751,3.912323951721191,1.1870264530182013,28,-6.799999999999997
0.0059621334075932175,3.918286085128784,1.1464839458465674,28,-6.799999999999997
0.005588054656982866,3.923874139785767,1.108485174179084,28,-6.799999999999997
0.00641298294067294,3.93028712272644,1.064876890182508,27,-7.799999999999997
0.005057811737060991,3.935344934463501,1.0254259586334324,27,-7.799999999999997
0.007039070129394975,3.942384004592896,0.9705212116241516,27,-7.799999999999997
0.006819009780882901,3.949203014373779,0.917332935333265,27,-7.799999999999997
0.008476972579956055,3.957679986953735,0.8512125492096078,27,-7.799999999999997
0.007851123809814897,3.96553111076355,0.7899737834930516,27,-7.799999999999997
0.009031057357788086,3.974562168121338,0.7195315361023046,27,-7.799999999999997
0.003145933151245117,3.977708101272583,0.6949932575225927,28,-6.799999999999997
0.005800008773804155,3.983508110046387,0.6555531978607244,28,-6.799999999999997
0.0059418678283686965,3.989449977874756,0.6151484966278173,28,-6.799999999999997
0.005978107452392134,3.995428085327148,0.5744973659515509,27,-7.799999999999997
0.006440877914429155,4.001868963241577,0.5242585182190035,28,-6.799999999999997
0.007212162017822266,4.009081125259399,0.4752158164978121,28,-6.799999999999997
0.006515979766845703,4.015597105026245,0.4309071540832613,28,-6.799999999999997
0.007693052291870117,4.023290157318115,0.37859439849854454,29,-5.799999999999997
0.0061187744140625,4.029408931732178,0.34310550689698205,29,-5.799999999999997
0.005735158920288086,4.035144090652466,0.30984158515931115,29,-5.799999999999997
0.006434917449951172,4.041579008102417,0.27251906394959435,29,-5.799999999999997
0.006464958190917969,4.048043966293335,0.23502230644227015,29,-5.799999999999997
0.006476163864135742,4.054520130157471,0.19746055603028287,29,-5.799999999999997
0.008088827133178711,4.062608957290649,0.15054535865784638,30,-4.799999999999997
0.008877992630004883,4.071486949920654,0.10793099403382297,30,-4.799999999999997
0.0023670196533203125,4.073853969573975,0.09656929969788548,30,-4.799999999999997
0.006033182144165039,4.07988715171814,0.06761002540589331,30,-4.799999999999997
0.006199836730957031,4.086086988449097,0.03785080909729958,30,-4.799999999999997
0.005680084228515625,4.091767072677612,0.010586404800424592,30,-4.799999999999997
0.006814002990722656,4.098581075668335,-0.022120809555044137,31,-3.799999999999997
0.005613088607788086,4.104194164276123,-0.043450546264638845,31,-3.799999999999997
0.007186889648438388,4.111381053924561,-0.07076072692870469,31,-3.799999999999997
0.007037878036498135,4.11841893196106,-0.09750466346739758,31,-3.799999999999997
0.006802082061767578,4.125221014022827,-0.12335257530211435,31,-3.799999999999997
0.008064031600952148,4.133285045623779,-0.1539958953857325,32,-2.799999999999997
0.005789041519165039,4.139074087142944,-0.1702052116393946,32,-2.799999999999997
0.006905078887939453,4.145979166030884,-0.18953943252562505,32,-2.799999999999997
0.006398916244506836,4.152378082275391,-0.20745639801024418,32,-2.799999999999997
0.005702972412109375,4.1580810546875,-0.2234247207641504,32,-2.799999999999997
0.006640911102294922,4.164721965789795,-0.24201927185057617,33,-1.7999999999999972
0.0040891170501708984,4.168811082839966,-0.24937968254088377,34,-0.7999999999999972
0.005655050277709961,4.174466133117676,-0.25390372276305173,34,-0.7999999999999972
0.0068700313568115234,4.181336164474487,-0.25939974784850095,34,-0.7999999999999972
0.005136966705322266,4.18647313117981,-0.2635093212127588,34,-0.7999999999999972
0.005787849426269531,4.192260980606079,-0.2681396007537744,35,0.20000000000000284
0.006003141403198242,4.198264122009277,-0.26693897247313475,35,0.20000000000000284
0.006006002426147461,4.204270124435425,-0.2657377719879052,35,0.20000000000000284
0.006911039352416992,4.211181163787842,-0.2643555641174218,35,0.20000000000000284
0.003186941146850586,4.214368104934692,-0.26371817588805163,36,1.2000000000000028
0.006934881210328037,4.22130298614502,-0.25539631843565797,36,1.2000000000000028
0.00544404983520419,4.226747035980225,-0.24886345863341292,36,1.2000000000000028
0.007223129272461826,4.233970165252686,-0.2401957035064587,37,2.200000000000003
0.006398916244505948,4.240369081497192,-0.22611808776854558,37,2.200000000000003
0.006017923355102539,4.246387004852295,-0.21287865638731998,37,2.200000000000003
0.007082939147949219,4.253469944000244,-0.19729619026183168,37,2.200000000000003
0.01003122329711914,4.263501167297363,-0.17522749900816953,38,3.200000000000003
0.006319999694825107,4.269821166992188,-0.15500349998472918,38,3.200000000000003
0.005574941635130948,4.275396108627319,-0.13716368675231014,38,3.200000000000003
0.007362842559814453,4.282758951187134,-0.11360259056090387,38,3.200000000000003
0.0066070556640625,4.289366006851196,-0.09246001243590385,38,3.200000000000003
0.006334066390992099,4.295700073242188,-0.07219099998472911,39,4.200000000000003
0.006694078445433682,4.302394151687622,-0.04407587051390763,39,4.200000000000003
0.0040400028228759766,4.306434154510498,-0.027107858657828516,39,4.200000000000003
0.0055539608001708984,4.311988115310669,-0.003781223297110725,39,4.200000000000003
0.005836963653564453,4.317825078964233,0.020734024047859994,39,4.200000000000003
0.005837917327880859,4.323662996292114,0.04525327682495962,39,4.200000000000003
0.0067560672760009766,4.330419063568115,0.07362875938416374,40,5.200000000000003
0.003895998001098633,4.334315061569214,0.09388794898987665,39,4.200000000000003
0.008388042449951172,4.342703104019165,0.1291177272796716,40,5.200000000000003
0.00672602653503418,4.349429130554199,0.16409306526184936,39,4.200000000000003
0.009809017181396484,4.359238147735596,0.20529093742371463,40,5.200000000000003
0.006131887435913086,4.365370035171509,0.23717675209046268,40,5.200000000000003
0.006153106689453125,4.371523141860962,0.26917290687561896,40,5.200000000000003
0.006341934204100674,4.377865076065063,0.3021509647369425,40,5.200000000000003
0.007410049438477451,4.38527512550354,0.34068322181702526,40,5.200000000000003
0.00700688362121582,4.392282009124756,0.37711901664734754,40,5.200000000000003
0.0065300464630135835,4.398812055587769,0.41107525825501817,40,5.200000000000003
0.006546020507811612,4.405358076095581,0.44511456489563855,40,5.200000000000003
0.006099939346314365,4.411458015441895,0.47683424949647324,40,5.200000000000003
0.0065429210662832915,4.418000936508179,0.5108574390411463,40,5.200000000000003
0.0063970088958740234,4.424397945404053,0.5441218852996913,40,5.200000000000003
0.007227182388305664,4.431625127792358,0.5817032337188808,40,5.200000000000003
0.006970882415771484,4.43859601020813,0.6179518222808925,40,5.200000000000003
0.006245136260986328,4.444841146469116,0.6504265308380215,40,5.200000000000003
0.007004976272583008,4.451846122741699,0.6868524074554532,40,5.200000000000003
0.004712820053100586,4.4565589427948,0.7113590717315762,40,5.200000000000003
0.005730152130126953,4.462289094924927,0.7411558628082364,40,5.200000000000003
0.005457878112792969,4.46774697303772,0.7695368289947598,40,5.200000000000003
0.006942033767700195,4.47468900680542,0.8056354045868008,40,5.200000000000003
0.006145954132080078,4.4808349609375,0.8375943660736173,40,5.200000000000003
0.006514072418212891,4.487349033355713,0.8714675426483243,40,5.200000000000003
0.005882978439331055,4.493232011795044,0.9020590305328458,40,5.200000000000003
0.004797935485839844,4.498029947280884,0.927008295059213,40,5.200000000000003
0.006782054901123047,4.504812002182007,0.9622749805450529,40,5.200000000000003
0.007166147232056552,4.511978149414063,0.999538946151747,40,5.200000000000003
0.006781816482542169,4.518759965896606,1.0348043918609662,40,5.200000000000003
0.0040390491485604585,4.522799015045166,1.0558074474334807,40,5.200000000000003
0.005882978439331055,4.528681993484497,1.0863989353180021,41,6.200000000000003
0.005610942840576172,4.534292936325073,1.1211867809295744,41,6.200000000000003
0.006512165069580078,4.540805101394653,1.1615622043609708,41,6.200000000000003
0.004926919937133789,4.545732021331787,1.1921091079712003,41,6.200000000000003
0.006623029708862305,4.552355051040649,1.2331718921661465,41,6.200000000000003
0.005888938903808594,4.558243989944458,1.2696833133697598,41,6.200000000000003
0.006476163864135742,4.564720153808594,1.3098355293274013,41,6.200000000000003
0.006775856018066406,4.57149600982666,1.351845836639413,41,6.200000000000003
0.006478071212768555,4.577974081039429,1.3920098781585781,41,6.200000000000003
0.0065920352935791016,4.584566116333008,1.4328804969787685,40,5.200000000000003
0.00691986083984375,4.591485977172852,1.468863773345956,40,5.200000000000003
0.007035017013549805,4.598520994186401,1.505445861816415,40,5.200000000000003
0.008016109466552734,4.606537103652954,1.5471296310424894,39,4.200000000000003
0.008614063262940341,4.615151166915894,1.5833086967468388,39,4.200000000000003
0.006792783737181729,4.621943950653076,1.611838388443002,39,4.200000000000003
0.006857156753540039,4.628801107406616,1.6406384468078703,39,4.200000000000003
0.0046808719635009766,4.633481979370117,1.6602981090545743,39,4.200000000000003
0.00792813301086337,4.641410112380981,1.6935962677002006,38,3.200000000000003
0.004932880401612216,4.646342992782593,1.7093814849853597,38,3.200000000000003
0.005558013916015625,4.651901006698608,1.7271671295166098,38,3.200000000000003
0.0068590641021728516,4.658760070800781,1.7491161346435629,38,3.200000000000003
0.00492405891418457,4.663684129714966,1.7648731231689534,38,3.200000000000003
0.0062220096588134766,4.669906139373779,1.7847835540771566,38,3.200000000000003
0.005368947982788086,4.675275087356567,1.8019641876220784,38,3.200000000000003
0.005976915359496182,4.681252002716064,1.8210903167724661,38,3.200000000000003
0.0054640769958504976,4.686716079711914,1.8385753631591877,38,3.200000000000003
0.0061299800872802734,4.692846059799194,1.8581912994384846,37,2.200000000000003
0.005970954895019531,4.698817014694214,1.8713274002075275,37,2.200000000000003
0.005741119384764737,4.704558134078979,1.88395786285401,37,2.200000000000003
0.007732868194580966,4.71229100227356,1.900970172882088,37,2.200000000000003
0.006358146667480469,4.71864914894104,1.914958095550545,37,2.200000000000003
0.007074832916259766,4.7257239818573,1.9305227279663164,37,2.200000000000003
0.006062030792236328,4.731786012649536,1.9438591957092364,36,1.2000000000000028
0.00612306594848544,4.737909078598022,1.951206874847419,36,1.2000000000000028
0.006742000579833984,4.744651079177856,1.9592972755432196,36,1.2000000000000028
0.008068084716797763,4.752719163894653,1.968978977203377,35,0.20000000000000284
0.0058858394622802734,4.758605003356934,1.9701561450958331,35,0.20000000000000284
0.005655050277710849,4.764260053634644,1.9712871551513753,35,0.20000000000000284
0.004846096038817471,4.769106149673462,1.9722563743591388,35,0.20000000000000284
0.005314826965332031,4.774420976638794,1.9733193397522053,35,0.20000000000000284
0.006905078887939453,4.781326055526733,1.9747003555297933,34,-0.7999999999999972
0.00801396369934082,4.789340019226074,1.9682891845703208,34,-0.7999999999999972
0.004415035247802734,4.793755054473877,1.9647571563720785,34,-0.7999999999999972
0.006625890731810635,4.800380945205688,1.95945644378663,34,-0.7999999999999972
0.006985187530518466,4.807366132736206,1.9538682937622152,33,-1.7999999999999972
0.0065200328826895415,4.813886165618896,1.942132234573374,32,-2.799999999999997
0.008121967315674716,4.82200813293457,1.919390726089485,32,-2.799999999999997
0.0067098140716552734,4.828717947006226,1.90060324668885,32,-2.799999999999997
0.0056650638580322266,4.834383010864258,1.8847410678863599,32,-2.799999999999997
0.004461050033569336,4.838844060897827,1.8722501277923658,31,-3.799999999999997
0.006278038024901456,4.845122098922729,1.8483935832977403,31,-3.799999999999997
0.0059578418731698335,4.851079940795898,1.825753784179695,31,-3.799999999999997
0.005437135696411133,4.85651707649231,1.8050926685333326,31,-3.799999999999997
0.0054509639739990234,4.861968040466309,1.7843790054321362,31,-3.799999999999997
0.008847951889038086,4.870815992355347,1.7507567882537916,30,-4.799999999999997
0.0025510787963867188,4.873367071151733,1.7385116100311353,30,-4.799999999999997
0.005434989929199219,4.878802061080933,1.712423658370979,31,-3.799999999999997
0.005506038665771484,4.884308099746704,1.6915007114410474,30,-4.799999999999997
0.006140947341918945,4.890449047088623,1.6620241641998366,30,-4.799999999999997
0.0052509307861328125,4.895699977874756,1.636819696426399,30,-4.799999999999997
0.007586002349853516,4.903285980224609,1.6004068851471023,30,-4.799999999999997
0.004750967025756836,4.908036947250366,1.5776022434234696,30,-4.799999999999997
0.005070209503173828,4.91310715675354,1.5532652378082352,30,-4.799999999999997
0.005422830581665039,4.918529987335205,1.527235651016243,30,-4.799999999999997
0.00616908073425293,4.924699068069458,1.497624063491829,29,-5.799999999999997
0.005999088287354404,4.930698156356812,1.4628293514251733,29,-5.799999999999997
0.0057489871978759766,4.936447143554688,1.4294852256774926,29,-5.799999999999997
0.005992889404295987,4.942440032958984,1.3947264671325759,29,-5.799999999999997
0.007483959197998047,4.949923992156982,1.3513195037841872,29,-5.799999999999997
0.006098985671996182,4.956022977828979,1.3159453868866093,28,-6.799999999999997
0.0071289539337167085,4.963151931762695,1.2674685001373358,29,-5.799999999999997
0.006728172302246094,4.969880104064941,1.2284451007843085,29,-5.799999999999997
0.0064618587493896484,4.976341962814331,1.1909663200378484,29,-5.799999999999997
0.006806135177612305,4.983148097991943,1.1514907360076971,28,-6.799999999999997
0.007645845413208008,4.990793943405151,1.0994989871978826,28,-6.799999999999997
0.0032520294189453125,4.994045972824097,1.0773851871490545,28,-6.799999999999997
0.007822990417480469,5.001868963241577,1.0241888523101874,29,-5.799999999999997
0.006390094757080078,5.008259057998657,0.9871263027191229,29,-5.799999999999997
0.006345033645629883,5.014604091644287,0.9503251075744696,29,-5.799999999999997
0.007773876190185547,5.022377967834473,0.9052366256713935,29,-5.799999999999997
0.006734132766723633,5.029112100601196,0.8661786556243964,29,-5.799999999999997
0.004791975021362305,5.033904075622559,0.8383852005004951,29,-5.799999999999997
0.006468057632446289,5.040372133255005,0.8008704662323067,29,-5.799999999999997
0.005033969879150391,5.045406103134155,0.7716734409332345,29,-5.799999999999997
0.006440877914428711,5.051846981048584,0.734316349029548,29,-5.799999999999997
0.006036996841430664,5.057883977890015,0.6993017673492502,29,-5.799999999999997
0.006208181381225586,5.06409215927124,0.6632943153381419,30,-4.799999999999997
0.007326841354370117,5.07141900062561,0.6281254768371654,30,-4.799999999999997
0.004106998443603516,5.075525999069214,0.6084118843078685,30,-4.799999999999997
0.0061571598052978516,5.081683158874512,0.5788575172424388,31,-3.799999999999997
0.005827903747558594,5.08751106262207,0.5567114830017162,31,-3.799999999999997
0.006139039993285245,5.093650102615356,0.5333831310272323,31,-3.799999999999997
0.007681846618653232,5.101331949234009,0.5041921138763501,31,-3.799999999999997
0.004092216491699219,5.105424165725708,0.4886416912078931,31,-3.799999999999997
0.006499767303466797,5.111923933029175,0.4639425754547193,31,-3.799999999999997
0.00669407844543457,5.118618011474609,0.43850507736206795,31,-3.799999999999997
0.006470918655395508,5.125088930130005,0.41391558647156507,32,-2.799999999999997
0.006800174713134766,5.13188910484314,0.39487509727478776,32,-2.799999999999997
0.00644683837890625,5.138335943222046,0.37682394981385026,32,-2.799999999999997
0.004794120788574219,5.14313006401062,0.36340041160584247,32,-2.799999999999997
0.009510993957519531,5.15264105796814,0.3367696285247878,32,-2.799999999999997
0.01013493537902832,5.162775993347168,0.3083918094635085,33,-1.7999999999999972
0.0049850940704354585,5.167761087417603,0.2994186401367247,33,-1.7999999999999972
0.00656104087829501,5.174322128295898,0.2876087665557937,34,-0.7999999999999972
0.007463932037353516,5.181786060333252,0.28163762092591094,34,-0.7999999999999972
0.007414102554321289,5.189200162887573,0.27570633888245394,34,-0.7999999999999972
0.006326913833618164,5.195527076721191,0.27064480781555944,35,0.20000000000000284
0.007191896438598633,5.20271897315979,0.27208318710327917,35,0.20000000000000284
0.006411075592041016,5.209130048751831,0.27336540222168737,35,0.20000000000000284
0.0073740482330322266,5.216504096984863,0.2748402118682938,36,1.2000000000000028
0.0067348480224609375,5.223238945007324,0.282922029495247,36,1.2000000000000028
0.00785207748413086,5.231091022491455,0.292344522476204,36,1.2000000000000028
0.003194093704223633,5.234285116195679,0.2961774349212724,36,1.2000000000000028
0.006459951400757724,5.240745067596436,0.3039293766021817,36,1.2000000000000028
0.005712032318114346,5.246457099914551,0.31078381538391897,36,1.2000000000000028
0.007695913314819336,5.25415301322937,0.3200189113617022,37,2.200000000000003
0.007796049118041992,5.261949062347412,0.3371702194213946,37,2.200000000000003
0.003551006317138672,5.265500068664551,0.34498243331909967,37,2.200000000000003
0.00574493408203125,5.271245002746582,0.3576212882995684,37,2.200000000000003
0.005944013595581055,5.277189016342163,0.37069811820984677,37,2.200000000000003
0.0061070919036865234,5.28329610824585,0.3841337203979571,38,3.200000000000003
0.007187843322754794,5.290483951568604,0.4071348190307725,38,3.200000000000003
0.0049860477447492,5.295469999313354,0.4230901718139699,38,3.200000000000003
0.007158041000367099,5.302628040313721,0.44599590301514463,38,3.200000000000003
0.006685018539428711,5.309313058853149,0.4673879623413165,38,3.200000000000003
0.006682872772216797,5.315995931625366,0.48877315521241027,38,3.200000000000003
0.009206056594848633,5.325201988220215,0.5182325363159259,39,4.200000000000003
0.006453990936279297,5.331655979156494,0.545339298248299,39,4.200000000000003
0.0062940120697021484,5.337949991226196,0.571774148941048,39,4.200000000000003
0.0073850154876708984,5.345335006713867,0.6027912139892658,38,3.200000000000003
0.006461143493653232,5.35179615020752,0.6234668731689562,39,4.200000000000003
0.005403995513916016,5.357200145721436,0.6461636543274035,38,3.200000000000003
0.005148887634276456,5.362349033355713,0.6626400947570882,38,3.200000000000003
0.005434989929199219,5.367784023284912,0.6800320625305257,39,4.200000000000003
0.00627899169921875,5.374063014984131,0.7064038276672445,39,4.200000000000003
0.008213043212889737,5.382276058197021,0.7408986091613814,38,3.200000000000003
0.0096929073333758,5.391968965530396,0.7719159126281839,38,3.200000000000003
0.008460998535155362,5.400429964065552,0.7989911079406811,38,3.200000000000003
0.007040977478027344,5.407470941543579,0.8215222358703685,39,4.200000000000003
0.006594181060791016,5.41406512260437,0.8492177963256908,38,3.200000000000003
0.007649898529052734,5.421715021133423,0.8736974716186596,38,3.200000000000003
0.0030829906463623047,5.424798011779785,0.883563041687019,38,3.200000000000003
0.006545066833496094,5.431343078613281,0.9045072555542065,38,3.200000000000003
0.005846977233886719,5.437190055847168,0.9232175827026441,38,3.200000000000003
0.0052700042724609375,5.442460060119629,0.9400815963745192,38,3.200000000000003
0.005281925201416016,5.447741985321045,0.9569837570190505,38,3.200000000000003
0.006643056869506836,5.454385042190552,0.9782415390014724,38,3.200000000000003
0.007515907287597656,5.461900949478149,1.002292442321785,38,3.200000000000003
0.007389068603515625,5.469290018081665,1.025937461853035,39,4.200000000000003
0.004168987274169922,5.473459005355835,1.0434472084045487,39,4.200000000000003
0.009237051010131836,5.482696056365967,1.0822428226471026,39,4.200000000000003
0.003091096878052646,5.485787153244019,1.0952254295349237,39,4.200000000000003
0.0055727958679181455,5.491359949111938,1.11863117218018,39,4.200000000000003
0.005456209182740146,5.496816158294678,1.1415472507476887,39,4.200000000000003
0.005822896957397461,5.502639055252075,1.166003417968758,39,4.200000000000003
0.008064031600952148,5.510703086853027,1.199872350692757,39,4.200000000000003
0.00661802291870206,5.517321109771729,1.2276680469513057,39,4.200000000000003
0.006707906723021573,5.524029016494751,1.2558412551879963,39,4.200000000000003
0.007339954376220703,5.531368970870972,1.2866690635681233,39,4.200000000000003
0.004168033599853516,5.535537004470825,1.3041748046875081,39,4.200000000000003
0.006056070327758789,5.541593074798584,1.329610300064095,38,3.200000000000003
0.005766868591308594,5.547359943389893,1.3480642795562825,38,3.200000000000003
0.005845069885253018,5.553205013275146,1.3667685031890922,38,3.200000000000003
0.009586095809937412,5.562791109085083,1.397444009780892,37,2.200000000000003
0.0077419281005859375,5.570533037185669,1.4144762516021812,37,2.200000000000003
0.0033540725708007812,5.57388710975647,1.4218552112579428,37,2.200000000000003
0.006750822067259854,5.58063793182373,1.4367070198059144,37,2.200000000000003
0.004697084426880771,5.58533501625061,1.4470406055450522,37,2.200000000000003
0.006439924240112305,5.591774940490723,1.4612084388732993,36,1.2000000000000028
0.006947994232177734,5.5987229347229,1.4695460319519127,36,1.2000000000000028
0.0046350955963134766,5.603358030319214,1.475108146667489,36,1.2000000000000028
0.007789134979248047,5.611147165298462,1.4844551086425866,36,1.2000000000000028
0.0031828880310058594,5.614330053329468,1.4882745742797936,36,1.2000000000000028
0.007025003433227539,5.621355056762695,1.4967045783996666,36,1.2000000000000028
0.006066083908081055,5.627421140670776,1.5039838790893638,35,0.20000000000000284
0.00713682174682706,5.634557962417603,1.5054112434387292,35,0.20000000000000284
0.0074050426483145415,5.641963005065918,1.506892251968392,35,0.20000000000000284
0.006165981292724609,5.648128986358643,1.508125448226937,34,-0.7999999999999972
0.006334066390991211,5.654463052749634,1.5030581951141442,34,-0.7999999999999972
0.005383014678955078,5.659846067428589,1.49875178337098,34,-0.7999999999999972
0.005685091018676758,5.665531158447266,1.4942037105560386,34,-0.7999999999999972
0.005871772766113281,5.671402931213379,1.489506292343148,34,-0.7999999999999972
0.006044149398803711,5.677447080612183,1.484670972824105,33,-1.7999999999999972
0.005629062652588779,5.683076143264771,1.4745386600494452,33,-1.7999999999999972
0.006245851516722745,5.689321994781494,1.4632961273193443,32,-2.799999999999997
0.00687098503112793,5.696192979812622,1.444057369232186,32,-2.799999999999997
0.0065729618072509766,5.702765941619873,1.4256530761718833,32,-2.799999999999997
0.006649017333984375,5.709414958953857,1.407035827636727,31,-3.799999999999997
0.006682157516479492,5.716097116470337,1.381643629074105,31,-3.799999999999997
0.006641864776611328,5.722738981246948,1.3564045429229818,31,-3.799999999999997
0.0060880184173583984,5.728826999664307,1.33327007293702,31,-3.799999999999997
0.006366014480589932,5.735193014144897,1.3090792179107782,31,-3.799999999999997
0.006577014923096591,5.741770029067993,1.2840865612030112,31,-3.799999999999997
0.003654003143310547,5.745424032211304,1.2702013492584312,31,-3.799999999999997
0.006114006042480469,5.751538038253784,1.2469681262970054,30,-4.799999999999997
0.0062410831451416016,5.757779121398926,1.2170109272003258,31,-3.799999999999997
0.013583898544311523,5.771363019943237,1.165392112731942,30,-4.799999999999997
0.0019850730895996094,5.773348093032837,1.155863761901864,30,-4.799999999999997
0.005472898483276367,5.778820991516113,1.1295938491821373,30,-4.799999999999997
0.005964040756225586,5.784785032272339,1.1009664535522545,31,-3.799999999999997
0.006055116653442383,5.790840148925781,1.0779570102691736,30,-4.799999999999997
0.00570988655090332,5.796550035476685,1.0505495548248376,30,-4.799999999999997
0.005398988723753995,5.801949024200439,1.0246344089508184,30,-4.799999999999997
0.0115070343017587,5.813456058502197,0.9694006443023766,29,-5.799999999999997
0.005879878997802734,5.8193359375,0.9352973461151207,29,-5.799999999999997
0.006593227386474609,5.825929164886475,0.897056627273568,29,-5.799999999999997
0.005819797515869141,5.831748962402344,0.863301801681527,29,-5.799999999999997
0.006788015365600586,5.838536977767944,0.8239313125610437,29,-5.799999999999997
0.005136013031005859,5.84367299079895,0.7941424369812097,29,-5.799999999999997
0.006248950958251953,5.849921941757202,0.7578985214233483,29,-5.799999999999997
0.00604701042175293,5.855968952178955,0.7228258609771814,29,-5.799999999999997
0.005706071853637695,5.861675024032593,0.6897306442260828,29,-5.799999999999997
0.006089925765991211,5.867764949798584,0.6544090747833338,30,-4.799999999999997
0.005669116973876953,5.873434066772461,0.6271973133087244,30,-4.799999999999997
0.00580596923828125,5.879240036010742,0.5993286609649744,30,-4.799999999999997
0.0058999061584463774,5.885139942169189,0.5710091114044318,30,-4.799999999999997
0.0063490867614754976,5.891489028930664,0.5405334949493494,30,-4.799999999999997
0.00610804557800293,5.897597074508667,0.5112148761749354,30,-4.799999999999997
0.006886005401611328,5.904483079910278,0.4781620502472011,30,-4.799999999999997
0.007216930389404297,5.911700010299683,0.4435207843780605,31,-3.799999999999997
0.006920099258421963,5.918620109558105,0.417224407196057,31,-3.799999999999997
0.0060799121856698335,5.924700021743774,0.3941207408905117,31,-3.799999999999997
0.007324934005737305,5.932024955749512,0.36628599166870995,31,-3.799999999999997
0.005740165710449219,5.937765121459961,0.3444733619690029,31,-3.799999999999997
0.006330013275146484,5.944095134735107,0.32041931152344627,31,-3.799999999999997
0.007485866546630859,5.951581001281738,0.291973018646249,32,-2.799999999999997
0.0039899349212646484,5.955570936203003,0.280801200866708,32,-2.799999999999997
0.010418176651000977,5.965989112854004,0.2516303062439053,32,-2.799999999999997
0.007238864898682529,5.973227977752686,0.23136148452759425,32,-2.799999999999997
0.006675958633421963,5.979903936386108,0.21266880035401278,33,-1.7999999999999972
0.00423121452331543,5.984135150909424,0.20505261421204501,33,-1.7999999999999972
0.0063669681549072266,5.990502119064331,0.19359207153321203,33,-1.7999999999999972
0.004962921142578125,5.995465040206909,0.18465881347657143,33,-1.7999999999999972
0.007338047027587891,6.002803087234497,0.17145032882691325,34,-0.7999999999999972
0.005795001983642578,6.00859808921814,0.1668143272399992,34,-0.7999999999999972
0.006000995635986328,6.014599084854126,0.16201353073121016,34,-0.7999999999999972
0.007747888565062588,6.022346973419189,0.1558152198791601,34,-0.7999999999999972
0.009544134140015537,6.031891107559204,0.14817991256714771,35,0.20000000000000284
0.003674030303955078,6.035565137863159,0.14891471862793873,34,-0.7999999999999972
0.005106925964355469,6.040672063827515,0.14482917785645438,35,0.20000000000000284
0.005745887756347656,6.046417951583862,0.14597835540772394,35,0.20000000000000284
0.005596160888671875,6.052014112472534,0.14709758758545832,35,0.20000000000000284
0.005630970001220703,6.057645082473755,0.14822378158570249,35,0.20000000000000284
0.006229877471923828,6.063874959945679,0.14946975708008728,35,0.20000000000000284
0.006543159484863281,6.070418119430542,0.15077838897705995,36,1.2000000000000028
0.005599021911621094,6.076017141342163,0.15749721527100527,36,1.2000000000000028
0.007228851318358487,6.083245992660522,0.16617183685303547,36,1.2000000000000028
0.007142066955567294,6.090388059616089,0.17474231719971625,36,1.2000000000000028
0.0040628910064697266,6.094450950622559,0.17961778640747994,36,1.2000000000000028
0.00793004035949707,6.102380990982056,0.18913383483887644,37,2.200000000000003
0.0042400360107421875,6.106621026992798,0.19846191406250926,37,2.200000000000003
0.0058400630950927734,6.112461090087891,0.2113100528717134,37,2.200000000000003
0.005413055419922763,6.117874145507813,0.2232187747955435,37,2.200000000000003
0.005826950073241299,6.123701095581055,0.23603806495667437,37,2.200000000000003
0.00674891471862793,6.130450010299683,0.2508856773376558,37,2.200000000000003
0.004888057708740234,6.135338068008423,0.26163940429688437,37,2.200000000000003
0.006954908370972568,6.142292976379395,0.27694020271302405,37,2.200000000000003
0.008135080337523526,6.150428056716919,0.2948373794555758,38,3.200000000000003
0.0030450820922851562,6.153473138809204,0.30458164215088834,38,3.200000000000003
0.005873918533325195,6.159347057342529,0.323378181457529,38,3.200000000000003
0.005982875823974609,6.165329933166504,0.34252338409424776,38,3.200000000000003
0.005750179290771484,6.171080112457275,0.36092395782471653,38,3.200000000000003
0.005399942398071289,6.176480054855347,0.37820377349854467,38,3.200000000000003
0.0057430267333984375,6.182223081588745,0.3965814590454197,38,3.200000000000003
0.006928920745849609,6.189152002334595,0.4187540054321385,38,3.200000000000003
0.005553007125854492,6.194705009460449,0.4365236282348729,38,3.200000000000003
0.007108926773072177,6.201813936233521,0.4592721939087039,38,3.200000000000003
0.006653070449828213,6.20846700668335,0.4805620193481542,38,3.200000000000003
0.005732059478759766,6.214199066162109,0.49890460968018546,38,3.200000000000003
0.007639884948730469,6.22183895111084,0.523352241516123,38,3.200000000000003
0.0027670860290527344,6.224606037139893,0.5322069168090918,38,3.200000000000003
0.006616115570068359,6.231222152709961,0.5533784866333106,38,3.200000000000003
0.0062749385833740234,6.237497091293335,0.5734582901001075,38,3.200000000000003
0.006150007247924805,6.24364709854126,0.5931383132934669,38,3.200000000000003
0.0067310333251953125,6.250378131866455,0.6146776199340919,38,3.200000000000003
0.005510807037353516,6.255888938903809,0.6323122024536232,38,3.200000000000003
0.006894111633300781,6.262783050537109,0.6543733596801857,37,2.200000000000003
0.007843971252441406,6.270627021789551,0.6716300964355568,38,3.200000000000003
0.006621122360229492,6.27724814414978,0.6928176879882912,38,3.200000000000003
0.0041408538818359375,6.281388998031616,0.7060684204101663,38,3.200000000000003
0.006620168685913086,6.288009166717529,0.7272529602050881,38,3.200000000000003
0.007471799850463867,6.295480966567993,0.7511627197265726,38,3.200000000000003
0.006137132644652432,6.301618099212646,0.7708015441894603,38,3.200000000000003
0.005862951278687412,6.307481050491333,0.78956298828126,38,3.200000000000003
0.005275964736937588,6.312757015228271,0.8064460754394603,38,3.200000000000003
0.006432056427002841,6.319189071655273,0.8270286560058695,38,3.200000000000003
0.005635976791381836,6.324825048446655,0.8450637817382914,38,3.200000000000003
0.006711006164550781,6.331536054611206,0.866539001464854,38,3.200000000000003
0.007637977600097656,6.339174032211304,0.8909805297851665,38,3.200000000000003
0.006385087966918945,6.345559120178223,0.9114128112793072,38,3.200000000000003
0.007684946060180664,6.353244066238403,0.9360046386718853,38,3.200000000000003
0.005444049835205078,6.358688116073608,0.9534255981445416,38,3.200000000000003
0.007863998413085938,6.366552114486694,0.9785903930664167,38,3.200000000000003
0.006738901138305664,6.373291015625,1.000154876708995,38,3.200000000000003
0.00542902946472168,6.378720045089722,1.0175277709961044,37,2.200000000000003
0.0072479248046875,6.385967969894409,1.0334732055664169,37,2.200000000000003
0.0058231353759765625,6.391791105270386,1.0462841033935653,37,2.200000000000003
0.006669044494628906,6.398460149765015,1.060956001281749,37,2.200000000000003
0.005701780319214755,6.404161930084229,1.0734999179840214,37,2.200000000000003
0.006625175476073331,6.410787105560303,1.0880753040313829,37,2.200000000000003
0.005192041397093838,6.415979146957397,1.0994977951049894,36,1.2000000000000028
0.005589008331299716,6.421568155288696,1.106204605102549,36,1.2000000000000028
0.005697011947631836,6.427265167236328,1.1130410194397071,36,1.2000000000000028
0.005512952804566318,6.432778120040894,1.1196565628051867,36,1.2000000000000028
0.005779027938841885,6.438557147979736,1.1265913963317968,36,1.2000000000000028
0.006628990173339844,6.445186138153076,1.1345461845398046,35,0.20000000000000284
0.006644010543823242,6.451830148696899,1.1358749866485693,35,0.20000000000000284
0.0067059993743896484,6.458536148071289,1.1372161865234474,35,0.20000000000000284
0.006195783615112305,6.464731931686401,1.13845534324647,35,0.20000000000000284
0.009138107299804688,6.473870038986206,1.140282964706431,35,0.20000000000000284
0.007721900939940518,6.481591939926147,1.1418273448944192,34,-0.7999999999999972
0.003776073455811435,6.485368013381958,1.13880648612977,34,-0.7999999999999972
0.005866050720214844,6.491234064102173,1.134113645553598,34,-0.7999999999999972
0.005610942840576172,6.496845006942749,1.129624891281137,34,-0.7999999999999972
0.006345033645629883,6.503190040588379,1.124548864364633,34,-0.7999999999999972
0.006201982498168945,6.509392023086548,1.1195872783660978,34,-0.7999999999999972
0.006595134735107422,6.515987157821655,1.114311170578012,34,-0.7999999999999972
0.006791830062865323,6.522778987884521,1.1088777065277198,33,-1.7999999999999972
0.0060570240020760835,6.528836011886597,1.0979750633239829,33,-1.7999999999999972
0.006531953811645508,6.535367965698242,1.086217546463021,33,-1.7999999999999972
0.008189201354980469,6.543557167053223,1.0714769840240563,32,-2.799999999999997
0.005884885787964755,6.549442052841187,1.054999303817755,32,-2.799999999999997
0.005811929702757901,6.555253982543945,1.038725900650033,32,-2.799999999999997
0.006268978118896484,6.561522960662842,1.0211727619171227,32,-2.799999999999997
0.0071010589599609375,6.568624019622803,1.001289796829232,32,-2.799999999999997
0.00752711296081543,6.576151132583618,0.9802138805389489,31,-3.799999999999997
0.006491899490356445,6.582643032073975,0.9555446624755944,31,-3.799999999999997
0.006551980972290039,6.589195013046265,0.9306471347808923,31,-3.799999999999997
0.008255958557129794,6.597450971603394,0.8992744922637992,31,-3.799999999999997
0.006113052368163174,6.603564023971558,0.8760448932647792,31,-3.799999999999997
0.004257917404174805,6.607821941375732,0.859864807128915,31,-3.799999999999997
0.005778074264526367,6.613600015640259,0.8379081249237148,31,-3.799999999999997
0.007884979248046875,6.621484994888306,0.8079452037811367,31,-3.799999999999997
0.006627082824707031,6.628112077713013,0.78276228904725,30,-4.799999999999997
0.006485939025878906,6.634598016738892,0.7516297817230313,30,-4.799999999999997
0.007153987884521484,6.641752004623413,0.7172906398773282,30,-4.799999999999997
0.004846096038817471,6.646598100662231,0.6940293788910044,30,-4.799999999999997
0.006196975708008701,6.652795076370239,0.6642838954925626,30,-4.799999999999997
0.004945039749145508,6.657740116119385,0.6405477046966642,30,-4.799999999999997
0.005905866622924805,6.66364598274231,0.6121995449066252,30,-4.799999999999997
0.006704092025756836,6.670350074768066,0.5800199031829925,30,-4.799999999999997
0.004822969436645508,6.675173044204712,0.5568696498870941,30,-4.799999999999997
0.006371021270751953,6.681544065475464,0.5262887477874847,30,-4.799999999999997
0.006460905075073242,6.688004970550537,0.49527640342713314,30,-4.799999999999997
0.006348133087158203,6.694353103637695,0.46480536460877375,30,-4.799999999999997
0.004868030548095703,6.699221134185791,0.4414388179779144,30,-4.799999999999997
0.005502939224243164,6.704724073410034,0.41502470970154726,30,-4.799999999999997
0.00648188591003418,6.711205959320068,0.3839116573333832,30,-4.799999999999997
0.006097078323364258,6.717303037643433,0.3546456813812348,30,-4.799999999999997
0.0054891109466552734,6.722792148590088,0.3282979488372895,31,-3.799999999999997
0.006054878234863281,6.728847026824951,0.30528941154480904,31,-3.799999999999997
0.007157087326049805,6.736004114151001,0.2780924797058198,31,-3.799999999999997
0.0058438777923583984,6.741847991943359,0.25588574409485787,31,-3.799999999999997
0.0074961185455322266,6.749344110488892,0.22740049362183543,31,-3.799999999999997
0.00650787353515625,6.755851984024048,0.2026705741882417,31,-3.799999999999997
0.004853010177612305,6.76070499420166,0.18422913551331493,32,-2.799999999999997
0.009057044982910156,6.76976203918457,0.15886940956116652,31,-3.799999999999997
0.004540920257568359,6.774302959442139,0.14161391258240677,32,-2.799999999999997
0.009333133697509766,6.783636093139648,0.11548113822937946,32,-2.799999999999997
0.007874011993408203,6.791510105133057,0.09343390464783652,32,-2.799999999999997
0.0040760040283203125,6.795586109161377,0.08202109336853966,33,-1.7999999999999972
0.005900859832763672,6.801486968994141,0.07139954566956506,33,-1.7999999999999972
0.0061740875244140625,6.807661056518555,0.06028618812561977,33,-1.7999999999999972
0.007592916488647461,6.815253973007202,0.04661893844605436,34,-0.7999999999999972
0.008041143417359287,6.823295116424561,0.04018602371216695,34,-0.7999999999999972
0.011152029037474698,6.834447145462036,0.031264400482187225,34,-0.7999999999999972
0.008008956909179688,6.842456102371216,0.0248572349548435,34,-0.7999999999999972
0.0038869380950927734,6.846343040466309,0.02174768447876929,35,0.20000000000000284
0.005315065383911133,6.85165810585022,0.022810697555551533,34,-0.7999999999999972
0.006047964096069336,6.857706069946289,0.01797232627869608,35,0.20000000000000284
0.0064890384674072266,6.864195108413696,0.019270133972177545,35,0.20000000000000284
0.01241183280944913,6.876606941223145,0.021752500534067406,36,1.2000000000000028
0.00730109214782626,6.883908033370972,0.03051381111145894,36,1.2000000000000028
0.007666110992431641,6.891574144363403,0.039713144302376935,36,1.2000000000000028
0.007579803466796875,6.8991539478302,0.048808908462533204,36,1.2000000000000028
0.005400180816650391,6.904554128646851,0.05528912544251369,37,2.200000000000003
0.007196903228759766,6.91175103187561,0.07112231254578519,37,2.200000000000003
0.004271984100341797,6.916023015975952,0.08052067756653715,37,2.200000000000003
0.005789995193481445,6.921813011169434,0.09325866699219634,37,2.200000000000003
0.010909080505371094,6.932722091674805,0.11725864410401278,37,2.200000000000003
0.006479024887084961,6.93920111656189,0.1315124988555997,37,2.200000000000003
0.006350040435791016,6.945551156997681,0.14548258781433995,38,3.200000000000003
0.006841897964477539,6.952393054962158,0.16737666130066808,38,3.200000000000003
0.006246089935302734,6.958639144897461,0.18736414909363686,38,3.200000000000003
0.00777888298034668,6.966418027877808,0.21225657463074626,38,3.200000000000003
0.007261037826538086,6.973679065704346,0.23549189567566817,38,3.200000000000003
0.00804591178894043,6.981724977493286,0.26123881340027755,38,3.200000000000003
0.0036339759826660156,6.985358953475952,0.27286753654480883,38,3.200000000000003
0.005384206771850586,6.990743160247803,0.29009699821473073,38,3.200000000000003
0.006079912185668945,6.996823072433472,0.30955271720887134,38,3.200000000000003
0.0058689117431640625,7.002691984176636,0.3283332347869964,38,3.200000000000003
0.006021022796630859,7.008713006973267,0.34760050773621515,38,3.200000000000003
0.004914999008178711,7.013628005981445,0.363328504562387,38,3.200000000000003
0.005738019943237305,7.019366025924683,0.38169016838074643,38,3.200000000000003
0.00652313232421875,7.025889158248901,0.40256419181824643,38,3.200000000000003
0.004753828048706055,7.030642986297607,0.4177764415741058,38,3.200000000000003
0.006092071533204013,7.036735057830811,0.4372710704803587,38,3.200000000000003
0.0056269168853759766,7.042361974716187,0.4552772045135618,38,3.200000000000003
0.005244970321654385,7.047606945037842,0.47206110954285585,38,3.200000000000003
0.006814002990721768,7.054420948028564,0.4938659191131655,38,3.200000000000003
0.008763074874878818,7.063184022903442,0.5219077587127777,38,3.200000000000003
0.0073089599609375,7.07049298286438,0.5452964305877778,38,3.200000000000003
0.0062830448150634766,7.076776027679443,0.5654021739959809,38,3.200000000000003
0.004611968994140625,7.081387996673584,0.580160474777231,38,3.200000000000003
0.005897045135498047,7.087285041809082,0.5990310192108248,38,3.200000000000003
0.006006956100463867,7.093291997909546,0.6182532787323092,38,3.200000000000003
0.007791996002197266,7.101083993911743,0.6431876659393404,38,3.200000000000003
0.005135059356689453,7.106219053268433,0.6596198558807467,38,3.200000000000003
0.006911039352416992,7.11313009262085,0.681735181808481,38,3.200000000000003
0.007438898086546963,7.120568990707397,0.7055396556854313,38,3.200000000000003
0.00405001640319913,7.124619007110596,0.7184997081756685,38,3.200000000000003
0.006045103073120117,7.130664110183716,0.7378440380096529,38,3.200000000000003
0.005986928939819336,7.136651039123535,0.7570022106170748,38,3.200000000000003
0.005645036697387695,7.142296075820923,0.7750663280487154,38,3.200000000000003
0.008090972900389737,7.150387048721313,0.8009574413299626,38,3.200000000000003
0.007179021835328037,7.157566070556641,0.8239303112030123,38,3.200000000000003
0.008708953857422763,7.166275024414063,0.8517989635467652,37,2.200000000000003
0.007451057434082031,7.173726081848145,0.8681912899017457,37,2.200000000000003
0.007889986038208008,7.181616067886353,0.8855492591858033,37,2.200000000000003
0.003799915313719815,7.185415983200073,0.8939090728759869,37,2.200000000000003
0.005834102630614346,7.191250085830688,0.9067440986633385,37,2.200000000000003
0.0060799121856698335,7.197329998016357,0.9201199054718121,36,1.2000000000000028
0.00581812858581543,7.203148126602173,0.9271016597747906,36,1.2000000000000028
0.00757598876953125,7.210724115371704,0.9361928462982282,36,1.2000000000000028
0.006043910980224609,7.216768026351929,0.9434455394744977,36,1.2000000000000028
0.00711512565612793,7.223883152008057,0.9519836902618513,36,1.2000000000000028
0.004807949066162109,7.228691101074219,0.9577532291412458,35,0.20000000000000284
0.005172014236450195,7.233863115310669,0.9587876319885359,35,0.20000000000000284
0.006482839584351474,7.24034595489502,0.9600841999054062,35,0.20000000000000284
0.009006023406981534,7.249351978302002,0.9618854045868025,35,0.20000000000000284
0.012067079544067383,7.261419057846069,0.964298820495616,34,-0.7999999999999972
0.005769014358520508,7.26718807220459,0.9596836090087996,34,-0.7999999999999972
0.00797605514526456,7.275164127349854,0.9533027648925879,34,-0.7999999999999972
0.00711798667907626,7.282282114028931,0.947608375549327,34,-0.7999999999999972
0.00896596908569336,7.291248083114624,0.9404356002807723,34,-0.7999999999999972
0.007462024688720703,7.298710107803345,0.9344659805297958,34,-0.7999999999999972
0.00680994987487793,7.305520057678223,0.9290180206298935,34,-0.7999999999999972
0.006465911865234375,7.311985969543457,0.923845291137706,34,-0.7999999999999972
0.004794120788574219,7.316780090332031,0.9200099945068466,33,-1.7999999999999972
0.005931854248046875,7.322711944580078,0.9093326568603622,33,-1.7999999999999972
0.005808115005493164,7.328520059585571,0.8988780498504746,33,-1.7999999999999972
0.007339954376220703,7.335860013961792,0.8856661319732774,32,-2.799999999999997
0.0056171417236328125,7.341477155685425,0.8699381351471055,32,-2.799999999999997
0.006440877914429599,7.347918033599854,0.8519036769867027,32,-2.799999999999997
0.0062720775604239165,7.354190111160278,0.8343418598175157,32,-2.799999999999997
0.007422924041748047,7.361613035202026,0.8135576725006213,31,-3.799999999999997
0.0038471221923828125,7.365460157394409,0.7989386081695666,31,-3.799999999999997
0.005930900573730469,7.37139105796814,0.7764011859893909,31,-3.799999999999997
0.006376981735229492,7.377768039703369,0.7521686553955188,31,-3.799999999999997
0.01424407958984375,7.392012119293213,0.6980411529541126,30,-4.799999999999997
0.006702899932861328,7.398715019226074,0.6658672332763783,31,-3.799999999999997
0.006451129913330078,7.405166149139404,0.641352939605724,31,-3.799999999999997
0.007611989974975586,7.41277813911438,0.6124273777008168,31,-3.799999999999997
0.004361867904663086,7.417140007019043,0.5958522796630971,31,-3.799999999999997
0.0060880184173583984,7.423228025436401,0.5727178096771351,30,-4.799999999999997
0.00816202163696289,7.431390047073364,0.5335401058197133,30,-4.799999999999997
0.006062030792236328,7.437452077865601,0.504442358016979,31,-3.799999999999997
0.005661964416503018,7.443114042282104,0.4829268932342676,31,-3.799999999999997
0.00629305839538663,7.44940710067749,0.45901327133179837,31,-3.799999999999997
0.007137060165406162,7.456544160842896,0.431892442703255,31,-3.799999999999997
0.0066649913787832915,7.46320915222168,0.4065654754638785,31,-3.799999999999997
0.007586002349853516,7.470795154571533,0.37773866653443516,31,-3.799999999999997
0.0032219886779785156,7.474017143249512,0.3654951095581168,31,-3.799999999999997
0.0071289539337167085,7.481146097183228,0.33840508460999336,32,-2.799999999999997
0.005602836608885831,7.486748933792114,0.32271714210511304,32,-2.799999999999997
0.005999088287353516,7.492748022079468,0.30591969490052323,32,-2.799999999999997
0.011173009872436523,7.503921031951904,0.274635267257701,32,-2.799999999999997
0.007612943649291992,7.511533975601196,0.25331902503968345,32,-2.799999999999997
0.0031371116638183594,7.514671087265015,0.24453511238099207,33,-1.7999999999999972
0.006684064865112305,7.521355152130127,0.23250379562378995,33,-1.7999999999999972
0.006539821624755859,7.527894973754883,0.22073211669922943,33,-1.7999999999999972
0.0062940120697021484,7.534188985824585,0.20940289497376557,34,-0.7999999999999972
0.008105039596557617,7.542294025421143,0.2029188632965195,34,-0.7999999999999972
0.0022430419921875,7.54453706741333,0.2011244297027695,34,-0.7999999999999972
0.0077800750732421875,7.552317142486572,0.19490036964417579,34,-0.7999999999999972
0.0068399906158447266,7.559157133102417,0.18942837715150002,34,-0.7999999999999972
0.004807949066162109,7.563965082168579,0.18558201789857035,34,-0.7999999999999972
0.012637853622436523,7.576602935791016,0.17547173500062116,35,0.20000000000000284
0.006770133972167969,7.583373069763184,0.17682576179505477,35,0.20000000000000284
0.008400917053222656,7.591773986816406,0.17850594520569932,35,0.20000000000000284
0.007007122039794922,7.598781108856201,0.17990736961365833,36,1.2000000000000028
0.012606859207152432,7.611387968063354,0.1950356006622413,36,1.2000000000000028
0.005926132202149326,7.617314100265503,0.2021469593048205,36,1.2000000000000028
