Ts=calc,Tid=meas,Volum=calc,Lys=meas,Flow=calc
Volum_k=0,Lys0=58
0.005,0,0,58,0
0.003350019454956055,0.003350019454956055,0,58,0
0.017107963562011715,0.02045798301696777,0,58,0
0.0069999694824218785,0.02745795249938965,0,58,0
0.006346940994262688,0.03380489349365234,0,58,0
0.0087890625,0.04259395599365234,0,58,0
0.004945039749145515,0.04753899574279785,0,58,0
0.006124973297119141,0.05366396903991699,0,58,0
0.006762981414794915,0.06042695045471191,0,58,0
0.00462698936462403,0.06505393981933594,0,58,0
0.005176067352294922,0.07023000717163086,0,58,0
0.0062389373779296875,0.07646894454956055,0,58,0
0.006891965866088867,0.08336091041564941,0,58,0
0.005803108215332031,0.08916401863098145,0,58,0
0.008563995361328125,0.09772801399230957,0,58,0
0.005557060241699233,0.1032850742340088,0,58,0
0.005676984786987291,0.1089620590209961,0,58,0
0.0067050457000732006,0.1156671047210693,0,58,0
0.003947973251342801,0.1196150779724121,0,58,0
0.006544828414917006,0.1261599063873291,0,58,0
0.006965160369872991,0.1331250667572021,0,58,0
0.005265951156616294,0.1383910179138184,0,58,0
0.006130933761596624,0.144521951675415,0,58,0
0.006097078323364286,0.1506190299987793,0,58,0
0.006001949310302707,0.156620979309082,0,58,0
0.007143020629882785,0.1637639999389648,0,58,0
0.004475116729736411,0.1682391166687012,0,58,0
0.006197929382324191,0.1744370460510254,0,58,0
0.00535893440246582,0.1797959804534912,0,58,0
0.005907058715820285,0.1857030391693115,0,58,0
0.006628036499023493,0.192331075668335,0,58,0
0.0051159858703613,0.1974470615386963,0,58,0
0.006302833557128906,0.2037498950958252,0,58,0
0.007288217544555692,0.2110381126403809,0,58,0
0.0055119991302490234,0.2165501117706299,0,58,0
0.007346868515014593,0.2238969802856445,0,58,0
0.006760120391845703,0.2306571006774902,0,58,0
0.0059688091278077005,0.2366259098052979,0,58,0
0.007099151611328097,0.243725061416626,0,58,0
0.004410982131958008,0.248136043548584,0,58,0
0.006219863891601479,0.2543559074401855,0,58,0
0.005359172821045033,0.2597150802612305,0,58,0
0.005882024765014593,0.2655971050262451,0,58,0
0.00667881965637207,0.2722759246826172,0,58,0
0.005551099777221735,0.2778270244598389,0,58,0
0.0066108703613280695,0.284437894821167,0,58,0
0.006031036376953125,0.2904689311981201,0,58,0
0.005620956420898493,0.2960898876190186,0,58,0
0.0073261260986328125,0.3034160137176514,0,58,0
0.006330013275146484,0.3097460269927979,0,58,0
0.004980087280273382,0.3147261142730713,0,58,0
0.005743980407714788,0.3204700946807861,0,58,0
0.005424022674560602,0.3258941173553467,0,58,0
0.006531953811645508,0.3324260711669922,0,58,0
0.006136894226074219,0.3385629653930664,0,58,0
0.00555109977722168,0.3441140651702881,0,58,0
0.007010936737060491,0.3511250019073486,0,58,0
0.00585389137268072,0.3569788932800293,0,58,0
0.006700992584228516,0.3636798858642578,0,58,0
0.006972074508666992,0.3706519603729248,0,58,0
0.006330013275146484,0.3769819736480713,0,58,0
0.011277914047241211,0.3882598876953125,0,58,0
0.007063150405883789,0.3953230381011963,0,58,0
0.007950067520141602,0.4032731056213379,0,58,0
0.003464937210083008,0.4067380428314209,0,58,0
0.005831003189086914,0.4125690460205078,0,58,0
0.006162881851196289,0.4187319278717041,0,58,0
0.0055391788482666016,0.4242711067199707,0,58,0
0.00556492805480957,0.4298360347747803,0,58,0
0.006417989730834905,0.4362540245056152,0,58,0
0.007448911666870228,0.4437029361724854,0,58,0
0.009524106979370117,0.4532270431518555,0,58,0
0.006794929504394476,0.46002197265625,0,58,0
0.006724119186401423,0.4667460918426514,0,58,0
0.006685018539428655,0.4734311103820801,0,58,0
0.006284952163696345,0.4797160625457764,0,58,0
0.006556987762451061,0.4862730503082275,0,58,0
0.007113933563232533,0.49338698387146,0,58,0
0.006767988204955999,0.500154972076416,0,58,0
0.006885051727294922,0.5070400238037109,0,58,0
0.006394863128662109,0.513434886932373,0,58,0
0.004630088806152344,0.5180649757385254,0,58,0
0.006443023681640625,0.524507999420166,0,58,0
0.00592494010925293,0.530432939529419,0,58,0
0.005553007125854492,0.5359859466552734,0,58,0
0.0071909427642822266,0.5431768894195557,0,58,0
0.005956172943115234,0.5491330623626709,0,58,0
0.006691932678222656,0.5558249950408936,0,58,0
0.0067560672760009766,0.5625810623168945,0,58,0
0.0052678585052490234,0.5678489208221436,0,58,0
0.0063190460205078125,0.5741679668426514,0,58,0
0.005854129791259766,0.5800220966339111,0,58,0
0.006639957427978516,0.5866620540618896,0,58,0
0.006701946258544922,0.5933640003204346,0,58,0
0.0064280033111572266,0.5997920036315918,0,58,0
0.008207082748413086,0.6079990863800049,0,58,0
0.0056209564208984375,0.6136200428009033,0,58,0
0.006363868713378906,0.6199839115142822,0,58,0
0.006625175476074219,0.6266090869903564,0,58,0
0.0054399967193603516,0.6320490837097168,0,58,0
0.004601955413818359,0.6366510391235352,0,58,0
0.006460905075073242,0.6431119441986084,0,58,0
0.005959033966064453,0.6490709781646729,0,58,0
0.00540614128112793,0.6544771194458008,0,58,0
0.005762815475463867,0.6602399349212646,0,58,0
0.006891965866088867,0.6671319007873535,0,58,0
0.00654911994934082,0.6736810207366943,0,58,0
0.00683903694152832,0.6805200576782227,0,58,0
0.0070400238037109375,0.6875600814819336,0,58,0
0.0063059329986572266,0.6938660144805908,0,58,0
0.006578922271728516,0.7004449367523193,0,58,0
0.005054950714111328,0.7054998874664307,0,58,0
0.0056002140045166016,0.7111001014709473,0,58,0
0.005102872848510742,0.716202974319458,0,58,0
0.007647991180419922,0.7238509654998779,0,58,0
0.007194042205810547,0.7310450077056885,0,58,0
0.005692958831787109,0.7367379665374756,0,58,0
0.0066950321197509766,0.7434329986572266,0,58,0
0.006400108337402344,0.7498331069946289,0,58,0
0.006415843963623047,0.756248950958252,0,58,0
0.007069110870361328,0.7633180618286133,0,58,0
0.0034339427947998047,0.7667520046234131,0,58,0
0.005705118179321289,0.7724571228027344,0,58,0
0.006052970886230469,0.7785100936889648,0,58,0
0.0059850215911865234,0.7844951152801514,0,58,0
0.00860595703125,0.7931010723114014,0,58,0
0.0067539215087890625,0.7998549938201904,0,58,0
0.006669044494628906,0.8065240383148193,0,58,0
0.006943941116333008,0.8134679794311523,0,58,0
0.006534099578857422,0.8200020790100098,0,58,0
0.006438016891479492,0.8264400959014893,0,58,0
0.006296873092651367,0.8327369689941406,0,58,0
0.0038080215454101562,0.8365449905395508,0,58,0
0.0061910152435302734,0.842736005783081,0,58,0
0.00504302978515625,0.8477790355682373,0,58,0
0.005733013153076172,0.8535120487213135,0,58,0
0.009037017822265625,0.8625490665435791,0,58,0
0.005633831024169922,0.868182897567749,0,58,0
0.007112026214599609,0.8752949237823486,0,58,0
0.005258083343505859,0.8805530071258545,0,58,0
0.006061077117919922,0.8866140842437744,0,58,0
0.007196903228759766,0.8938109874725342,0,58,0
0.0038928985595703125,0.8977038860321045,0,58,0
0.0067141056060791016,0.9044179916381836,0,58,0
0.0057220458984375,0.9101400375366211,0,58,0
0.006846904754638672,0.9169869422912598,0,58,0
0.006045103073120117,0.9230320453643799,0,58,0
0.005135059356689453,0.9281671047210693,0,58,0
0.005616903305053711,0.933784008026123,0,58,0
0.006635904312133789,0.9404199123382568,0,58,0
0.006757020950317383,0.9471769332885742,0,58,0
0.0065441131591796875,0.9537210464477539,0,58,0
0.006957054138183594,0.9606781005859375,0,58,0
0.0064640045166015625,0.9671421051025391,0,58,0
0.00619196891784668,0.9733340740203857,0,58,0
0.006199836730957031,0.9795339107513428,0,58,0
0.004764080047607422,0.9842979907989502,0,58,0
0.00555109977722168,0.9898490905761719,0,58,0
0.005762815475463867,0.9956119060516357,0,58,0
0.005973100662231223,1.001585006713867,0,58,0
0.005517005920409934,1.007102012634277,0,58,0
0.007939100265503152,1.01504111289978,0,58,0
0.008024930953979936,1.02306604385376,0,58,0
0.0027480125427239432,1.025814056396484,0,58,0
0.006441831588745117,1.032255887985229,0,58,0
0.005429029464721902,1.037684917449951,0,58,0
0.006503105163573997,1.044188022613525,0,58,0
0.006510019302369052,1.050698041915894,0,58,0
0.00584197044372492,1.056540012359619,0,58,0
0.007103919982910156,1.063643932342529,0,58,0
0.0061969757080080345,1.069840908050537,0,58,0
0.006779193878173828,1.076620101928711,0,58,0
0.007222890853882058,1.083842992782593,0,58,0
0.006675958633423074,1.090518951416016,0,58,0
0.006016016006468838,1.096534967422485,0,58,0
0.006974935531617099,1.103509902954102,0,58,0
0.004599094390868919,1.108108997344971,0,58,0
0.007883071899414062,1.115992069244385,0,58,0
0.004586935043334961,1.12057900428772,0,58,0
0.005619049072264959,1.126198053359985,0,58,0
0.0062918663024911226,1.132489919662476,0,58,0
0.0058159828186030715,1.138305902481079,0,58,0
0.0053310394287109375,1.14363694190979,0,58,0
0.006137132644652876,1.149774074554443,0,58,0
0.006386041641236018,1.156160116195679,0,58,0
0.007294893264770064,1.163455009460449,0,58,0
0.00368404388427801,1.167139053344727,0,58,0
0.00590300559997492,1.173042058944702,0,58,0
0.006055831909180132,1.179097890853882,0,58,0
0.006044149398803933,1.185142040252686,0,58,0
0.00835299491882302,1.193495035171509,0,58,0
0.0062949657440178886,1.199790000915527,0,58,0
0.006550073623658115,1.206340074539185,0,58,0
0.0070350170135489165,1.213375091552734,0,58,0
0.008739948272705078,1.222115039825439,0,58,0
0.00606894493103094,1.22818398475647,0,58,0
0.0071299076080320045,1.235313892364502,0,58,0
0.00783419609069802,1.2431480884552,0,58,0
0.0038428306579589844,1.246990919113159,0,58,0
0.0053441524505619675,1.252335071563721,0,58,0
0.005486965179443137,1.257822036743164,0,58,0
0.005769968032836914,1.263592004776001,0,58,0
0.006166934967041016,1.269758939743042,0,58,0
0.006581068038939986,1.276340007781982,0,58,0
0.005939006805419922,1.282279014587402,0,58,0
0.004756927490235041,1.287035942077637,0,58,0
0.005691051483154075,1.292726993560791,0,58,0
0.006871938705443892,1.299598932266235,0,58,0
0.006860017776490146,1.306458950042725,0,58,0
0.006839036941527876,1.313297986984253,0,58,0
0.005934953689574973,1.319232940673828,0,58,0
0.005048036575318049,1.324280977249146,0,58,0
0.005311965942382146,1.329592943191528,0,58,0
0.00751614570617698,1.337109088897705,0,58,0
0.0062868595123288795,1.343395948410034,0,58,0
0.005867004394531028,1.349262952804565,0,58,0
0.005915164947509988,1.355178117752075,0,58,0
0.0054848194122321114,1.360662937164307,0,58,0
0.005910158157347967,1.366573095321655,0,58,0
0.006853818893432839,1.373426914215088,0,58,0
0.0065920352935791016,1.380018949508667,0,58,0
0.00657010078430198,1.386589050292969,0,58,0
0.004551887512207031,1.391140937805176,0,58,0
0.00534510612487793,1.396486043930054,0,58,0
0.006754875183105025,1.403240919113159,0,58,0
0.005254030227661133,1.40849494934082,0,58,0
0.005753040313720925,1.414247989654541,0,58,0
0.005710124969481978,1.419958114624023,0,58,0
0.008131980895996982,1.42809009552002,0,58,0
0.007052898406981978,1.435142993927002,0,58,0
0.007587909698486106,1.442730903625488,0,58,0
0.005654096603393999,1.448385000228882,0,58,0
0.004775047302245872,1.453160047531128,0,58,0
0.005928039550781028,1.459088087081909,0,58,0
0.0054259300231940255,1.464514017105103,0,58,0
0.005441904067992942,1.469955921173096,0,58,0
0.008175134658813032,1.478131055831909,0,58,0
0.00565886497497603,1.483789920806885,0,58,0
0.004456996917723943,1.488246917724609,0,58,0
0.00567197799682706,1.493918895721436,0,58,0
0.0056650638580320045,1.499583959579468,0,58,0
0.005908966064452903,1.505492925643921,0,58,0
0.006047964096069114,1.51154088973999,0,58,0
0.0049321651458740234,1.516473054885864,0,58,0
0.0073130130767820045,1.523786067962646,0,58,0
0.007241010665893999,1.53102707862854,0,58,0
0.004583835601806863,1.535610914230347,0,58,0
0.007569074630737083,1.543179988861084,0,58,0
0.004266023635864036,1.547446012496948,0,58,0
0.005085945129394975,1.552531957626343,0,58,0
0.005767107009887029,1.55829906463623,0,58,0
0.005592823028564897,1.563891887664795,0,58,0
0.007163047790527122,1.571054935455322,0,58,0
0.007191181182861994,1.578246116638184,0,58,0
0.004368782043457031,1.582614898681641,0,58,0
0.011186122894286887,1.593801021575928,0,58,0
0.006682872772217019,1.600483894348145,0,58,0
0.006087064743041992,1.606570959091187,0,58,0
0.007009029388427068,1.613579988479614,0,58,0
0.00638699531555198,1.619966983795166,0,58,0
0.005131006240844949,1.625097990036011,0,58,0
0.009242057800292969,1.634340047836304,0,58,0
0.0061838626861570045,1.640523910522461,0,58,0
0.005055189132689986,1.645579099655151,0,58,0
0.007513999938965066,1.653093099594116,0,58,0
0.004068851470947044,1.657161951065063,0,58,0
0.006457090377808061,1.663619041442871,0,58,0
0.005950927734375,1.669569969177246,0,58,0
0.0058560371398928,1.675426006317139,0,58,0
0.0071680545806880325,1.682594060897827,0,58,0
0.00473904609680198,1.687333106994629,0,58,0
0.00614690780639604,1.693480014801025,0,58,0
0.006393909454346147,1.699873924255371,0,58,0
0.006829977035522905,1.706703901290894,0,58,0
0.00682711601257302,1.713531017303467,0,58,0
0.006232976913451926,1.719763994216919,0,58,0
0.007277011871338113,1.727041006088257,0,58,0
0.006335020065306951,1.733376026153564,0,58,0
0.006566047668457031,1.739942073822021,0,58,0
0.007122993469238947,1.74706506729126,0,58,0
0.006402015686034934,1.753467082977295,0,58,0
0.005524873733520064,1.758991956710815,0,58,0
0.004621982574463113,1.763613939285278,0,58,0
0.0058901309967038795,1.769504070281982,0,58,0
0.006353855133057085,1.775857925415039,0,58,0
0.006265163421630859,1.78212308883667,0,58,0
0.00596380233764604,1.788086891174316,0,58,0
0.0071141719818119675,1.795201063156128,0,58,0
0.007237911224365012,1.802438974380493,0,58,0
0.0034019947051999733,1.805840969085693,0,58,0
0.006454944610596147,1.812295913696289,0,58,0
0.005818128585814986,1.818114042282104,0,58,0
0.006078958511352983,1.824193000793457,0,58,0
0.005630016326904075,1.829823017120361,0,58,0
0.006489038467407893,1.836312055587769,0,58,0
0.007346868515013982,1.843658924102783,0,58,0
0.007402181625365989,1.851061105728149,0,58,0
0.004632949829102007,1.855694055557251,0,58,0
0.0075058937072749465,1.863199949264526,0,58,0
0.003924131393433061,1.867124080657959,0,58,0
0.006042003631592019,1.873166084289551,0,58,0
0.006084918975830078,1.879251003265381,0,58,0
0.005952119827269842,1.885203123092651,0,58,0
0.006343841552735041,1.891546964645386,0,58,0
0.006145000457763006,1.897691965103149,0,58,0
0.00609493255615301,1.903786897659302,0,58,0
0.006693124771117942,1.91048002243042,0,58,0
0.006673097610474077,1.917153120040894,0,58,0
0.00703191757202104,1.924185037612915,0,58,0
0.006448984146117942,1.930634021759033,0,58,0
0.004642009735108088,1.935276031494141,0,58,0
0.005743026733397993,1.941019058227539,0,58,0
0.005583047866820845,1.94660210609436,0,58,0
0.006117820739746094,1.952719926834106,0,58,0
0.005411148071289951,1.958131074905396,0,58,0
0.005748033523559126,1.963879108428955,0,58,0
0.005814790725708008,1.969693899154663,0,58,0
0.007023096084594949,1.976716995239258,0,58,0
0.007193088531493919,1.983910083770752,0,58,0
0.01066303253173806,1.99457311630249,0,58,0
0.006045818328858088,2.000618934631348,0,58,0
0.00582098960876376,2.006439924240112,0,58,0
0.006921052932740146,2.013360977172852,0,58,0
0.006565093994140181,2.019926071166992,0,58,0
0.0065648555755619675,2.026490926742554,0,58,0
0.005076169967650923,2.031567096710205,0,58,0
0.004900932312011719,2.036468029022217,0,58,0
0.00730586051940918,2.043773889541626,0,58,0
0.009234189987183061,2.053008079528809,0,58,0
0.0035588741302490234,2.056566953659058,0,58,0
0.006023168563841885,2.0625901222229,0,58,0
0.005419969558716264,2.068010091781616,0,58,0
0.006357908248901811,2.074368000030518,0,58,0
0.006031990051269087,2.080399990081787,0,58,0
0.006118059158324751,2.086518049240112,0,58,0
0.00872802734375,2.095246076583862,0,58,0
0.0033190250396732957,2.098565101623535,0,58,0
0.005774974822998047,2.104340076446533,0,58,0
0.005416870117187944,2.109756946563721,0,58,0
0.006615161895751953,2.116372108459473,0,58,0
0.007427930831908736,2.123800039291382,0,58,0
0.006789922714232954,2.130589962005615,0,58,0
0.005924940109253374,2.136514902114868,0,58,0
0.007688999176025835,2.144203901290894,0,58,0
0.0059092044830317825,2.150113105773926,0,58,0
0.006435871124267134,2.156548976898193,0,58,0
0.007277965545655185,2.163826942443848,0,58,0
0.006525039672851118,2.170351982116699,0,58,0
0.006822109222411665,2.177174091339111,0,58,0
0.006647825241089311,2.1838219165802,0,58,0
0.006855010986327681,2.190676927566528,0,58,0
0.007138013839722124,2.19781494140625,0,58,0
0.006011009216309038,2.203825950622559,0,58,0
0.00680994987487793,2.210635900497437,0,58,0
0.005880117416380948,2.216516017913818,0,58,0
0.007018089294434038,2.223534107208252,0,58,0
0.007571935653686079,2.231106042861938,0,58,0
0.005630016326905185,2.236736059188843,0,58,0
0.006999015808104581,2.243735074996948,0,58,0
0.006952047348023349,2.250687122344971,0,58,0
0.005882978439331055,2.256570100784302,0,58,0
0.006772994995116743,2.263343095779419,0,58,0
0.004673957824707031,2.268017053604126,0,58,0
0.00698399543762207,2.275001049041748,0,58,0
0.00610804557800293,2.281109094619751,0,58,0
0.005084991455078125,2.286194086074829,0,58,0
0.006443977355957031,2.292638063430786,0,58,0
0.006108999252318892,2.298747062683105,0,58,0
0.009487867355347124,2.308234930038452,0,58,0
0.005328178405761719,2.313563108444214,0,58,0
0.006766796112060103,2.320329904556274,0,58,0
0.005566120147705078,2.325896024703979,0,58,0
0.006473064422607866,2.332369089126587,0,58,0
0.005944967269897017,2.338314056396484,0,58,0
0.006847858428955078,2.345161914825439,0,58,0
0.008314132690430132,2.353476047515869,0,58,0
0.0061888694763188035,2.359664916992188,0,58,0
0.006613016128540039,2.366277933120728,0,58,0
0.007565975189208984,2.373843908309937,0,58,0
0.006036043167113814,2.379879951477051,0,58,0
0.006802082061767134,2.386682033538818,0,58,0
0.009500026702881303,2.396182060241699,0,58,0
0.008570909500121626,2.404752969741821,0,58,0
0.003571033477783203,2.408324003219604,0,58,0
0.005544900894165927,2.41386890411377,0,58,0
0.005715131759643111,2.419584035873413,0,58,0
0.005987882614135742,2.425571918487549,0,58,0
0.006518125534057173,2.432090044021606,0,58,0
0.005449056625367099,2.437539100646973,0,58,0
0.006228923797606978,2.44376802444458,0,58,0
0.006893873214722124,2.450661897659302,0,58,0
0.005926132202147993,2.45658802986145,0,58,0
0.007091045379638672,2.463679075241089,0,58,0
0.0067648887634281785,2.470443964004517,0,58,0
0.006233930587768111,2.476677894592285,0,58,0
0.0069980621337890625,2.483675956726074,0,58,0
0.004534006118774858,2.488209962844849,0,58,0
0.005620956420897993,2.493830919265747,0,58,0
0.006118059158324751,2.499948978424072,0,58,0
0.006699085235596147,2.506648063659668,0,58,0
0.006002902984619141,2.512650966644287,0,58,0
0.005568981170653853,2.518219947814941,0,58,0
0.005474090576171875,2.523694038391113,0,58,0
0.006047964096070224,2.529742002487183,0,58,0
0.0078029632568359375,2.537544965744019,0,58,0
0.005897998809814009,2.543442964553833,0,58,0
0.006346940994263139,2.549789905548096,0,58,0
0.0076830387115478516,2.557472944259644,0,58,0
0.007255077362060103,2.564728021621704,0,58,0
0.006393909454345703,2.57112193107605,0,58,0
0.006616115570068359,2.577738046646118,0,58,0
0.004961013793944868,2.582699060440063,0,58,0
0.0054259300231938035,2.588124990463257,0,58,0
0.005537986755371094,2.593662977218628,0,58,0
0.005934953689575195,2.599597930908203,0,58,0
0.00581598281860396,2.605413913726807,0,58,0
0.007135152816772017,2.612549066543579,0,58,0
0.005592823028564897,2.618141889572144,0,58,0
0.005231142044066939,2.623373031616211,0,58,0
0.006376028060913086,2.629749059677124,0,58,0
0.00657892227172896,2.636327981948853,0,58,0
0.007414102554320845,2.643742084503174,0,58,0
0.006855964660644087,2.650598049163818,0,58,0
0.00462889671325728,2.655226945877075,0,58,0
0.005463123321532759,2.660690069198608,0,58,0
0.005892038345336914,2.666582107543945,0,58,0
0.0059299468994140625,2.672512054443359,0,58,0
0.005483865737915039,2.677995920181274,0,58,0
0.005753040313721147,2.683748960494995,0,58,0
0.006371974945067915,2.690120935440063,0,58,0
0.006559133529663974,2.696680068969727,0,58,0
0.006737947463988814,2.703418016433716,0,58,0
0.007205963134765181,2.710623979568481,0,58,0
0.005926132202148882,2.71655011177063,0,58,0
0.007980823516846147,2.724530935287476,0,58,0
0.006217956542967862,2.730748891830444,0,58,0
0.0048460960388192476,2.735594987869263,0,58,0
0.007450103759764737,2.743045091629028,0,58,0
0.0036618709564213425,2.746706962585449,0,58,0
0.005645036697387695,2.752351999282837,0,58,0
0.0058269500732421875,2.758178949356079,0,58,0
0.0055980682373046875,2.763777017593384,0,58,0
0.006846904754638228,2.770623922348022,0,58,0
0.0047931671142578125,2.77541708946228,0,58,0
0.007808923721314365,2.783226013183594,0,58,0
0.004754066467284712,2.787980079650879,0,58,0
0.008654832839966264,2.796634912490845,0,58,0
0.007573127746582031,2.804208040237427,0,58,0
0.008125066757201704,2.812333106994629,0,58,0
0.005864858627318892,2.818197965621948,0,58,0
0.006464958190918413,2.824662923812866,0,58,0
0.0058209896087646484,2.830483913421631,0,58,0
0.006086111068725142,2.836570024490356,0,58,0
0.007236957550048828,2.843806982040405,0,58,0
0.005159139633179155,2.848966121673584,0,58,0
0.006647825241088867,2.855613946914673,0,58,0
0.0074689388275150925,2.863082885742188,0,58,0
0.004056215286253995,2.867139101028442,0,58,0
0.0059108734130859375,2.873049974441528,0,58,0
0.0060510635375981,2.879101037979126,0,58,0
0.006056070327759233,2.885157108306885,0,58,0
0.005895853042601651,2.891052961349487,0,58,0
0.007068157196044922,2.898121118545532,0,58,0
0.007020950317383257,2.905142068862915,0,58,0
0.007333040237426758,2.912475109100342,0,58,0
0.007780790328979048,2.920255899429321,0,58,0
0.005746126174927202,2.926002025604248,0,58,0
0.007327079772948775,2.933329105377197,0,58,0
0.0065698623657231,2.93989896774292,0,58,0
0.0071599483489990234,2.947058916091919,0,58,0
0.007235050201416016,2.954293966293335,0,58,0
0.0062220096588130325,2.960515975952148,0,58,0
0.007179021835328037,2.967694997787476,0,58,0
0.006175994873045987,2.973870992660522,0,58,0
0.00828409194946289,2.982155084609985,0,58,0
0.004995822906494141,2.987150907516479,0,58,0
0.006539106369018999,2.993690013885498,0,58,0
0.004358053207397905,2.998048067092896,0,58,0
0.006536006927490234,3.004584074020386,0,58,0
0.005898952484130859,3.010483026504517,-0.005898952484130859,57,-1
0.005428075790404829,3.015911102294922,-0.005898952484130859,58,0
0.007874965667724165,3.023786067962646,-0.005898952484130859,58,0
0.013566017150878906,3.037352085113525,-0.005898952484130859,58,0
0.007874011993409091,3.045226097106934,-0.005898952484130859,58,0
0.005878925323485884,3.05110502243042,-0.005898952484130859,58,0
0.005497932434082031,3.056602954864502,-0.005898952484130859,58,0
0.0068950653076171875,3.063498020172119,-0.005898952484130859,58,0
0.0069620609283447266,3.070460081100464,-0.005898952484130859,58,0
0.007582902908325195,3.078042984008789,-0.005898952484130859,58,0
0.006370067596435991,3.084413051605225,-0.005898952484130859,58,0
0.00706696510314897,3.091480016708374,-0.005898952484130859,58,0
0.006695985794066939,3.098176002502441,-0.005898952484130859,58,0
0.006335020065308061,3.104511022567749,-0.005898952484130859,58,0
0.0057048797607421875,3.110215902328491,-0.005898952484130859,58,0
0.006019115447997603,3.116235017776489,-0.005898952484130859,58,0
0.007042884826660156,3.123277902603149,-0.005898952484130859,58,0
0.0037250518798828125,3.127002954483032,-0.005898952484130859,58,0
0.005699157714844194,3.132702112197876,-0.011598110198975053,57,-1
0.005563974380493164,3.138266086578369,-0.017162084579468218,57,-1
0.005923032760619673,3.144189119338989,-0.02308511734008789,57,-1
0.00541782379150435,3.149606943130493,-0.03392076492309659,56,-2
0.007548093795776811,3.15715503692627,-0.056565046310427025,55,-3
0.007148027420043057,3.164303064346313,-0.08515715599059925,54,-4
0.003973960876464844,3.168277025222778,-0.10105299949645863,54,-4
0.0055899620056161226,3.173866987228394,-0.12900280952453924,53,-5
0.006638050079344815,3.180505037307739,-0.16883111000060813,52,-6
0.005809068679810014,3.186314105987549,-0.20368552207946822,52,-6
0.006093978881836382,3.192408084869385,-0.2463433742523229,51,-7
0.008088827133177823,3.200496912002563,-0.31105399131774547,50,-8
0.006929159164429155,3.207426071166992,-0.37341642379760787,49,-9
0.0067899227142338425,3.214215993881226,-0.4413156509399463,48,-10
0.0062940120697021484,3.220510005950928,-0.5042557716369678,48,-10
0.005443096160887784,3.225953102111816,-0.5641298294067334,47,-11
0.007139921188354936,3.233093023300171,-0.6426689624786377,47,-11
0.006567955017090288,3.239660978317261,-0.7214844226837211,46,-12
0.005764007568358931,3.24542498588562,-0.7906525135040283,46,-12
0.006053924560546875,3.251478910446167,-0.8693535327911377,45,-13
0.006053209304810014,3.257532119750977,-0.9540984630584779,44,-14
0.006846904754637784,3.264379024505615,-1.043108224868769,45,-13
0.006320953369141069,3.270699977874756,-1.131601572036744,44,-14
0.007100105285644087,3.2778000831604,-1.2310030460357613,44,-14
0.006424903869628906,3.284224987030029,-1.320951700210566,44,-14
0.006829977035523349,3.291054964065552,-1.4165713787078928,44,-14
0.004470109939574751,3.295525074005127,-1.4836230278015141,43,-15
0.007815837860106978,3.303340911865234,-1.6008605957031188,43,-15
0.004388093948365146,3.307729005813599,-1.666682004928596,43,-15
0.006654024124145064,3.314383029937744,-1.766492366790772,43,-15
0.004172086715697798,3.318555116653442,-1.829073667526239,43,-15
0.006597995758057085,3.325153112411499,-1.9280436038970952,43,-15
0.009321928024291992,3.334475040435791,-2.067872524261475,43,-15
0.006139993667602983,3.340615034103394,-2.15997242927552,43,-15
0.006479024887084961,3.347094058990479,-2.263636827468879,42,-16
0.006554841995239258,3.353648900985718,-2.3685142993927073,42,-16
0.006542205810546875,3.360191106796265,-2.4731895923614573,42,-16
0.006062984466551846,3.366254091262817,-2.570197343826287,42,-16
0.006386995315552202,3.372641086578369,-2.672389268875122,42,-16
0.0038390159606938035,3.376480102539063,-2.733813524246223,42,-16
0.007391929626463956,3.383872032165527,-2.852084398269646,42,-16
0.009178876876831055,3.393050909042358,-2.998946428298943,42,-16
0.006515979766846147,3.399566888809204,-3.1032021045684814,42,-16
0.004598140716552734,3.404165029525757,-3.176772356033325,42,-16
0.009286880493164062,3.413451910018921,-3.3346493244171143,41,-17
0.003972053527832031,3.417423963546753,-3.402174234390259,41,-17
0.005103111267090288,3.422527074813843,-3.4838240146637034,42,-16
0.006624937057494673,3.429152011871338,-3.589823007583618,42,-16
0.007517099380493164,3.436669111251831,-3.710096597671509,42,-16
0.007967948913573775,3.444637060165405,-3.845551729202263,41,-17
0.007946014404297319,3.452583074569702,-3.9806339740753174,41,-17
0.006558895111083984,3.459141969680786,-4.092135190963745,41,-17
0.0069010257720947266,3.466042995452881,-4.202551603317261,42,-16
0.007116079330444336,3.473159074783325,-4.31640887260437,42,-16
0.004515886306762695,3.477674961090088,-4.388663053512573,42,-16
0.005463123321533203,3.483138084411621,-4.4760730266571045,42,-16
0.005159854888916016,3.488297939300537,-4.558630704879761,42,-16
0.006201982498168945,3.494499921798706,-4.657862424850464,42,-16
0.0076901912689208984,3.502190113067627,-4.780905485153198,42,-16
0.005762815475463867,3.507952928543091,-4.87311053276062,42,-16
0.007464170455932173,3.515417098999023,-4.992537260055535,42,-16
0.0040488243103031785,3.519465923309326,-5.053269624710083,43,-15
0.006745100021361861,3.526211023330688,-5.1544461250305105,43,-15
0.007158041000367099,3.533369064331055,-5.261816740036017,43,-15
0.010339021682738814,3.543708086013794,-5.427241086959838,42,-16
0.003618001937866211,3.54732608795166,-5.485129117965697,42,-16
0.0068678855896000535,3.55419397354126,-5.595015287399298,42,-16
0.006154060363768643,3.560348033905029,-5.6934802532195965,42,-16
0.006383895874024326,3.566731929779053,-5.795622587203986,42,-16
0.007531166076659712,3.574263095855713,-5.916121244430541,42,-16
0.004144906997681108,3.578408002853394,-5.982439756393439,42,-16
0.005788087844848189,3.584196090698242,-6.07504916191101,42,-16
0.006402969360352007,3.590599060058594,-6.177496671676642,42,-16
0.010009050369261807,3.600608110427856,-6.337641477584831,42,-16
0.006102800369263139,3.606710910797119,-6.435286283493041,42,-16
0.007008075714110884,3.61371898651123,-6.547415494918815,42,-16
0.006974935531617099,3.620693922042847,-6.659014463424689,42,-16
0.005597114562987837,3.626291036605835,-6.748568296432494,42,-16
0.0047299861907958984,3.631021022796631,-6.824248075485229,42,-16
0.00531005859375,3.636331081390381,-6.909209012985229,42,-16
0.006911039352416992,3.643242120742798,-7.0197856426239005,42,-16
0.005241870880126953,3.648483991622925,-7.103655576705932,42,-16
0.006186008453369141,3.654670000076294,-7.202631711959838,42,-16
0.006959915161133257,3.661629915237427,-7.307030439376836,43,-15
0.006092071533202681,3.66772198677063,-7.404503583908079,42,-16
0.00678706169128418,3.674509048461914,-7.506309509277342,43,-15
0.006088018417357954,3.680597066879272,-7.603717803955069,42,-16
0.0051419734954838425,3.685739040374756,-7.680847406387327,43,-15
0.007469892501831055,3.693208932876587,-7.792895793914793,43,-15
0.00478601455688521,3.697994947433472,-7.864686012268072,43,-15
0.006340026855467862,3.70433497428894,-7.95978641510009,43,-15
0.005778074264526811,3.710113048553467,-8.046457529067991,43,-15
0.005547046661377397,3.715660095214844,-8.129663228988653,43,-15
0.006984949111937588,3.722645044326782,-8.234437465667718,43,-15
0.00644707679748624,3.729092121124268,-8.331143617630012,43,-15
0.0060808658599849075,3.735172986984253,-8.422356605529785,43,-15
0.005899906158447266,3.7410728931427,-8.510855197906494,43,-15
0.005912065505981889,3.746984958648682,-8.599536180496223,43,-15
0.006547927856444868,3.753532886505127,-8.697755098342896,43,-15
0.004602193832397017,3.758135080337524,-8.76678800582885,43,-15
0.0056149959564208984,3.763750076293945,-8.851012945175164,43,-15
0.005893945693970171,3.769644021987915,-8.939422130584717,43,-15
0.008320093154906782,3.777964115142822,-9.064223527908318,43,-15
0.005603790283203125,3.783567905426025,-9.148280382156365,43,-15
0.0058100223541259766,3.789377927780151,-9.235430717468255,43,-15
0.005844116210937944,3.795222043991089,-9.323092460632324,43,-15
0.005795001983642134,3.801017045974731,-9.410017490386956,43,-15
0.0069289207458500535,3.807945966720581,-9.513951301574707,43,-15
0.006402015686035156,3.814347982406616,-9.609981536865234,43,-15
0.004331111907958984,3.818679094314575,-9.67494821548462,43,-15
0.005672931671143022,3.824352025985718,-9.760042190551765,43,-15
0.005285024642943892,3.829637050628662,-9.839317560195923,43,-15
0.0064890384674067825,3.836126089096069,-9.936653137207024,43,-15
0.009516000747681108,3.84564208984375,-10.079393148422241,43,-15
0.007090806961060014,3.85273289680481,-10.185755252838142,43,-15
0.006936073303221768,3.859668970108032,-10.289796352386468,43,-15
0.006784915924072266,3.866453886032104,-10.391570091247551,43,-15
0.006675004959106889,3.873128890991211,-10.491695165634155,43,-15
0.004654169082642046,3.877783060073853,-10.561507701873786,43,-15
0.005533933639525923,3.883316993713379,-10.644516706466675,43,-15
0.005851984024048296,3.889168977737427,-10.7322964668274,43,-15
0.006142139434814009,3.895311117172241,-10.82442855834961,43,-15
0.0053730010986328125,3.900684118270874,-10.905023574829102,43,-15
0.0069799423217769,3.907664060592651,-11.009722709655755,43,-15
0.00689697265625,3.914561033248901,-11.120074272155755,42,-16
0.006131887435913086,3.920692920684814,-11.218184471130364,42,-16
0.0064601898193359375,3.92715311050415,-11.321547508239739,42,-16
0.006273984909058061,3.933427095413208,-11.421931266784668,42,-16
0.005038022994995117,3.938465118408203,-11.50253963470459,42,-16
0.0056798458099369675,3.94414496421814,-11.593417167663581,42,-16
0.009031057357788086,3.953176021575928,-11.73791408538819,42,-16
0.004163980484008789,3.957340002059937,-11.804537773132331,42,-16
0.005855083465576172,3.963195085525513,-11.89821910858155,42,-16
0.005290985107421875,3.968486070632935,-11.9828748703003,42,-16
0.005722045898437056,3.974208116531372,-12.074427604675293,42,-16
0.005600929260253906,3.979809045791626,-12.164042472839355,42,-16
0.006818056106566939,3.986627101898193,-12.273131370544426,42,-16
0.006941795349121094,3.993568897247314,-12.384200096130364,42,-16
0.004698038101197177,3.998266935348511,-12.459368705749519,42,-16
0.007860183715819868,4.006127119064331,-12.585131645202637,42,-16
0.004839897155761719,4.010967016220093,-12.662569999694824,42,-16
0.0052890777587890625,4.016256093978882,-12.74719524383545,42,-16
0.0063669681549072266,4.022623062133789,-12.849066734313965,42,-16
0.005786895751953125,4.028409957885742,-12.941657066345215,42,-16
0.006021022796630859,4.034430980682373,-13.037993431091309,42,-16
0.005197048187255859,4.039628028869629,-13.121146202087402,42,-16
0.006418943405151367,4.04604697227478,-13.223849296569824,42,-16
0.013076066970824307,4.059123039245605,-13.433066368103013,42,-16
0.007046937942505771,4.06616997718811,-13.545817375183105,42,-16
0.004394054412841797,4.070564031600952,-13.616122245788574,42,-16
0.0057659149169921875,4.076329946517944,-13.70837688446045,42,-16
0.006690025329589844,4.083019971847534,-13.815417289733887,42,-16
0.0053141117095947266,4.088334083557129,-13.900443077087402,42,-16
0.006278038024902344,4.094612121582031,-14.00089168548584,42,-16
0.007726907730102539,4.102339029312134,-14.12452220916748,42,-16
0.005632877349853516,4.107971906661987,-14.214648246765137,42,-16
0.005599021911621094,4.113570928573608,-14.304232597351074,42,-16
0.006235122680663174,4.119806051254272,-14.403994560241685,42,-16
0.006506919860840732,4.126312971115112,-14.508105278015137,42,-16
0.007554054260253906,4.133867025375366,-14.6289701461792,42,-16
0.005956888198852539,4.139823913574219,-14.72428035736084,42,-16
0.006820201873779297,4.146644115447998,-14.833403587341309,42,-16
0.006876945495606357,4.153521060943604,-14.94343471527101,42,-16
0.006326913833617276,4.159847974777222,-15.044665336608887,42,-16
0.006369113922119141,4.166217088699341,-15.146571159362793,42,-16
0.00653386116027832,4.172750949859619,-15.251112937927246,42,-16
0.003570079803466797,4.176321029663086,-15.308234214782715,42,-16
0.007128000259399414,4.183449029922485,-15.422282218933105,42,-16
0.005876064300536221,4.189325094223022,-15.516299247741685,42,-16
0.005909919738770419,4.195235013961792,-15.610857963562012,42,-16
0.005387067794799805,4.200622081756592,-15.697051048278809,42,-16
0.005312919616699219,4.205935001373291,-15.782057762145996,42,-16
0.007405996322631836,4.213340997695923,-15.900553703308105,42,-16
0.006494045257568359,4.219835042953491,-16.0044584274292,42,-16
0.006866931915283203,4.226701974868774,-16.11432933807373,42,-16
0.006675004959106445,4.233376979827881,-16.221129417419434,42,-16
0.0047109127044677734,4.238087892532349,-16.296504020690918,42,-16
0.006513118743896484,4.244601011276245,-16.40071392059326,42,-16
0.0058400630950927734,4.250441074371338,-16.494154930114746,42,-16
0.005589962005615234,4.256031036376953,-16.58359432220459,42,-16
0.00641202926635831,4.262443065643311,-16.686186790466323,42,-16
0.005450963973998135,4.26789402961731,-16.773402214050293,42,-16
0.006262063980102539,4.274156093597412,-16.873595237731934,42,-16
0.006063938140869141,4.280220031738281,-16.97061824798584,42,-16
0.006031036376953125,4.286251068115234,-17.06711483001709,42,-16
0.007630825042724609,4.293881893157959,-17.189208030700684,42,-16
0.00578618049621582,4.299668073654175,-17.281786918640137,42,-16
0.006899833679199219,4.306567907333374,-17.392184257507324,42,-16
0.005426168441771573,4.311994075775146,-17.47900295257567,42,-16
0.00542783737182706,4.317421913146973,-17.565848350524902,42,-16
0.005776166915893555,4.323198080062866,-17.6582670211792,42,-16
0.01131582260131836,4.334513902664185,-17.839320182800293,42,-16
0.006475210189819336,4.340989112854004,-17.942923545837402,42,-16
0.006773948669434482,4.347763061523438,-18.051306724548354,42,-16
0.008754968643187588,4.356518030166626,-18.191386222839355,42,-16
0.006536006927490234,4.363054037094116,-18.2959623336792,42,-16
0.006407022476197177,4.369461059570313,-18.398474693298354,42,-16
0.0056099891662588774,4.375071048736572,-18.488234519958496,42,-16
0.005436897277832031,4.380507946014404,-18.57522487640381,42,-16
0.005674123764038086,4.386182069778442,-18.666010856628418,42,-16
0.006286859512328213,4.392468929290771,-18.76660060882567,42,-16
0.011347055435181552,4.403815984725952,-18.948153495788574,42,-16
0.005201101303100586,4.409017086029053,-19.031371116638184,42,-16
0.0064280033111572266,4.41544508934021,-19.1342191696167,42,-16
0.007855892181395596,4.423300981521606,-19.25991344451903,42,-16
0.004688978195191318,4.427989959716797,-19.33493709564209,42,-16
0.0056231021881103516,4.433613061904907,-19.424906730651855,42,-16
0.0059740543365478516,4.439587116241455,-19.52049160003662,42,-16
0.005928993225097656,4.445516109466553,-19.615355491638184,42,-16
0.006557941436767578,4.45207405090332,-19.720282554626465,42,-16
0.006651878356933594,4.458725929260254,-19.826712608337402,42,-16
0.0055141448974609375,4.464240074157715,-19.914938926696777,42,-16
0.0054569244384765625,4.469696998596191,-20.002249717712402,42,-16
0.0067501068115234375,4.476447105407715,-20.110251426696777,42,-16
0.005127906799316406,4.481575012207031,-20.19229793548584,42,-16
0.0048830509185791016,4.48645806312561,-20.270426750183105,42,-16
0.006185054779052734,4.492643117904663,-20.36938762664795,42,-16
0.0057659149169921875,4.498409032821655,-20.461642265319824,42,-16
0.0057070255279541016,4.504116058349609,-20.55295467376709,42,-16
0.006952047348022461,4.511068105697632,-20.66418743133545,42,-16
0.004500865936279297,4.515568971633911,-20.736201286315918,42,-16
0.008085966110229492,4.523654937744141,-20.86557674407959,42,-16
0.004825115203857422,4.528480052947998,-20.94277858734131,42,-16
0.006211042404174805,4.534691095352173,-21.042155265808105,42,-16
0.005756855010986328,4.540447950363159,-21.134264945983887,42,-16
0.005710124969482422,4.546158075332642,-21.225626945495605,42,-16
0.006211996078491211,4.552370071411133,-21.325018882751465,42,-16
0.005795955657958984,4.558166027069092,-21.41775417327881,42,-16
0.005649089813232422,4.563815116882324,-21.508139610290527,42,-16
0.005780935287475586,4.5695960521698,-21.600634574890137,42,-16
0.006474018096923828,4.576070070266724,-21.704218864440918,42,-16
0.007326841354370117,4.583396911621094,-21.82144832611084,42,-16
0.006445169448852539,4.589842081069946,-21.92457103729248,42,-16
0.006543874740600586,4.596385955810547,-22.02927303314209,42,-16
0.007146120071411133,4.603532075881958,-22.143610954284668,42,-16
0.006609916687011719,4.61014199256897,-22.249369621276855,42,-16
0.006546974182128906,4.616688966751099,-22.354121208190918,42,-16
0.006732940673828125,4.623421907424927,-22.461848258972168,42,-16
0.007678031921385831,4.631099939346313,-22.58469676971434,42,-16
0.0068199634552010835,4.637919902801514,-22.69381618499756,42,-16
0.0074520111083984375,4.645371913909912,-22.813048362731934,42,-16
0.004015207290650302,4.649387121200562,-22.87729167938234,42,-16
0.006175994873045987,4.655563116073608,-22.976107597351074,42,-16
0.006494998931884766,4.662058115005493,-23.08002758026123,42,-16
0.004457950592041016,4.666516065597534,-23.151354789733887,42,-16
0.007607936859130859,4.674124002456665,-23.27308177947998,42,-16
0.008294105529785156,4.68241810798645,-23.405787467956543,42,-16
0.005558013916015625,4.687976121902466,-23.494715690612793,42,-16
0.006647825241088867,4.694623947143555,-23.601080894470215,42,-16
0.0060100555419921875,4.700634002685547,-23.69724178314209,42,-16
0.006509065628051758,4.707143068313599,-23.801386833190918,42,-16
0.0071849822998046875,4.714328050613403,-23.916346549987793,42,-16
0.006126880645751953,4.720454931259155,-24.014376640319824,42,-16
0.0060541629791259766,4.726509094238281,-24.11124324798584,42,-16
0.007689952850341797,4.734199047088623,-24.23428249359131,42,-16
0.007988929748535156,4.742187976837158,-24.36210536956787,42,-16
0.005175113677978516,4.747363090515137,-24.444907188415527,42,-16
0.006147861480712891,4.75351095199585,-24.543272972106934,42,-16
0.004450082778930664,4.75796103477478,-24.614474296569824,42,-16
0.005707979202270508,4.763669013977051,-24.705801963806152,42,-16
0.005836009979248047,4.769505023956299,-24.79917812347412,42,-16
0.0063469409942635835,4.775851964950562,-24.90072917938234,42,-16
0.006170034408568448,4.782021999359131,-24.999449729919434,42,-16
0.0058519840240478516,4.787873983383179,-25.0930814743042,42,-16
0.0063629150390625,4.794236898422241,-25.1948881149292,42,-16
0.006237030029296875,4.800473928451538,-25.29468059539795,42,-16
0.005326032638549805,4.805799961090088,-25.379897117614746,42,-16
0.007771015167236328,4.813570976257324,-25.504233360290527,42,-16
0.006407976150512695,4.819978952407837,-25.60676097869873,42,-16
0.00705409049987793,4.827033042907715,-25.719626426696777,42,-16
0.008221864700317383,4.835254907608032,-25.851176261901855,42,-16
0.0053730010986328125,4.840627908706665,-25.93714427947998,42,-16
0.00590205192565918,4.846529960632324,-26.031577110290527,42,-16
0.0070290565490713774,4.853559017181396,-26.14404201507567,42,-16
0.006308078765870029,4.859867095947266,-26.24497127532959,42,-16
0.006802797317505771,4.866669893264771,-26.353816032409682,42,-16
0.005350112915038174,4.87202000617981,-26.439417839050293,42,-16
0.0047190189361572266,4.876739025115967,-26.51492214202881,42,-16
0.0065000057220458984,4.883239030838013,-26.618922233581543,42,-16
0.005506038665771484,4.888745069503784,-26.707018852233887,42,-16
0.006331920623778409,4.895076990127563,-26.80832958221434,42,-16
0.006510019302369052,4.901587009429932,-26.912489891052246,42,-16
0.005553960800171787,4.907140970230103,-27.001353263854995,42,-16
0.007102012634276456,4.91424298286438,-27.114985466003418,42,-16
0.006175994873046875,4.920418977737427,-27.213801383972168,42,-16
0.006192922592163086,4.92661190032959,-27.312888145446777,42,-16
0.007297039031982422,4.933908939361572,-27.429640769958496,42,-16
0.006637096405029297,4.940546035766602,-27.535834312438965,42,-16
0.00660586357116788,4.947151899337769,-27.64152812957765,42,-16
0.006362199783324307,4.953514099121094,-27.74332332611084,42,-16
0.0046617984771728516,4.958175897598267,-27.817912101745605,42,-16
0.0055730342864990234,4.963748931884766,-27.90708065032959,42,-16
0.006177186965942383,4.969926118850708,-28.005915641784668,42,-16
0.007584810256958008,4.977510929107666,-28.127272605895996,42,-16
0.0055119991302490234,4.983022928237915,-28.21546459197998,42,-16
0.005303144454956055,4.988326072692871,-28.300314903259277,42,-16
0.006330013275146484,4.994656085968018,-28.40159511566162,42,-16
0.0060389041900634766,5.000694990158081,-28.498217582702637,42,-16
0.006443977355957031,5.007138967514038,-28.60132122039795,42,-16
0.006181955337525302,5.013320922851563,-28.700232505798354,42,-16
0.006034135818480557,5.019355058670044,-28.796778678894043,42,-16
0.0042040348052978516,5.023559093475342,-28.86404323577881,42,-16
0.006263017654418945,5.029822111129761,-28.96425151824951,42,-16
0.006086826324462891,5.035908937454224,-29.061640739440918,42,-16
0.006427049636839932,5.042335987091064,-29.164473533630357,42,-16
0.004880905151368076,5.047216892242432,-29.242568016052246,42,-16
0.00623321533203125,5.053450107574463,-29.342299461364746,42,-16
0.006447792053223544,5.059897899627686,-29.445464134216323,42,-16
0.006795167922972745,5.066693067550659,-29.554186820983887,42,-16
0.0067899227142333984,5.073482990264893,-29.66282558441162,42,-16
0.006352901458740234,5.079835891723633,-29.764472007751465,42,-16
0.006525993347167969,5.086361885070801,-29.868887901306152,42,-16
0.008978128433227539,5.095340013504028,-30.012537956237793,42,-16
0.00530695915222168,5.10064697265625,-30.09744930267334,42,-16
0.006490945816040039,5.10713791847229,-30.20130443572998,42,-16
0.006392002105712891,5.113529920578003,-30.303576469421387,42,-16
0.004565000534058505,5.118094921112061,-30.376616477966323,42,-16
0.007917165756224698,5.126012086868286,-30.503291130065918,42,-16
0.004174947738647461,5.130187034606934,-30.570090293884277,42,-16
0.005476951599121094,5.135663986206055,-30.657721519470215,42,-16
0.006638050079345703,5.1423020362854,-30.763930320739746,42,-16
0.004868030548095703,5.147170066833496,-30.841818809509277,42,-16
0.007092952728271484,5.154263019561768,-30.95530605316162,42,-16
0.006237030029295987,5.160500049591064,-31.055098533630357,42,-16
0.006007909774781162,5.166507959365845,-31.151225090026855,42,-16
0.007027149200439453,5.173535108566284,-31.263659477233887,42,-16
0.006709814071654385,5.180244922637939,-31.371016502380357,42,-16
0.006365060806275302,5.186609983444214,-31.47285747528076,42,-16
0.006891012191772461,5.193500995635986,-31.58311367034912,42,-16
0.006841897964477539,5.200342893600464,-31.69258403778076,42,-16
0.00867009162902832,5.209012985229492,-31.831305503845215,42,-16
0.0066220760345458984,5.215635061264038,-31.93725872039795,42,-16
0.007500886917114258,5.223135948181152,-32.05727291107178,42,-16
0.0033409595489510835,5.226476907730103,-32.110728263854995,42,-16
0.006046056747435635,5.232522964477539,-32.207465171813965,42,-16
0.00560307502746582,5.238126039505005,-32.29711437225342,42,-16
0.0054950714111328125,5.243621110916138,-32.38503551483154,42,-16
0.006514787673950195,5.250135898590088,-32.489272117614746,42,-16
0.00637507438659668,5.256510972976685,-32.59127330780029,42,-16
0.006915092468261719,5.263426065444946,-32.70191478729248,42,-16
0.006386995315551758,5.269813060760498,-32.80410671234131,42,-16
0.00671696662902832,5.276530027389526,-32.91157817840576,42,-16
0.007241010665893555,5.28377103805542,-33.02743434906006,42,-16
0.007327079772949219,5.291098117828369,-33.144667625427246,42,-16
0.008246898651123047,5.299345016479492,-33.276618003845215,42,-16
0.006857872009278232,5.30620288848877,-33.38634395599367,42,-16
0.007225036621092862,5.313427925109863,-33.50194454193115,42,-16
0.006410121917724609,5.319838047027588,-33.604506492614746,42,-16
0.006517887115478516,5.326355934143066,-33.7087926864624,42,-16
0.007021188735961914,5.333377122879028,-33.82113170623779,42,-16
0.010837793350219727,5.344214916229248,-33.99453639984131,42,-16
0.006400108337402344,5.35061502456665,-34.096938133239746,42,-16
0.005980968475341797,5.356595993041992,-34.192633628845215,42,-16
0.00708794593811124,5.363683938980103,-34.306040763854995,42,-16
0.006980180740355557,5.370664119720459,-34.417723655700684,42,-16
0.006851911544799805,5.377516031265259,-34.52735424041748,42,-16
0.005822896957397461,5.383338928222656,-34.62052059173584,42,-16
0.0046770572662353516,5.388015985488892,-34.695353507995605,42,-16
0.0069730281829833984,5.394989013671875,-34.80692195892334,42,-16
0.0054700374603271484,5.400459051132202,-34.894442558288574,42,-16
0.0054090023040771484,5.405868053436279,-34.98098659515381,42,-16
0.007128000259399414,5.412996053695679,-35.0950345993042,42,-16
0.00491786003112793,5.417913913726807,-35.173720359802246,42,-16
0.00567317008972168,5.423587083816528,-35.26449108123779,42,-16
0.0065670013427734375,5.430154085159302,-35.36956310272217,42,-16
0.006031036376953125,5.436185121536255,-35.46605968475342,42,-16
0.006806850433348721,5.442991971969604,-35.574969291687,42,-16
0.0033879280090340913,5.446379899978638,-35.62917613983154,42,-16
0.006102085113525391,5.452481985092163,-35.72680950164795,42,-16
0.0058710575103759766,5.458353042602539,-35.820746421813965,42,-16
0.005532979965209961,5.463886022567749,-35.909274101257324,42,-16
0.006718873977661133,5.47060489654541,-36.0167760848999,42,-16
0.0071392059326171875,5.477744102478027,-36.13100337982178,42,-16
0.006574869155883789,5.484318971633911,-36.23620128631592,42,-16
0.006248950958251953,5.490567922592163,-36.33618450164795,42,-16
0.004626035690307617,5.495193958282471,-36.41020107269287,42,-16
0.0069370269775390625,5.50213098526001,-36.521193504333496,42,-16
0.0058019161224365234,5.507932901382446,-36.61402416229248,42,-16
0.006373167037963867,5.51430606842041,-36.7159948348999,42,-16
0.005264997482299805,5.51957106590271,-36.8002347946167,42,-16
0.005848884582518643,5.525419950485229,-36.893816947937,42,-16
0.006704092025757724,5.532124042510986,-37.00108242034912,42,-16
0.006134033203125,5.538258075714111,-37.09922695159912,42,-16
0.006906032562255859,5.545164108276367,-37.209723472595215,42,-16
0.008322954177856445,5.553487062454224,-37.34289073944092,42,-16
0.006285905838012695,5.559772968292236,-37.44346523284912,42,-16
0.006555080413818359,5.566328048706055,-37.548346519470215,42,-16
0.007957935333251953,5.574285984039307,-37.675673484802246,42,-16
0.005671977996826172,5.579957962036133,-37.766425132751465,42,-16
0.007142066955566406,5.587100028991699,-37.88069820404053,42,-16
0.0071070194244384766,5.594207048416138,-37.99441051483154,42,-16
0.006303071975708008,5.600510120391846,-38.09525966644287,42,-16
0.011563777923583984,5.61207389831543,-38.280280113220215,42,-16
0.004546165466308594,5.616620063781738,-38.35301876068115,42,-16
0.006721973419189453,5.623342037200928,-38.460570335388184,42,-16
0.006510019302368164,5.629852056503296,-38.564730644226074,42,-16
0.006407022476196289,5.636259078979492,-38.667243003845215,42,-16
0.007176876068115234,5.643435955047607,-38.78207302093506,42,-16
0.006766080856323242,5.650202035903931,-38.89033031463623,42,-16
0.0077669620513916016,5.657968997955322,-39.014601707458496,42,-16
0.00563812255859375,5.663607120513916,-39.104811668395996,42,-16
0.006125926971435547,5.669733047485352,-39.202826499938965,42,-16
0.006584882736206055,5.676317930221558,-39.30818462371826,42,-16
0.004340171813963956,5.680658102035522,-39.377627372741685,42,-16
0.0055878162384042085,5.686245918273926,-39.46703243255615,42,-16
0.006278038024902344,5.692523956298828,-39.56748104095459,42,-16
0.005941152572631836,5.69846510887146,-39.6625394821167,42,-16
0.00680088996887207,5.705265998840332,-39.77135372161865,42,-16
0.005156040191650391,5.710422039031982,-39.85385036468506,42,-16
0.0054590702056884766,5.715881109237671,-39.941195487976074,42,-16
0.007591009140015537,5.723472118377686,-40.06265163421632,42,-16
0.00677490234375,5.730247020721436,-40.17105007171632,42,-16
0.007102012634276456,5.737349033355713,-40.284682273864746,42,-16
0.006438016891479492,5.743787050247192,-40.38769054412842,42,-16
0.006660938262939453,5.750447988510132,-40.49426555633545,42,-16
0.006166934967041016,5.756614923477173,-40.592936515808105,42,-16
0.006949186325073242,5.763564109802246,-40.70412349700928,42,-16
0.0054569244384765625,5.769021034240723,-40.7914342880249,42,-16
0.006020069122314453,5.775041103363037,-40.887755393981934,42,-16
0.005482912063598633,5.780524015426636,-40.97548198699951,42,-16
0.006066083908081055,5.786590099334717,-41.07253932952881,42,-16
0.0076138973236083984,5.794203996658325,-41.19436168670654,42,-16
0.007954120635987216,5.802158117294312,-41.32162761688234,42,-16
0.005210876464842862,5.807368993759155,-41.405001640319824,42,-16
0.006159067153930664,5.813528060913086,-41.503546714782715,42,-16
0.004860877990722656,5.818388938903809,-41.58132076263428,42,-16
0.005736112594604492,5.824125051498413,-41.67309856414795,42,-16
0.0073430538177490234,5.831468105316162,-41.790587425231934,42,-16
0.004805803298950195,5.836273908615112,-41.86748027801514,42,-16
0.006867170333862305,5.843141078948975,-41.977355003356934,42,-16
0.00524592399597168,5.848387002944946,-42.06128978729248,42,-16
0.006144046783448154,5.854531049728394,-42.15959453582765,42,-16
0.005384922027586114,5.859915971755981,-42.24575328826903,42,-16
0.007071971893311435,5.866987943649292,-42.35890483856201,42,-16
0.0067789554595947266,5.873766899108887,-42.46736812591553,42,-16
0.006063222885132724,5.879830121994019,-42.56437969207765,42,-16
0.006449937820433682,5.886280059814453,-42.66757869720459,42,-16
0.007072925567626953,5.89335298538208,-42.78074550628662,42,-16
0.006412982940673828,5.899765968322754,-42.8833532333374,42,-16
0.008058071136475498,5.907824039459229,-43.01228237152101,42,-16
0.006285905838011807,5.914109945297241,-43.1128568649292,42,-16
0.0041539669036865234,5.918263912200928,-43.179320335388184,42,-16
0.005377054214477539,5.923640966415405,-43.265353202819824,42,-16
0.00631403923034668,5.929955005645752,-43.36637783050537,42,-16
0.007009029388427734,5.93696403503418,-43.478522300720215,42,-16
0.0057010650634765625,5.942665100097656,-43.56973934173584,42,-16
0.0055789947509765625,5.948244094848633,-43.659003257751465,42,-16
0.00612187385559082,5.954365968704224,-43.75695323944092,42,-16
0.006649017333984375,5.961014986038208,-43.86333751678467,42,-16
0.005023002624511719,5.96603798866272,-43.943705558776855,42,-16
0.004682064056396484,5.970720052719116,-44.0186185836792,42,-16
0.0056760311126708984,5.976396083831787,-44.109435081481934,42,-16
0.00628995895385831,5.982686042785645,-44.21007442474367,42,-16
0.0056998729705801665,5.988385915756226,-44.30127239227295,42,-16
0.006226062774658203,5.994611978530884,-44.40088939666748,42,-16
0.005747079849243164,6.000359058380127,-44.49284267425537,42,-16
0.012328863143920898,6.012687921524048,-44.690104484558105,42,-16
0.006906986236572266,6.01959490776062,-44.80061626434326,42,-16
0.006922006607055664,6.026516914367676,-44.91136837005615,42,-16
0.0040171146392822266,6.030534029006958,-44.97564220428467,42,-16
0.005318880081176758,6.035852909088135,-45.060744285583496,42,-16
0.006728172302246094,6.042581081390381,-45.168395042419434,42,-16
0.005726814270019531,6.0483078956604,-45.260024070739746,42,-16
0.00594019889831543,6.054248094558716,-45.35506725311279,42,-16
0.005602836608887607,6.059850931167603,-45.444712638854995,42,-16
0.006778001785277432,6.066628932952881,-45.553160667419434,42,-16
0.007255077362060547,6.073884010314941,-45.6692419052124,42,-16
0.0058040618896484375,6.07968807220459,-45.76210689544678,42,-16
0.0064809322357177734,6.086169004440308,-45.86580181121826,42,-16
0.007662057876587802,6.093831062316895,-45.98839473724367,42,-16
0.00399899482726962,6.097830057144165,-46.05237865447998,42,-16
0.0052678585052490234,6.103097915649414,-46.136664390563965,42,-16
0.00519108772277832,6.108289003372192,-46.21972179412842,42,-16
0.007280111312866211,6.115569114685059,-46.33620357513428,42,-16
0.008105993270874023,6.123675107955933,-46.46589946746826,42,-16
0.006270885467529297,6.129945993423462,-46.56623363494873,42,-16
0.006637096405029297,6.136583089828491,-46.6724271774292,42,-16
0.00683283805847168,6.143415927886963,-46.781752586364746,42,-16
0.006119966506958008,6.149535894393921,-46.879672050476074,42,-16
0.004966020584106445,6.154501914978027,-46.95912837982178,42,-16
0.0052640438079833984,6.159765958786011,-47.04335308074951,42,-16
0.006325960159302646,6.166091918945313,-47.144568443298354,42,-16
0.00638699531555087,6.172478914260864,-47.24676036834717,42,-16
0.0057621002197265625,6.178241014480591,-47.33895397186279,42,-16
0.005472898483276367,6.183713912963867,-47.426520347595215,42,-16
0.00663018226623624,6.190344095230103,-47.532603263854995,42,-16
0.006228923797606534,6.19657301902771,-47.6322660446167,42,-16
0.007164955139160156,6.20373797416687,-47.74690532684326,42,-16
0.004496097564697266,6.208234071731567,-47.81884288787842,42,-16
0.005548954010009766,6.213783025741577,-47.907626152038574,42,-16
0.0058269500732421875,6.219609975814819,-48.00085735321045,42,-16
0.006315946578979492,6.225925922393799,-48.10191249847412,42,-16
0.00612616539001376,6.232052087783813,-48.19993114471434,42,-16
0.005165815353394443,6.237217903137207,-48.28258419036865,42,-16
0.006381988525390625,6.243599891662598,-48.3846960067749,42,-16
0.007081031799316406,6.250680923461914,-48.497992515563965,42,-16
0.004754066467285156,6.255434989929199,-48.57405757904053,42,-16
0.007673025131225586,6.263108015060425,-48.69682598114014,42,-16
0.004851102828979492,6.267959117889404,-48.77444362640381,42,-16
0.005882978439331055,6.273842096328735,-48.868571281433105,42,-16
0.005656003952026367,6.279498100280762,-48.95906734466553,42,-16
0.0062329769134521484,6.285731077194214,-49.05879497528076,42,-16
0.006471872329711914,6.292202949523926,-49.16234493255615,42,-16
0.0059850215911865234,6.298187971115112,-49.25810527801514,42,-16
0.006498098373413086,6.304686069488525,-49.362074851989746,42,-16
0.006371021270751953,6.311057090759277,-49.46401119232178,42,-16
0.00683283805847168,6.317889928817749,-49.573336601257324,42,-16
0.005697965621948242,6.323587894439697,-49.664504051208496,42,-16
0.0069701671600332915,6.330558061599731,-49.77602672576903,42,-16
0.004505872726441318,6.335063934326172,-49.84812068939209,42,-16
0.005330085754394531,6.340394020080566,-49.9334020614624,42,-16
0.0066220760345458984,6.347016096115112,-50.03935527801514,42,-16
0.007498025894165039,6.354514122009277,-50.15932369232178,42,-16
0.0042018890380859375,6.358716011047363,-50.22655391693115,42,-16
0.0056209564208984375,6.364336967468262,-50.31648921966553,42,-16
0.006351947784424716,6.370688915252686,-50.41812038421632,42,-16
0.007767200469969815,6.378456115722656,-50.54239559173584,42,-16
0.005803823471069336,6.384259939193726,-50.63525676727295,42,-16
0.006011962890625,6.390271902084351,-50.73144817352295,42,-16
0.006108999252319336,6.39638090133667,-50.82919216156006,42,-16
0.007367134094238281,6.403748035430908,-50.94706630706787,42,-16
0.010483980178833008,6.414232015609741,-51.1148099899292,42,-16
0.007363080978393555,6.421595096588135,-51.232619285583496,42,-16
0.006381988525390625,6.427977085113525,-51.334731101989746,42,-16
0.007452964782714844,6.43543004989624,-51.453978538513184,42,-16
0.008247852325439453,6.44367790222168,-51.585944175720215,42,-16
0.006468057632446289,6.450145959854126,-51.689433097839355,42,-16
0.006353139877319336,6.456499099731445,-51.791083335876465,42,-16
0.0070149898529052734,6.463514089584351,-51.90332317352295,42,-16
0.004448890686035156,6.467962980270386,-51.97450542449951,42,-16
0.005950927734375,6.473913908004761,-52.06972026824951,42,-16
0.005698204040527344,6.479612112045288,-52.16089153289795,42,-16
0.00629878044128418,6.485910892486572,-52.261672019958496,42,-16
0.007396221160888672,6.493307113647461,-52.380011558532715,42,-16
0.006523847579956055,6.499830961227417,-52.48439311981201,42,-16
0.007337093353270596,6.507168054580688,-52.60178661346434,42,-16
0.004363059997559482,6.511531114578247,-52.67159557342529,42,-16
0.004814863204956055,6.516345977783203,-52.74863338470459,42,-16
0.006396055221557617,6.522742033004761,-52.85097026824951,42,-16
0.005588054656982422,6.528330087661743,-52.94037914276123,42,-16
0.005577802658081055,6.533907890319824,-53.02962398529053,42,-16
0.006511211395263672,6.540419101715088,-53.133803367614746,42,-16
0.006583929061890537,6.547003030776978,-53.239146232604995,42,-16
0.006367921829222745,6.553370952606201,-53.34103298187256,42,-16
0.004698038101195401,6.558068990707397,-53.416201591491685,42,-16
0.006453037261963779,6.56452202796936,-53.519450187683105,42,-16
0.006162881851196289,6.570684909820557,-53.618056297302246,42,-16
0.004777193069458008,6.575462102890015,-53.694491386413574,42,-16
0.006022930145263672,6.581485033035278,-53.79085826873779,42,-16
0.005509853363037109,6.586994886398315,-53.87901592254639,42,-16
0.0068221092224129976,6.593816995620728,-53.988169670104995,42,-16
0.0059630870819082915,6.599780082702637,-54.08357906341553,42,-16
0.004573822021484375,6.604353904724121,-54.15676021575928,42,-16
0.005820035934448242,6.610173940658569,-54.24988079071045,42,-16
0.005443096160888672,6.615617036819458,-54.33697032928467,42,-16
0.0065000057220458984,6.622117042541504,-54.4409704208374,42,-16
0.005410909652709961,6.627527952194214,-54.52754497528076,42,-16
0.007615089416503906,6.635143041610718,-54.649386405944824,42,-16
0.005470991134643555,6.640614032745361,-54.73692226409912,42,-16
0.00598907470703125,6.646603107452393,-54.83274745941162,42,-16
0.006905794143676758,6.653508901596069,-54.94324016571045,42,-16
0.006265163421630859,6.6597740650177,-55.04348278045654,42,-16
0.007678985595703125,6.667453050613403,-55.16634654998779,42,-16
0.006871938705444336,6.674324989318848,-55.2762975692749,42,-16
0.006308078765869141,6.680633068084717,-55.37722682952881,42,-16
0.005945920944213867,6.686578989028931,-55.47236156463623,42,-16
0.006897926330566406,6.693476915359497,-55.58272838592529,42,-16
0.0069789886474609375,6.700455904006958,-55.69439220428467,42,-16
0.006661176681518555,6.707117080688477,-55.800971031188965,42,-16
0.0066809654235848726,6.713798046112061,-55.90786647796632,42,-16
0.004466056823729581,6.718264102935791,-55.979323387145996,42,-16
0.005939006805419922,6.724203109741211,-56.074347496032715,42,-16
0.0051898956298828125,6.729393005371094,-56.15738582611084,42,-16
0.006153106689453125,6.735546112060547,-56.25583553314209,42,-16
0.006478786468505859,6.742024898529053,-56.359496116638184,42,-16
0.005145072937010831,6.747169971466064,-56.44181728363036,42,-16
0.006953001022339755,6.754122972488403,-56.55306529998779,42,-16
0.006237030029296875,6.7603600025177,-56.65285778045654,42,-16
0.0063190460205078125,6.766679048538208,-56.75396251678467,42,-16
0.006722927093505859,6.773401975631714,-56.86152935028076,42,-16
0.006745100021362305,6.780147075653076,-56.96945095062256,42,-16
0.006933927536010742,6.787081003189087,-57.08039379119873,42,-16
0.0070819854736328125,6.79416298866272,-57.193705558776855,42,-16
0.006346940994262695,6.800509929656982,-57.29525661468506,42,-16
0.006006002426147461,6.80651593208313,-57.39135265350342,42,-16
0.007995128631591797,6.814511060714722,-57.51927471160889,42,-16
0.006135940551756924,6.820647001266479,-57.617449760437,42,-16
0.007287025451661044,6.82793402671814,-57.734042167663574,42,-16
0.005903959274291992,6.833837985992432,-57.828505516052246,42,-16
0.004516124725341797,6.838354110717773,-57.900763511657715,42,-16
0.005897998809814453,6.844252109527588,-57.995131492614746,42,-16
0.00588679313659668,6.850138902664185,-58.08932018280029,42,-16
0.00696110725402832,6.857100009918213,-58.200697898864746,42,-16
0.005992889404296875,6.86309289932251,-58.296584129333496,42,-16
0.006006002426147461,6.869098901748657,-58.392680168151855,42,-16
0.00557398796081543,6.874672889709473,-58.4818639755249,42,-16
0.007552146911621094,6.882225036621094,-58.60269832611084,42,-16
0.004812002182006836,6.887037038803101,-58.67969036102295,42,-16
0.006378889083862305,6.893415927886963,-58.781752586364746,42,-16
0.006467103958129883,6.899883031845093,-58.885226249694824,42,-16
0.006824016571044922,6.906707048416138,-58.99441051483154,42,-16
0.007071018218994141,6.913778066635132,-59.10754680633545,42,-16
0.006042003631591797,6.919820070266724,-59.20421886444092,42,-16
0.006340980529785156,6.926161050796509,-59.30567455291748,42,-16
0.0080108642578125,6.934171915054321,-59.43384838104248,42,-16
0.006087064743041992,6.940258979797363,-59.53124141693115,42,-16
0.0063800811767578125,6.946639060974121,-59.63332271575928,42,-16
0.005422830581665039,6.952061891555786,-59.72008800506592,42,-16
0.005101203918457031,6.957163095474243,-59.80170726776123,42,-16
0.005865812301635742,6.963028907775879,-59.8955602645874,42,-16
0.005422115325927734,6.968451023101807,-59.982314109802246,42,-16
0.006182909011839932,6.974633932113647,-60.081240653991685,42,-16
0.005619049072266513,6.980252981185913,-60.17114543914795,42,-16
0.007513999938964844,6.987766981124878,-60.29136943817139,42,-16
0.006531953811645508,6.994298934936523,-60.395880699157715,42,-16
0.006165981292724609,7.000464916229248,-60.49453639984131,42,-16
0.006080150604248047,7.006545066833496,-60.59181880950928,42,-16
0.006985902786254883,7.013530969619751,-60.703593254089355,42,-16
0.00693511962890625,7.020466089248657,-60.814555168151855,42,-16
0.006661891937255859,7.027127981185913,-60.92114543914795,42,-16
0.007205963134765625,7.034333944320679,-61.0364408493042,42,-16
0.006334066390991211,7.04066801071167,-61.13778591156006,42,-16
0.005997896194458008,7.046665906906128,-61.23375225067139,42,-16
0.006916046142578125,7.053581953048706,-61.34440898895264,42,-16
0.004815101623535156,7.058397054672241,-61.4214506149292,42,-16
0.0057909488677978516,7.064188003540039,-61.514105796813965,42,-16
0.006561994552612305,7.070749998092651,-61.61909770965576,42,-16
0.005806922912597656,7.076556921005249,-61.712008476257324,42,-16
0.007110118865966797,7.083667039871216,-61.82577037811279,42,-16
0.006206035614012784,7.089873075485229,-61.925066947937,42,-16
0.005524873733521396,7.09539794921875,-62.01346492767334,42,-16
0.006188154220581055,7.101586103439331,-62.11247539520264,42,-16
0.00555300712585538,7.107139110565186,-62.20132350921632,42,-16
0.007067918777464932,7.114207029342651,-62.31441020965576,42,-16
0.0063629150390625,7.120569944381714,-62.41621685028076,42,-16
0.007306098937988281,7.127876043319702,-62.54042053222656,41,-17
0.006490945816040039,7.134366989135742,-62.65076661109924,41,-17
0.005578041076660156,7.139945030212402,-62.745593309402466,41,-17
0.004800081253051758,7.144745111465454,-62.827194690704346,41,-17
0.005870819091796875,7.150615930557251,-62.92699861526489,41,-17
0.005789041519165039,7.156404972076416,-63.0254123210907,41,-17
0.006721973419188565,7.163126945495605,-63.139685869216905,41,-17
0.005949020385743076,7.169075965881348,-63.240819215774536,41,-17
0.005553007125854492,7.174628973007202,-63.32966732978821,42,-16
0.006361961364746094,7.180990934371948,-63.431458711624146,42,-16
0.00719904899597168,7.18818998336792,-63.54664349555969,42,-16
0.0043680667877197266,7.19255805015564,-63.61653256416321,42,-16
0.005816936492919922,7.19837498664856,-63.70378661155701,43,-15
0.00577092170715332,7.204145908355713,-63.79035043716431,43,-15
0.011337041854858398,7.215482950210571,-63.949069023132324,44,-14
0.004455089569091797,7.219938039779663,-64.01144027709961,44,-14
0.007766008377075195,7.227704048156738,-64.11239838600159,45,-13
0.006550073623658115,7.234254121780396,-64.19754934310915,45,-13
0.005971908569334161,7.240226030349731,-64.26921224594116,46,-12
0.006915092468262607,7.247141122817993,-64.34527826309206,47,-11
0.006784915924072266,7.253926038742065,-64.41312742233278,48,-10
0.008339881896972656,7.262265920639038,-64.48818635940553,49,-9
0.005830049514770508,7.268095970153809,-64.54065680503847,49,-9
0.00732398033142001,7.275419950485229,-64.59924864768982,50,-8
0.007781028747559482,7.283200979232788,-64.64593482017517,52,-6
0.007012128829956055,7.290213108062744,-64.68099546432495,53,-5
0.00791788101196289,7.298130989074707,-64.7126669883728,54,-4
0.0063419342041015625,7.304472923278809,-64.73803472518921,54,-4
0.005978107452392578,7.310451030731201,-64.75596904754639,55,-3
0.006872892379760742,7.317323923110962,-64.76971483230591,56,-2
0.006329059600830078,7.323652982711792,-64.78237295150757,56,-2
0.00506591796875,7.328718900680542,-64.78743886947632,57,-1
0.0058481693267822266,7.334567070007324,-64.7932870388031,57,-1
0.005445003509521484,7.340012073516846,-64.79873204231262,57,-1
0.006001949310302734,7.346014022827148,-64.80473399162292,57,-1
0.006222963333129883,7.352236986160278,-64.80473399162292,58,0
0.007200956344604492,7.359437942504883,-64.80473399162292,58,0
0.004971027374267578,7.36440896987915,-64.80473399162292,58,0
0.006102085113525391,7.370511054992676,-64.80473399162292,58,0
0.0041599273681640625,7.37467098236084,-64.80473399162292,58,0
0.0077779293060302734,7.38244891166687,-64.7969560623169,59,1
0.004522085189818448,7.386970996856689,-64.79243397712708,59,1
0.006688117980957031,7.393659114837646,-64.78574585914612,59,1
0.006136894226075107,7.399796009063721,-64.77960896492004,59,1
0.006747007369995117,7.406543016433716,-64.77286195755005,59,1
0.006814002990721768,7.413357019424438,-64.76604795455933,59,1
0.005857944488526279,7.419214963912964,-64.7601900100708,59,1
0.004312038421630859,7.423527002334595,-64.75587797164917,59,1
0.0060040950775146484,7.429531097412109,-64.74987387657166,59,1
0.0057659149169921875,7.435297012329102,-64.74410796165466,59,1
0.005171060562133789,7.440468072891235,-64.73893690109253,59,1
0.007344961166381836,7.447813034057617,-64.73159193992615,59,1
0.006470918655395508,7.454283952713013,-64.72512102127075,59,1
0.004773139953613281,7.459057092666626,-64.72034788131714,59,1
0.005486011505126953,7.464543104171753,-64.71486186981201,59,1
0.0052199363708504976,7.469763040542603,-64.70964193344116,59,1
0.006137847900389737,7.475900888442993,-64.70350408554077,59,1
0.007371187210083008,7.483272075653076,-64.69613289833069,59,1
0.006922006607055664,7.490194082260132,-64.68921089172363,59,1
0.006294965744018555,7.49648904800415,-64.68291592597961,59,1
0.007387876510621005,7.503876924514771,-64.675528049469,59,1
0.008452177047728604,7.5123291015625,-64.675528049469,58,0
0.005218982696533203,7.517548084259033,-64.675528049469,58,0
0.004981994628905362,7.522530078887939,-64.675528049469,58,0
0.005576848983765537,7.528106927871704,-64.66995120048523,59,1
0.00646209716796875,7.534569025039673,-64.66995120048523,58,0
0.005151987075806552,7.539721012115479,-64.66479921340942,59,1
0.006618022918700284,7.54633903503418,-64.65818119049072,59,1
0.006094932556152344,7.552433967590332,-64.65208625793457,59,1
0.005815982818604404,7.558249950408936,-64.64627027511597,59,1
0.005396127700804776,7.563646078109741,-64.64087414741516,59,1
0.0068340301513671875,7.570480108261108,-64.6340401172638,59,1
0.006639957427978516,7.577120065689087,-64.62740015983582,59,1
0.008221864700317383,7.585341930389404,-64.6191782951355,59,1
0.007356166839599609,7.592698097229004,-64.6118221282959,59,1
0.007972955703735352,7.600671052932739,-64.6118221282959,58,0
0.003799915313720703,7.60447096824646,-64.60802221298218,59,1
0.0060291290283203125,7.61050009727478,-64.60199308395386,59,1
0.005244970321656162,7.615745067596436,-64.5967481136322,59,1
0.007969856262206143,7.623714923858643,-64.58877825737,59,1
0.006936073303222656,7.630650997161865,-64.58184218406677,59,1
0.005934953689575195,7.63658595085144,-64.5759072303772,59,1
0.007171154022216797,7.643757104873657,-64.56873607635498,59,1
0.004620790481567383,7.648377895355225,-64.56411528587341,59,1
0.005797147750854492,7.654175043106079,-64.55831813812256,59,1
0.005468845367431641,7.659643888473511,-64.55284929275513,59,1
0.00687718391418457,7.666521072387695,-64.54597210884094,59,1
0.006098031997680664,7.672619104385376,-64.53987407684326,59,1
0.005890846252441406,7.678509950637817,-64.53398323059082,59,1
0.005780935287475586,7.684290885925293,-64.52820229530334,59,1
0.007688999176025391,7.691979885101318,-64.52051329612732,59,1
0.005938053131103516,7.697917938232422,-64.51457524299622,59,1
0.007441043853759766,7.705358982086182,-64.50713419914246,59,1
0.007306098937988281,7.71266508102417,-64.49982810020447,59,1
0.007028818130493164,7.719693899154663,-64.48577046394348,60,2
0.0070230960845947266,7.726716995239258,-64.47874736785889,59,1
0.008538007736206055,7.735255002975464,-64.46167135238647,60,2
0.0073049068450927734,7.742559909820557,-64.44706153869629,60,2
0.0037691593170166016,7.746329069137573,-64.43952322006226,60,2
0.006211996078490323,7.752541065216064,-64.42709922790527,60,2
0.005681037902832031,7.758222103118896,-64.41573715209961,60,2
0.0055708885192879976,7.763792991638184,-64.40459537506104,60,2
0.007308006286621094,7.771100997924805,-64.3899793624878,60,2
0.007147073745727539,7.778248071670532,-64.37568521499634,60,2
0.00439000129699707,7.782638072967529,-64.36690521240234,60,2
0.00633883476257413,7.788976907730103,-64.3542275428772,60,2
0.0052371025085431455,7.794214010238647,-64.34375333786011,60,2
0.0054450035095223726,7.799659013748169,-64.33286333084106,60,2
0.006860971450805664,7.806519985198975,-64.31914138793945,60,2
0.0060389041900634766,7.812558889389038,-64.30706357955933,60,2
0.005652189254760742,7.818211078643799,-64.2957592010498,60,2
0.005554914474487305,7.823765993118286,-64.28464937210083,60,2
0.006757020950318271,7.830523014068604,-64.2711353302002,60,2
0.006011009216307706,7.836534023284912,-64.25911331176758,60,2
0.007209062576293945,7.843743085861206,-64.24469518661499,60,2
0.0045108795166015625,7.848253965377808,-64.23567342758179,60,2
0.005916118621826172,7.854170083999634,-64.22384119033813,60,2
0.005393981933594638,7.859564065933228,-64.21305322647095,60,2
0.006738901138304776,7.866302967071533,-64.19957542419434,60,2
0.007075071334838867,7.873378038406372,-64.18542528152466,60,2
0.006335020065307617,7.87971305847168,-64.17275524139404,60,2
0.006886005401611328,7.886599063873291,-64.15898323059082,60,2
0.006933927536010742,7.893532991409302,-64.1451153755188,60,2
0.006264925003052646,7.899797916412354,-64.1325855255127,60,2
0.009461164474486417,7.909259080886841,-64.11366319656372,60,2
0.00664496421813876,7.91590404510498,-64.10037326812744,60,2
