Ts=calc,Tid=meas,Volum=calc,Lys=meas,Flow=calc
nullflow=44,Lys0=44
0.005,0,0,44,0
0.002416133880615234,0.002416133880615234,0,44,0
0.02117586135864258,0.02359199523925781,0,44,0
0.01160597801208496,0.03519797325134277,0,44,0
0.006090164184570313,0.04128813743591309,0,44,0
0.007964849472045898,0.04925298690795898,0,44,0
0.009546041488647461,0.05879902839660645,0,44,0
0.007920980453491211,0.06672000885009766,0,44,0
0.006176948547363281,0.07289695739746094,0,44,0
0.007042169570922852,0.07993912696838379,0,44,0
0.004820823669433594,0.08475995063781738,0,44,0
0.006313085556030273,0.09107303619384766,0,44,0
0.005225896835327148,0.0962989330291748,0,44,0
0.005568027496337891,0.1018669605255127,0,44,0
0.006990194320678711,0.1088571548461914,0,44,0
0.005173921585083008,0.1140310764312744,0,44,0
0.007889986038208008,0.1219210624694824,0,44,0
0.007622957229614258,0.1295440196990967,0,44,0
0.007841110229492188,0.1373851299285889,0,44,0
0.006902933120727539,0.1442880630493164,0,44,0
0.007005929946899414,0.1512939929962158,0,44,0
0.007857084274291992,0.1591510772705078,-0.007857084274291992,43,-1
0.00311589241027832,0.1622669696807861,-0.01097297668457031,43,-1
0.006679058074951172,0.1689460277557373,-0.01097297668457031,44,0
0.006200075149536133,0.1751461029052734,-0.01717305183410645,43,-1
0.004818916320800781,0.1799650192260742,-0.02199196815490723,43,-1
0.007921934127807617,0.1878869533538818,-0.02991390228271484,43,-1
0.004528999328613281,0.1924159526824951,-0.03444290161132813,43,-1
0.007467985153198242,0.1998839378356934,-0.04191088676452637,43,-1
0.007121086120605469,0.2070050239562988,-0.04903197288513184,43,-1
0.005871057510375977,0.2128760814666748,-0.05490303039550781,43,-1
0.006797075271606445,0.2196731567382813,-0.06170010566711426,43,-1
0.005096912384033203,0.2247700691223145,-0.06679701805114746,43,-1
0.006279945373535156,0.2310500144958496,-0.07307696342468262,43,-1
0.004594087600708008,0.2356441020965576,-0.07767105102539063,43,-1
0.006014823913574219,0.2416589260101318,-0.08368587493896484,43,-1
0.007214069366455078,0.2488729953765869,-0.09089994430541992,43,-1
0.004635095596313477,0.2535080909729004,-0.0955350399017334,43,-1
0.007421970367431641,0.260930061340332,-0.102957010269165,43,-1
0.006536960601806641,0.2674670219421387,-0.1094939708709717,43,-1
0.00636601448059082,0.2738330364227295,-0.1222259998321533,42,-2
0.006997108459472656,0.2808301448822021,-0.1362202167510986,42,-2
0.006450891494750977,0.2872810363769531,-0.1491219997406006,42,-2
0.006227016448974609,0.2935080528259277,-0.1615760326385498,42,-2
0.005393028259277344,0.2989010810852051,-0.1723620891571045,42,-2
0.005253076553344727,0.3041541576385498,-0.1828682422637939,42,-2
0.006306886672973633,0.3104610443115234,-0.1954820156097412,42,-2
0.005505084991455078,0.3159661293029785,-0.2064921855926514,42,-2
0.005365848541259766,0.3213319778442383,-0.2172238826751709,42,-2
0.00616908073425293,0.3275010585784912,-0.2295620441436768,42,-2
0.007833003997802734,0.3353340625762939,-0.253061056137085,41,-3
0.006633996963500977,0.3419680595397949,-0.2729630470275879,41,-3
0.008322954177856445,0.3502910137176514,-0.2979319095611572,41,-3
0.005712032318115234,0.3560030460357666,-0.3150680065155029,41,-3
0.006309032440185547,0.3623120784759521,-0.3339951038360596,41,-3
0.0073089599609375,0.3696210384368896,-0.3559219837188721,41,-3
0.007204055786132813,0.3768250942230225,-0.3775341510772705,41,-3
0.007993936538696289,0.3848190307617188,-0.4095098972320557,40,-4
0.007525920867919922,0.3923449516296387,-0.4396135807037354,40,-4
0.007629156112670898,0.3999741077423096,-0.4701302051544189,40,-4
0.006328821182250977,0.4063029289245605,-0.4954454898834229,40,-4
0.00578618049621582,0.4120891094207764,-0.5185902118682861,40,-4
0.007138967514038086,0.4192280769348145,-0.5542850494384766,39,-5
0.004168033599853516,0.423396110534668,-0.5751252174377441,39,-5
0.006042003631591797,0.4294381141662598,-0.6053352355957031,39,-5
0.005993843078613281,0.435431957244873,-0.6353044509887695,39,-5
0.005918025970458984,0.441349983215332,-0.6648945808410645,39,-5
0.007387161254882813,0.4487371444702148,-0.7018303871154785,39,-5
0.00506591796875,0.4538030624389648,-0.7322258949279785,38,-6
0.006545066833496094,0.4603481292724609,-0.7714962959289551,38,-6
0.006470918655395508,0.4668190479278564,-0.8103218078613281,38,-6
0.006102085113525391,0.4729211330413818,-0.8469343185424805,38,-6
0.008140802383422852,0.4810619354248047,-0.9039199352264404,37,-7
0.006267070770263672,0.4873290061950684,-0.9477894306182861,37,-7
0.008270978927612305,0.4955999851226807,-1.005686283111572,37,-7
0.006205081939697266,0.5018050670623779,-1.049121856689453,37,-7
0.005183935165405273,0.5069890022277832,-1.08540940284729,37,-7
0.006088972091674805,0.513077974319458,-1.128032207489014,37,-7
0.006294012069702148,0.5193719863891602,-1.172090291976929,37,-7
0.005382061004638672,0.5247540473937988,-1.209764719009399,37,-7
0.005568981170654297,0.5303230285644531,-1.248747587203979,37,-7
0.006141901016235352,0.5364649295806885,-1.297882795333862,36,-8
0.008682012557983398,0.5451469421386719,-1.367338895797729,36,-8
0.00634002685546875,0.5514869689941406,-1.418059110641479,36,-8
0.006890058517456055,0.5583770275115967,-1.473179578781128,36,-8
0.007889986038208008,0.5662670135498047,-1.536299467086792,36,-8
0.007339954376220703,0.5736069679260254,-1.595019102096558,36,-8
0.00619816780090332,0.5798051357269287,-1.650802612304688,35,-9
0.005141973495483398,0.5849471092224121,-1.697080373764038,35,-9
0.006181955337524414,0.5911290645599365,-1.752717971801758,35,-9
0.00598597526550293,0.5971150398254395,-1.806591749191284,35,-9
0.005906105041503906,0.6030211448669434,-1.859746694564819,35,-9
0.005982875823974609,0.609004020690918,-1.913592576980591,35,-9
0.00515294075012207,0.61415696144104,-1.959969043731689,35,-9
0.006797075271606445,0.6209540367126465,-2.027939796447754,34,-10
0.006079912185668945,0.6270339488983154,-2.088738918304443,34,-10
0.004592180252075195,0.6316261291503906,-2.134660720825195,34,-10
0.007412910461425781,0.6390390396118164,-2.208789825439453,34,-10
0.004053115844726563,0.643092155456543,-2.249320983886719,34,-10
0.006189823150634766,0.6492819786071777,-2.311219215393066,34,-10
0.006329059600830078,0.6556110382080078,-2.374509811401367,34,-10
0.005650997161865234,0.661262035369873,-2.43101978302002,34,-10
0.005959033966064453,0.6672210693359375,-2.490610122680664,34,-10
0.007011890411376953,0.6742329597473145,-2.560729026794434,34,-10
0.006692171096801758,0.6809251308441162,-2.627650737762451,34,-10
0.006314992904663086,0.6872401237487793,-2.690800666809082,34,-10
0.00598597526550293,0.6932260990142822,-2.750660419464111,34,-10
0.006371021270751953,0.6995971202850342,-2.814370632171631,34,-10
0.005342960357666016,0.7049400806427002,-2.867800235748291,34,-10
0.004554986953735352,0.7094950675964355,-2.913350105285645,34,-10
0.006131887435913086,0.7156269550323486,-2.974668979644775,34,-10
0.006355047225952148,0.7219820022583008,-3.038219451904297,34,-10
0.007641077041625977,0.7296230792999268,-3.114630222320557,34,-10
0.006648063659667969,0.7362711429595947,-3.181110858917236,34,-10
0.006147861480712891,0.7424190044403076,-3.242589473724365,34,-10
0.007403135299682617,0.7498221397399902,-3.316620826721191,34,-10
0.007202863693237305,0.7570250034332275,-3.395852327346802,33,-11
0.006084918975830078,0.7631099224090576,-3.456701517105103,34,-10
0.006708145141601563,0.7698180675506592,-3.53049111366272,33,-11
0.00510096549987793,0.7749190330505371,-3.586601734161377,33,-11
0.005026102066040039,0.7799451351165771,-3.641888856887817,33,-11
0.005641937255859375,0.7855870723724365,-3.703950166702271,33,-11
0.006020069122314453,0.791607141494751,-3.770170927047729,33,-11
0.005491971969604492,0.7970991134643555,-3.830582618713379,33,-11
0.006054878234863281,0.8031539916992188,-3.897186279296875,33,-11
0.006325960159301758,0.8094799518585205,-3.966771841049194,33,-11
0.006767988204956055,0.8162479400634766,-4.041219711303711,33,-11
0.006148099899291992,0.8223960399627686,-4.108848810195923,33,-11
0.007889986038208008,0.8302860260009766,-4.195638656616211,33,-11
0.005691051483154297,0.8359770774841309,-4.258240222930908,33,-11
0.006294012069702148,0.842271089553833,-4.327474355697632,33,-11
0.007372856140136719,0.8496439456939697,-4.401202917098999,34,-10
0.007835149765014648,0.8574790954589844,-4.479554414749146,34,-10
0.004394054412841797,0.8618731498718262,-4.523494958877563,34,-10
0.005425930023193359,0.8672990798950195,-4.577754259109497,34,-10
0.005842924118041992,0.8731420040130615,-4.636183500289917,34,-10
0.006482124328613281,0.8796241283416748,-4.70100474357605,34,-10
0.006124973297119141,0.8857491016387939,-4.762254476547241,34,-10
0.008194923400878906,0.8939440250396729,-4.84420371055603,34,-10
0.005362987518310547,0.8993070125579834,-4.897833585739136,34,-10
0.006034135818481445,0.9053411483764648,-4.95817494392395,34,-10
0.006073951721191406,0.9114151000976563,-5.018914461135864,34,-10
0.005846977233886719,0.917262077331543,-5.077384233474731,34,-10
0.0057830810546875,0.9230451583862305,-5.135215044021606,34,-10
0.00650787353515625,0.9295530319213867,-5.200293779373169,34,-10
0.006897926330566406,0.9364509582519531,-5.269273042678833,34,-10
0.005876064300537109,0.9423270225524902,-5.328033685684204,34,-10
0.006709098815917969,0.9490361213684082,-5.395124673843384,34,-10
0.003818988800048828,0.952855110168457,-5.433314561843872,34,-10
0.009502887725830078,0.9623579978942871,-5.528343439102173,34,-10
0.006567955017089844,0.968925952911377,-5.594022989273071,34,-10
0.004482030868530273,0.9734079837799072,-5.638843297958374,34,-10
0.006126165390014648,0.9795341491699219,-5.700104951858521,34,-10
0.006410837173461914,0.9859449863433838,-5.76421332359314,34,-10
0.006505012512207031,0.9924499988555908,-5.82926344871521,34,-10
0.007424116134643555,0.9998741149902344,-5.896080493927002,35,-9
0.007153034210205078,1.007027149200439,-5.960457801818848,35,-9
0.005841970443725586,1.012869119644165,-6.013035535812378,35,-9
0.006824970245361328,1.019694089889526,-6.07446026802063,35,-9
0.005056858062744141,1.024750947952271,-6.119971990585327,35,-9
0.005563020706176758,1.030313968658447,-6.170039176940918,35,-9
0.005356073379516602,1.035670042037964,-6.218243837356567,35,-9
0.007554054260253906,1.043224096298218,-6.278676271438599,36,-8
0.006075859069824219,1.049299955368042,-6.333359003067017,35,-9
0.006973981857299805,1.056273937225342,-6.389150857925415,36,-8
0.007150173187255859,1.063424110412598,-6.453502416610718,35,-9
0.007910966873168945,1.071335077285767,-6.524701118469238,35,-9
0.00407099723815918,1.075406074523926,-6.557269096374512,36,-8
0.006540060043334961,1.081946134567261,-6.609589576721191,36,-8
0.006453990936279297,1.08840012550354,-6.661221504211426,36,-8
0.004864931106567383,1.093265056610107,-6.700140953063965,36,-8
0.006188869476318359,1.099453926086426,-6.749651908874512,36,-8
0.006337165832519531,1.105791091918945,-6.800349235534668,36,-8
0.007580995559692383,1.113372087478638,-6.860997200012207,36,-8
0.006281852722167969,1.119653940200806,-6.904970169067383,37,-7
0.00581812858581543,1.125472068786621,-6.945697069168091,37,-7
0.005636930465698242,1.131108999252319,-6.985155582427979,37,-7
0.0057830810546875,1.136892080307007,-7.025637149810791,37,-7
0.006361007690429688,1.143253087997437,-7.070164203643799,37,-7
0.006331920623779297,1.149585008621216,-7.114487648010254,37,-7
0.007220029830932617,1.156805038452148,-7.165027856826782,37,-7
0.006905078887939453,1.163710117340088,-7.213363409042358,37,-7
0.006650924682617188,1.170361042022705,-7.259919881820679,37,-7
0.006547927856445313,1.17690896987915,-7.305755376815796,37,-7
0.006162166595458984,1.183071136474609,-7.34272837638855,38,-6
0.006345987319946289,1.189417123794556,-7.380804300308228,38,-6
0.006520986557006836,1.195938110351563,-7.419930219650269,38,-6
0.006335020065307617,1.20227313041687,-7.451605319976807,39,-5
0.009176015853881836,1.211449146270752,-7.497485399246216,39,-5
0.008025884628295898,1.219475030899048,-7.537614822387695,39,-5
0.006171941757202148,1.22564697265625,-7.562302589416504,40,-4
0.006499052047729492,1.232146024703979,-7.588298797607422,40,-4
0.007816076278686523,1.239962100982666,-7.619563102722168,40,-4
0.007154941558837891,1.247117042541504,-7.64818286895752,40,-4
0.005737066268920898,1.252854108810425,-7.671131134033203,40,-4
0.006991863250732422,1.259845972061157,-7.6921067237854,41,-3
0.006869077682495117,1.266715049743652,-7.712713956832886,41,-3
0.005600929260253906,1.272315979003906,-7.729516744613647,41,-3
0.007920980453491211,1.280236959457397,-7.753279685974121,41,-3
0.006841182708740234,1.287078142166138,-7.766962051391602,42,-2
0.004050016403198242,1.291128158569336,-7.775062084197998,42,-2
0.005970954895019531,1.297099113464355,-7.787003993988037,42,-2
0.006108999252319336,1.303208112716675,-7.799221992492676,42,-2
0.00650787353515625,1.309715986251831,-7.812237739562988,42,-2
0.007233142852783203,1.316949129104614,-7.819470882415771,43,-1
0.005359888076782227,1.322309017181396,-7.824830770492554,43,-1
0.006576061248779297,1.328885078430176,-7.831406831741333,43,-1
0.004708051681518555,1.333593130111694,-7.836114883422852,43,-1
0.006085872650146484,1.339679002761841,-7.842200756072998,43,-1
0.009078025817871094,1.348757028579712,-7.851278781890869,43,-1
0.005585908889770508,1.354342937469482,-7.851278781890869,44,0
0.01006817817687988,1.364411115646362,-7.861346960067749,43,-1
0.00695490837097168,1.371366024017334,-7.861346960067749,44,0
0.005801916122436523,1.377167940139771,-7.861346960067749,44,0
0.006246089935302734,1.383414030075073,-7.861346960067749,44,0
0.00610804557800293,1.389522075653076,-7.861346960067749,44,0
0.007472991943359375,1.396995067596436,-7.85387396812439,45,1
0.005861997604370117,1.402857065200806,-7.84801197052002,45,1
0.00691986083984375,1.409776926040649,-7.841092109680176,45,1
0.005262136459350586,1.4150390625,-7.835829973220825,45,1
0.005363941192626953,1.420403003692627,-7.830466032028198,45,1
0.005500078201293945,1.425903081893921,-7.81946587562561,46,2
0.007256984710693359,1.433160066604614,-7.804951906204224,46,2
0.006186008453369141,1.439346075057983,-7.792579889297485,46,2
0.005424976348876953,1.44477105140686,-7.781729936599731,46,2
0.006422042846679688,1.45119309425354,-7.762463808059692,47,3
0.005909919738769531,1.45710301399231,-7.750643968582153,46,2
0.007277965545654297,1.464380979537964,-7.72881007194519,47,3
0.007742166519165039,1.472123146057129,-7.705583572387695,47,3
0.007696866989135742,1.479820013046265,-7.682492971420288,47,3
0.007091999053955078,1.48691201210022,-7.661216974258423,47,3
0.004949092864990234,1.49186110496521,-7.646369695663452,47,3
0.00524592399597168,1.497107028961182,-7.625385999679565,48,4
0.006000995635986328,1.503108024597168,-7.60138201713562,48,4
0.00603795051574707,1.509145975112915,-7.577230215072632,48,4
0.006075143814086914,1.515221118927002,-7.552929639816284,48,4
0.006047964096069336,1.521269083023071,-7.528737783432007,48,4
0.006161928176879883,1.527431011199951,-7.504090070724487,48,4
0.005911111831665039,1.533342123031616,-7.480445623397827,48,4
0.007019996643066406,1.540362119674683,-7.452365636825562,48,4
0.006695032119750977,1.547057151794434,-7.425585508346558,48,4
0.005844831466674805,1.552901983261108,-7.396361351013184,49,5
0.006880998611450195,1.559782981872559,-7.361956357955933,49,5
0.006508111953735352,1.566291093826294,-7.329415798187256,49,5
0.008008956909179688,1.574300050735474,-7.289371013641357,49,5
0.002852916717529297,1.577152967453003,-7.272253513336182,50,6
0.006139039993286133,1.583292007446289,-7.235419273376465,50,6
0.005998134613037109,1.589290142059326,-7.199430465698242,50,6
0.005893945693969727,1.595184087753296,-7.164066791534424,50,6
0.005671024322509766,1.600855112075806,-7.124369621276855,51,7
0.006381034851074219,1.60723614692688,-7.079702377319336,51,7
0.006055831909179688,1.61329197883606,-7.037311553955078,51,7
0.007446050643920898,1.62073802947998,-6.985189199447632,51,7
0.005589962005615234,1.626327991485596,-6.946059465408325,51,7
0.005239963531494141,1.63156795501709,-6.909379720687866,51,7
0.005772113800048828,1.637340068817139,-6.868974924087524,51,7
0.006023883819580078,1.643363952636719,-6.826807737350464,51,7
0.00590205192565918,1.649266004562378,-6.78549337387085,51,7
0.006165027618408203,1.655431032180786,-6.742338180541992,51,7
0.005712032318115234,1.661143064498901,-6.69664192199707,52,8
0.007328987121582031,1.668472051620483,-6.638010025024414,52,8
0.008960962295532227,1.677433013916016,-6.566322326660156,52,8
0.006377935409545898,1.683810949325562,-6.515298843383789,52,8
0.007363080978393555,1.691174030303955,-6.456394195556641,52,8
0.008599996566772461,1.699774026870728,-6.387594223022461,52,8
0.007304906845092773,1.70707893371582,-6.321850061416626,53,9
0.00648808479309082,1.713567018508911,-6.263457298278809,53,9
0.006753921508789063,1.7203209400177,-6.202672004699707,53,9
0.006005048751831055,1.726325988769531,-6.148626565933228,53,9
0.00643610954284668,1.732762098312378,-6.090701580047607,53,9
0.004348039627075195,1.737110137939453,-6.051569223403931,53,9
0.006067991256713867,1.743178129196167,-5.996957302093506,53,9
0.006223917007446289,1.749402046203613,-5.940942049026489,53,9
0.006274938583374023,1.755676984786987,-5.884467601776123,53,9
0.007967948913574219,1.763644933700562,-5.812756061553955,53,9
0.00636601448059082,1.770010948181152,-5.755461931228638,53,9
0.006918191909790039,1.776929140090942,-5.693198204040527,53,9
0.007086992263793945,1.784016132354736,-5.629415273666382,53,9
0.005539894104003906,1.78955602645874,-5.579556226730347,53,9
0.007318019866943359,1.796874046325684,-5.513694047927856,53,9
0.007351875305175781,1.804225921630859,-5.45487904548645,52,8
0.006128072738647461,1.810353994369507,-5.405854463577271,52,8
0.006490945816040039,1.816844940185547,-5.35392689704895,52,8
0.006229162216186523,1.823074102401733,-5.304093599319458,52,8
0.00689697265625,1.829971075057983,-5.248917818069458,52,8
0.006090879440307617,1.836061954498291,-5.200190782546997,52,8
0.006084203720092773,1.842146158218384,-5.151517152786255,52,8
0.007079839706420898,1.849225997924805,-5.094878435134888,52,8
0.003962039947509766,1.853188037872314,-5.0592200756073,53,9
0.00716400146484375,1.860352039337158,-5.00190806388855,52,8
0.005587100982666016,1.865939140319824,-4.957211256027222,52,8
0.007031917572021484,1.872971057891846,-4.90095591545105,52,8
0.007400989532470703,1.880372047424316,-4.834347009658813,53,9
0.00674891471862793,1.887120962142944,-4.773606777191162,53,9
0.007095098495483398,1.894216060638428,-4.709750890731812,53,9
0.006110906600952148,1.90032696723938,-4.660863637924194,52,8
0.006626129150390625,1.906953096389771,-4.607854604721069,52,8
0.006315946578979492,1.91326904296875,-4.557327032089233,52,8
0.006479024887084961,1.919748067855835,-4.505494832992554,52,8
0.006536960601806641,1.926285028457642,-4.453199148178101,52,8
0.005553960800170898,1.931838989257813,-4.408767461776733,52,8
0.007719039916992188,1.939558029174805,-4.347015142440796,52,8
0.00415492057800293,1.943712949752808,-4.313775777816772,52,8
0.008400201797485352,1.952113151550293,-4.254974365234375,51,7
0.007130861282348633,1.959244012832642,-4.205058336257935,51,7
0.002701997756958008,1.9619460105896,-4.186144351959229,51,7
0.006492137908935547,1.968438148498535,-4.14069938659668,51,7
0.005131959915161133,1.973570108413696,-4.104775667190552,51,7
0.005944967269897461,1.979515075683594,-4.06316089630127,51,7
0.007547855377197266,1.987062931060791,-4.010325908660889,51,7
0.006568193435668945,1.99363112449646,-3.964348554611206,51,7
0.007138967514038086,2.000770092010498,-3.914375782012939,51,7
0.006492853164672852,2.007262945175171,-3.875418663024902,50,6
0.008500099182128906,2.0157630443573,-3.81591796875,51,7
0.006197929382324219,2.021960973739624,-3.778730392456055,50,6
0.007661104202270508,2.029622077941895,-3.732763767242432,50,6
0.007452011108398438,2.037074089050293,-3.688051700592041,50,6
0.006428003311157227,2.04350209236145,-3.649483680725098,50,6
0.008157014846801758,2.051659107208252,-3.600541591644287,50,6
0.003805875778198242,2.05546498298645,-3.581512212753296,49,5
0.006325960159301758,2.061790943145752,-3.549882411956787,49,5
0.007014036178588867,2.068804979324341,-3.514812231063843,49,5
0.005201101303100586,2.074006080627441,-3.48880672454834,49,5
0.005380868911743164,2.079386949539185,-3.461902379989624,49,5
0.006124973297119141,2.085511922836304,-3.431277513504028,49,5
0.008699178695678711,2.094211101531982,-3.387781620025635,49,5
0.005578041076660156,2.099789142608643,-3.359891414642334,49,5
0.00630497932434082,2.106094121932983,-3.334671497344971,48,4
0.005517959594726563,2.11161208152771,-3.312599658966064,48,4
0.007632970809936523,2.119245052337646,-3.282067775726318,48,4
0.004781961441040039,2.124027013778687,-3.267721891403198,47,3
0.00804591178894043,2.132072925567627,-3.243584156036377,47,3
0.008991003036499023,2.141063928604126,-3.21661114692688,47,3
0.006023168563842773,2.147087097167969,-3.198541641235352,47,3
0.006943941116333008,2.154031038284302,-3.177709817886353,47,3
0.01120090484619141,2.165231943130493,-3.15530800819397,46,2
0.006669998168945313,2.171901941299438,-3.141968011856079,46,2
0.004773139953613281,2.176675081253052,-3.132421731948853,46,2
0.006187915802001953,2.182862997055054,-3.120045900344849,46,2
0.006297111511230469,2.189160108566284,-3.107451677322388,46,2
0.00558781623840332,2.194747924804688,-3.096276044845581,46,2
0.006215095520019531,2.200963020324707,-3.083845853805542,46,2
0.006526947021484375,2.207489967346191,-3.070791959762573,46,2
0.006409168243408203,2.2138991355896,-3.057973623275757,46,2
0.006074905395507813,2.219974040985107,-3.051898717880249,45,1
0.006002902984619141,2.225976943969727,-3.039892911911011,46,2
0.006025075912475586,2.232002019882202,-3.033867835998535,45,1
0.004806041717529297,2.236808061599731,-3.029061794281006,45,1
0.006996870040893555,2.243804931640625,-3.022064924240112,45,1
0.005151033401489258,2.248955965042114,-3.016913890838623,45,1
0.006016969680786133,2.2549729347229,-3.010896921157837,45,1
0.004953145980834961,2.259926080703735,-3.005943775177002,45,1
0.006029844284057617,2.265955924987793,-2.999913930892944,45,1
0.006127119064331055,2.272083044052124,-2.999913930892944,44,0
0.007147073745727539,2.279230117797852,-2.999913930892944,44,0
0.003793954849243164,2.283024072647095,-2.999913930892944,44,0
0.006196975708007813,2.289221048355103,-2.999913930892944,44,0
0.006134986877441406,2.295356035232544,-2.999913930892944,44,0
0.005743980407714844,2.301100015640259,-2.999913930892944,44,0
0.005599021911621094,2.30669903755188,-2.999913930892944,44,0
0.006118059158325195,2.312817096710205,-2.999913930892944,44,0
0.007902860641479492,2.320719957351685,-3.007816791534424,43,-1
0.006525039672851563,2.327244997024536,-3.014341831207275,43,-1
0.005597114562988281,2.332842111587524,-3.019938945770264,43,-1
0.007490873336791992,2.340332984924316,-3.027429819107056,43,-1
0.005705118179321289,2.346038103103638,-3.033134937286377,43,-1
0.006235837936401367,2.352273941040039,-3.039370775222778,43,-1
0.007012128829956055,2.359286069869995,-3.046382904052734,43,-1
0.003587007522583008,2.362873077392578,-3.0535569190979,42,-2
0.006407022476196289,2.369280099868774,-3.066370964050293,42,-2
0.006186962127685547,2.37546706199646,-3.078744888305664,42,-2
0.008574008941650391,2.38404107093811,-3.095892906188965,42,-2
0.007972002029418945,2.392013072967529,-3.111836910247803,42,-2
0.01037788391113281,2.402390956878662,-3.142970561981201,41,-3
0.009034156799316406,2.411425113677979,-3.17007303237915,41,-3
0.007609844207763672,2.419034957885742,-3.192902565002441,41,-3
0.005854129791259766,2.424889087677002,-3.210464954376221,41,-3
0.006624937057495117,2.431514024734497,-3.236964702606201,40,-4
0.007658958435058594,2.439172983169556,-3.267600536346436,40,-4
0.005256175994873047,2.444429159164429,-3.288625240325928,40,-4
0.005415916442871094,2.4498450756073,-3.310288906097412,40,-4
0.006114959716796875,2.455960035324097,-3.3347487449646,40,-4
0.004477977752685547,2.460438013076782,-3.352660655975342,40,-4
0.006391048431396484,2.466829061508179,-3.384615898132324,39,-5
0.005311965942382813,2.472141027450562,-3.411175727844238,39,-5
0.006745100021362305,2.478886127471924,-3.44490122795105,39,-5
0.00444793701171875,2.483334064483643,-3.467140913009644,39,-5
0.006444931030273438,2.489778995513916,-3.505810499191284,38,-6
0.007565975189208984,2.497344970703125,-3.551206350326538,38,-6
0.004765033721923828,2.502110004425049,-3.579796552658081,38,-6
0.007019996643066406,2.509130001068115,-3.621916532516479,38,-6
0.004117012023925781,2.513247013092041,-3.646618604660034,38,-6
0.006314992904663086,2.519562005996704,-3.684508562088013,38,-6
0.006297111511230469,2.525859117507935,-3.722291231155396,38,-6
0.007315874099731445,2.533174991607666,-3.773502349853516,37,-7
0.006433010101318359,2.539608001708984,-3.818533420562744,37,-7
0.006451129913330078,2.546059131622314,-3.863691329956055,37,-7
0.007005929946899414,2.553065061569214,-3.912732839584351,37,-7
0.008888006210327148,2.561953067779541,-3.974948883056641,37,-7
0.007982969284057617,2.569936037063599,-4.038812637329102,36,-8
0.006973028182983398,2.576909065246582,-4.094596862792969,36,-8
0.006242990493774414,2.583152055740356,-4.144540786743164,36,-8
0.006337881088256836,2.589489936828613,-4.195243835449219,36,-8
0.007778167724609375,2.597268104553223,-4.265247344970703,35,-9
0.006995916366577148,2.6042640209198,-4.32121467590332,36,-8
0.005999088287353516,2.610263109207153,-4.375206470489502,35,-9
0.006180047988891602,2.616443157196045,-4.430826902389526,35,-9
0.005498886108398438,2.621942043304443,-4.480316877365112,35,-9
0.008053064346313477,2.629995107650757,-4.552794456481934,35,-9
0.005964040756225586,2.635959148406982,-4.606470823287964,35,-9
0.006166934967041016,2.642126083374023,-4.661973237991333,35,-9
0.007163047790527344,2.649289131164551,-4.726440668106079,35,-9
0.003942012786865234,2.653231143951416,-4.761918783187866,35,-9
0.007671833038330078,2.660902976989746,-4.830965280532837,35,-9
0.005926132202148438,2.666829109191895,-4.884300470352173,35,-9
0.005401849746704102,2.672230958938599,-4.938318967819214,34,-10
0.01168012619018555,2.683911085128784,-5.055120229721069,34,-10
0.006532907485961914,2.690443992614746,-5.120449304580688,34,-10
0.00645899772644043,2.696902990341187,-5.185039281845093,34,-10
0.01014614105224609,2.707049131393433,-5.286500692367554,34,-10
0.007091999053955078,2.714141130447388,-5.357420682907104,34,-10
0.006196975708007813,2.720338106155396,-5.419390439987183,34,-10
0.004629850387573242,2.724967956542969,-5.465688943862915,34,-10
0.005911111831665039,2.730879068374634,-5.524800062179565,34,-10
0.00503087043762207,2.735909938812256,-5.575108766555786,34,-10
0.006916046142578125,2.742825984954834,-5.644269227981567,34,-10
0.006298065185546875,2.749124050140381,-5.707249879837036,34,-10
0.007108926773071289,2.756232976913452,-5.778339147567749,34,-10
0.005167007446289063,2.761399984359741,-5.83000922203064,34,-10
0.007725000381469727,2.769124984741211,-5.907259225845337,34,-10
0.006229162216186523,2.775354146957397,-5.969550848007202,34,-10
0.005681991577148438,2.781036138534546,-6.026370763778687,34,-10
0.008162975311279297,2.789199113845825,-6.108000516891479,34,-10
0.003026962280273438,2.792226076126099,-6.138270139694214,34,-10
0.006850957870483398,2.799077033996582,-6.206779718399048,34,-10
0.005693912506103516,2.804770946502686,-6.269412755966187,33,-11
0.006161212921142578,2.810932159423828,-6.331024885177612,34,-10
0.005507946014404297,2.816440105438232,-6.39161229133606,33,-11
0.007462978363037109,2.82390308380127,-6.473705053329468,33,-11
0.004847049713134766,2.828750133514404,-6.52702260017395,33,-11
0.004891872406005859,2.83364200592041,-6.580833196640015,33,-11
0.005991935729980469,2.839633941650391,-6.6467444896698,33,-11
0.006021022796630859,2.845654964447021,-6.712975740432739,33,-11
0.007418155670166016,2.853073120117188,-6.794575452804565,33,-11
0.006680965423583984,2.859754085540771,-6.861385107040405,34,-10
0.0111849308013916,2.870939016342163,-6.973234415054321,34,-10
0.005964994430541992,2.876904010772705,-7.032884359359741,34,-10
0.00713801383972168,2.884042024612427,-7.104264497756958,34,-10
0.005731105804443359,2.88977313041687,-7.161575555801392,34,-10
0.009339809417724609,2.899112939834595,-7.254973649978638,34,-10
0.006494998931884766,2.905607938766479,-7.319923639297485,34,-10
0.006750106811523438,2.912358045578003,-7.38742470741272,34,-10
0.007505893707275391,2.919863939285278,-7.462483644485474,34,-10
0.007323026657104492,2.927186965942383,-7.535713911056519,34,-10
0.00637507438659668,2.933562040328979,-7.599464654922485,34,-10
0.006766080856323242,2.940328121185303,-7.667125463485718,34,-10
0.01067900657653809,2.951007127761841,-7.763236522674561,35,-9
0.005936861038208008,2.956943988800049,-7.816668272018433,35,-9
0.01006698608398438,2.967010974884033,-7.907271146774292,35,-9
0.005882978439331055,2.972893953323364,-7.960217952728271,35,-9
0.007122993469238281,2.980016946792603,-8.024324893951416,35,-9
0.006959199905395508,2.986976146697998,-8.086957693099976,35,-9
0.007339000701904297,2.994315147399902,-8.153008699417114,35,-9
0.006850957870483398,3.001166105270386,-8.207816362380981,36,-8
0.00792384147644043,3.009089946746826,-8.271207094192505,36,-8
0.006762981414794922,3.015852928161621,-8.325310945510864,36,-8
0.006376028060913086,3.022228956222534,-8.369943141937256,37,-7
0.007039070129394531,3.029268026351929,-8.426255702972412,36,-8
0.0065460205078125,3.035814046859741,-8.4720778465271,37,-7
0.005606889724731445,3.041420936584473,-8.51132607460022,37,-7
0.007483005523681641,3.048903942108154,-8.563707113265991,37,-7
0.005086183547973633,3.053990125656128,-8.599310398101807,37,-7
0.005597829818725586,3.059587955474854,-8.638495206832886,37,-7
0.006357192993164063,3.065945148468018,-8.682995557785034,37,-7
0.006487846374511719,3.072432994842529,-8.728410482406616,37,-7
0.008460044860839844,3.080893039703369,-8.787630796432495,37,-7
0.002530097961425781,3.083423137664795,-8.805341482162476,37,-7
0.009812831878662109,3.093235969543457,-8.864218473434448,38,-6
0.005714178085327148,3.098950147628784,-8.898503541946411,38,-6
0.007360935211181641,3.106311082839966,-8.942669153213501,38,-6
0.007340908050537109,3.113651990890503,-8.986714601516724,38,-6
0.007430076599121094,3.121082067489624,-9.03129506111145,38,-6
0.008234977722167969,3.129317045211792,-9.07246994972229,39,-5
0.00696110725402832,3.13627815246582,-9.107275485992432,39,-5
0.008784770965576172,3.145062923431396,-9.151199340820313,39,-5
0.003979206085205078,3.149042129516602,-9.171095371246338,39,-5
0.005180835723876953,3.154222965240479,-9.191818714141846,40,-4
0.005447149276733398,3.159670114517212,-9.213607311248779,40,-4
0.006079912185668945,3.165750026702881,-9.237926959991455,40,-4
0.007666110992431641,3.173416137695313,-9.268591403961182,40,-4
0.005888938903808594,3.179305076599121,-9.286258220672607,41,-3
0.005882024765014648,3.185187101364136,-9.303904294967651,41,-3
0.006033897399902344,3.191220998764038,-9.322005987167358,41,-3
0.005052089691162109,3.1962730884552,-9.337162256240845,41,-3
0.006496906280517578,3.202769994735718,-9.356652975082397,41,-3
0.01473307609558105,3.217503070831299,-9.38611912727356,42,-2
0.007201910018920898,3.22470498085022,-9.400522947311401,42,-2
0.00763702392578125,3.232342004776001,-9.408159971237183,43,-1
0.007353067398071289,3.239695072174072,-9.415513038635254,43,-1
0.003584861755371094,3.243279933929443,-9.419097900390625,43,-1
0.006355047225952148,3.249634981155396,-9.425452947616577,43,-1
0.006028175354003906,3.255663156509399,-9.431481122970581,43,-1
0.006174802780151367,3.261837959289551,-9.437655925750732,43,-1
0.007060050964355469,3.268898010253906,-9.444715976715088,43,-1
0.005384922027587891,3.274282932281494,-9.450100898742676,43,-1
0.007757186889648438,3.282040119171143,-9.450100898742676,44,0
0.007659912109375,3.289700031280518,-9.450100898742676,44,0
0.006597995758056641,3.296298027038574,-9.450100898742676,44,0
0.008138895034790039,3.304436922073364,-9.441962003707886,45,1
0.00548100471496582,3.30991792678833,-9.43648099899292,45,1
0.006134033203125,3.316051959991455,-9.430346965789795,45,1
0.006167173385620117,3.322219133377075,-9.424179792404175,45,1
0.009215831756591797,3.331434965133667,-9.414963960647583,45,1
0.007616996765136719,3.339051961898804,-9.39972996711731,46,2
0.007430076599121094,3.346482038497925,-9.384869813919067,46,2
0.006335973739624023,3.352818012237549,-9.372197866439819,46,2
0.007612943649291992,3.360430955886841,-9.356971979141235,46,2
0.01114106178283691,3.371572017669678,-9.323548793792725,47,3
0.008198022842407227,3.379770040512085,-9.298954725265503,47,3
0.006454944610595703,3.386224985122681,-9.279589891433716,47,3
0.006181955337524414,3.392406940460205,-9.254862070083618,48,4
0.007479190826416016,3.399886131286621,-9.224945306777954,48,4
0.009285926818847656,3.409172058105469,-9.187801599502563,48,4
0.005594968795776367,3.414767026901245,-9.165421724319458,48,4
0.006550073623657227,3.421317100524902,-9.139221429824829,48,4
0.004364013671875,3.425681114196777,-9.121765375137329,48,4
0.006114959716796875,3.431796073913574,-9.091190576553345,49,5
0.005604028701782227,3.437400102615356,-9.063170433044434,49,5
0.005782842636108398,3.443182945251465,-9.034256219863892,49,5
0.00646519660949707,3.449648141860962,-8.995465040206909,50,6
0.005971908569335938,3.455620050430298,-8.959633588790894,50,6
0.006342887878417969,3.461962938308716,-8.915233373641968,51,7
0.005075216293334961,3.467038154602051,-8.879706859588623,51,7
0.006209850311279297,3.47324800491333,-8.836237907409668,51,7
0.006664037704467773,3.479912042617798,-8.789589643478394,51,7
0.00589299201965332,3.485805034637451,-8.74833869934082,51,7
0.007731914520263672,3.493536949157715,-8.694215297698975,51,7
0.005670070648193359,3.499207019805908,-8.648854732513428,52,8
0.006263017654418945,3.505470037460327,-8.598750591278076,52,8
0.006386041641235352,3.511856079101563,-8.547662258148193,52,8
0.007660865783691406,3.519516944885254,-8.478714466094971,53,9
0.006124019622802734,3.525640964508057,-8.423598289489746,53,9
0.005724191665649414,3.531365156173706,-8.372080564498901,53,9
0.009363889694213867,3.54072904586792,-8.287805557250977,53,9
0.006448030471801758,3.547177076339722,-8.229773283004761,53,9
0.009636878967285156,3.556813955307007,-8.143041372299194,53,9
0.006043195724487305,3.562857151031494,-8.088652610778809,53,9
0.007086992263793945,3.569944143295288,-8.024869680404663,53,9
0.007398843765258789,3.577342987060547,-7.958280086517334,53,9
0.007950067520141602,3.585293054580688,-7.88672947883606,53,9
0.006620883941650391,3.591913938522339,-7.820520639419556,54,10
0.007752180099487305,3.599666118621826,-7.742998838424683,54,10
0.003657817840576172,3.603323936462402,-7.706420660018921,54,10
0.006271123886108398,3.609595060348511,-7.637438297271729,55,11
0.007278919219970703,3.616873979568481,-7.557370185852051,55,11
0.00666499137878418,3.623538970947266,-7.484055280685425,55,11
0.005984067916870117,3.629523038864136,-7.418230533599854,55,11
0.006524085998535156,3.636047124862671,-7.346465587615967,55,11
0.006320953369140625,3.642368078231812,-7.27693510055542,55,11
0.009881019592285156,3.652249097824097,-7.168243885040283,55,11
0.00878596305847168,3.661035060882568,-7.071598291397095,55,11
0.008250951766967773,3.669286012649536,-6.980837821960449,55,11
0.005903005599975586,3.675189018249512,-6.915904760360718,55,11
0.005872964859008789,3.681061983108521,-6.851302146911621,55,11
0.01073312759399414,3.691795110702515,-6.733237743377686,55,11
0.01041197776794434,3.702207088470459,-6.618705987930298,55,11
0.009566068649291992,3.711773157119751,-6.513479232788086,55,11
0.007723808288574219,3.719496965408325,-6.42851734161377,55,11
0.003954172134399414,3.723451137542725,-6.385021448135376,55,11
0.006511926651000977,3.729963064193726,-6.313390254974365,55,11
0.005618095397949219,3.735581159591675,-6.251591205596924,55,11
0.005578994750976563,3.741160154342651,-6.184643268585205,56,12
0.007612943649291992,3.748773097991943,-6.100900888442993,55,11
0.005537986755371094,3.754311084747314,-6.03444504737854,56,12
0.006669044494628906,3.760980129241943,-5.954416513442993,56,12
0.01060891151428223,3.771589040756226,-5.827109575271606,56,12
0.007567882537841797,3.779156923294067,-5.736294984817505,56,12
0.007323026657104492,3.786479949951172,-5.655741691589355,55,11
0.005717039108276367,3.792196989059448,-5.592854261398315,55,11
0.007086992263793945,3.799283981323242,-5.514897346496582,55,11
0.004040956497192383,3.803324937820435,-5.470446825027466,55,11
0.005988121032714844,3.809313058853149,-5.404577493667603,55,11
0.00609588623046875,3.815408945083618,-5.337522745132446,55,11
0.006121158599853516,3.821530103683472,-5.270190000534058,55,11
0.01012086868286133,3.831650972366333,-5.158860445022583,55,11
0.007737159729003906,3.839388132095337,-5.07375168800354,55,11
0.006116867065429688,3.845504999160767,-5.012583017349243,54,10
0.006083011627197266,3.851588010787964,-4.951752901077271,54,10
0.01040005683898926,3.861988067626953,-4.837352275848389,55,11
0.005380868911743164,3.867368936538696,-4.783543586730957,54,10
0.005839109420776367,3.873208045959473,-4.725152492523193,54,10
0.006534099578857422,3.87974214553833,-4.659811496734619,54,10
0.007083892822265625,3.886826038360596,-4.588972568511963,54,10
0.006025075912475586,3.892851114273071,-4.528721809387207,54,10
0.006888866424560547,3.899739980697632,-4.459833145141602,54,10
0.006384134292602539,3.906124114990234,-4.395991802215576,54,10
0.006251811981201172,3.912375926971436,-4.333473682403564,54,10
0.007460117340087891,3.919836044311523,-4.258872509002686,54,10
0.008584022521972656,3.928420066833496,-4.181616306304932,53,9
0.003839015960693359,3.932259082794189,-4.147065162658691,53,9
0.006646871566772461,3.938905954360962,-4.087243318557739,53,9
0.004429101943969727,3.943335056304932,-4.047381401062012,53,9
0.006135940551757813,3.949470996856689,-3.992157936096191,53,9
0.007425069808959961,3.956896066665649,-3.925332307815552,53,9
0.005383968353271484,3.962280035018921,-3.88226056098938,52,8
0.006623029708862305,3.968903064727783,-3.829276323318481,52,8
0.01032400131225586,3.979227066040039,-3.746684312820435,52,8
0.00571894645690918,3.984946012496948,-3.700932741165161,52,8
0.007381916046142578,3.992327928543091,-3.641877412796021,52,8
0.008059024810791016,4.000386953353882,-3.577405214309692,52,8
0.009029150009155273,4.009416103363037,-3.514201164245605,51,7
0.004176855087280273,4.013592958450317,-3.484963178634644,51,7
0.00561213493347168,4.019205093383789,-3.445678234100342,51,7
0.00652003288269043,4.025725126266479,-3.400038003921509,51,7
0.006011009216308594,4.031736135482788,-3.357960939407349,51,7
0.007550954818725586,4.039287090301514,-3.30510425567627,51,7
0.006198883056640625,4.045485973358154,-3.267910957336426,50,6
0.005676031112670898,4.051162004470825,-3.2338547706604,50,6
0.006294965744018555,4.057456970214844,-3.202379941940308,49,5
0.00617218017578125,4.063629150390625,-3.171519041061401,49,5
0.006058931350708008,4.069688081741333,-3.141224384307861,49,5
0.006201982498168945,4.075890064239502,-3.110214471817017,49,5
0.01093697547912598,4.086827039718628,-3.066466569900513,48,4
0.005995988845825195,4.092823028564453,-3.042482614517212,48,4
0.006763935089111328,4.099586963653564,-3.015426874160767,48,4
0.007200002670288086,4.106786966323853,-2.986626863479614,48,4
0.007249116897583008,4.114036083221436,-2.964879512786865,47,3
0.008710861206054688,4.12274694442749,-2.938746929168701,47,3
0.006623983383178711,4.129370927810669,-2.918874979019165,47,3
0.006324052810668945,4.135694980621338,-2.899902820587158,47,3
0.01126694679260254,4.14696192741394,-2.877368927001953,46,2
0.006450176239013672,4.153412103652954,-2.864468574523926,46,2
0.007710933685302734,4.161123037338257,-2.84904670715332,46,2
0.004961967468261719,4.166085004806519,-2.844084739685059,45,1
0.00602412223815918,4.172109127044678,-2.838060617446899,45,1
0.0073699951171875,4.179479122161865,-2.830690622329712,45,1
0.0069580078125,4.186437129974365,-2.830690622329712,44,0
0.004587888717651367,4.191025018692017,-2.830690622329712,44,0
0.004957914352416992,4.195982933044434,-2.830690622329712,44,0
0.006428003311157227,4.202410936355591,-2.830690622329712,44,0
0.007243156433105469,4.209654092788696,-2.830690622329712,44,0
0.006455898284912109,4.216109991073608,-2.830690622329712,44,0
0.005995988845825195,4.222105979919434,-2.836686611175537,43,-1
0.004755020141601563,4.226861000061035,-2.841441631317139,43,-1
0.005416154861450195,4.232277154922485,-2.846857786178589,43,-1
0.007204771041870117,4.239481925964355,-2.854062557220459,43,-1
0.007643222808837891,4.247125148773193,-2.861705780029297,43,-1
0.005712985992431641,4.252838134765625,-2.867418766021729,43,-1
0.009328842163085938,4.262166976928711,-2.8860764503479,42,-2
0.009073972702026367,4.271240949630737,-2.895150423049927,43,-1
0.005770206451416016,4.277011156082153,-2.906690835952759,42,-2
0.005023956298828125,4.282035112380981,-2.916738748550415,42,-2
0.006731986999511719,4.288767099380493,-2.930202722549438,42,-2
0.004703998565673828,4.293471097946167,-2.939610719680786,42,-2
0.00786900520324707,4.301340103149414,-2.963217735290527,41,-3
0.005700826644897461,4.307040929794312,-2.98032021522522,41,-3
0.006335020065307617,4.313375949859619,-2.999325275421143,41,-3
0.007038116455078125,4.320414066314697,-3.020439624786377,41,-3
0.006490945816040039,4.326905012130737,-3.039912462234497,41,-3
0.005114078521728516,4.332019090652466,-3.060368776321411,40,-4
0.007140874862670898,4.339159965515137,-3.088932275772095,40,-4
0.004063129425048828,4.343223094940186,-3.10518479347229,40,-4
0.00701594352722168,4.350239038467407,-3.133248567581177,40,-4
0.005688905715942383,4.35592794418335,-3.161693096160889,39,-5
0.009252071380615234,4.365180015563965,-3.207953453063965,39,-5
0.006643056869506836,4.371823072433472,-3.241168737411499,39,-5
0.009037017822265625,4.380860090255737,-3.286353826522827,39,-5
0.006111860275268555,4.386971950531006,-3.31691312789917,39,-5
0.006637096405029297,4.393609046936035,-3.356735706329346,38,-6
0.006669044494628906,4.400278091430664,-3.396749973297119,38,-6
0.006616830825805664,4.40689492225647,-3.436450958251953,38,-6
0.005958080291748047,4.412853002548218,-3.472199440002441,38,-6
0.006906986236572266,4.41975998878479,-3.513641357421875,38,-6
0.006479978561401367,4.426239967346191,-3.559001207351685,37,-7
0.004752159118652344,4.430992126464844,-3.587514162063599,38,-6
0.006217002868652344,4.437209129333496,-3.631033182144165,37,-7
0.006024837493896484,4.443233966827393,-3.67320704460144,37,-7
0.007761001586914063,4.450994968414307,-3.727534055709839,37,-7
0.007441997528076172,4.458436965942383,-3.787070035934448,36,-8
0.005727052688598633,4.464164018630981,-3.832886457443237,36,-8
0.007123947143554688,4.471287965774536,-3.889878034591675,36,-8
0.007764101028442383,4.479052066802979,-3.951990842819214,36,-8
0.005265951156616211,4.484318017959595,-3.994118452072144,36,-8
0.005641937255859375,4.489959955215454,-4.039253950119019,36,-8
0.006064176559448242,4.496024131774902,-4.087767362594604,36,-8
0.006007909774780273,4.502032041549683,-4.135830640792847,36,-8
0.007252931594848633,4.509284973144531,-4.193854093551636,36,-8
0.003663063049316406,4.512948036193848,-4.226821660995483,35,-9
0.006567001342773438,4.519515037536621,-4.285924673080444,35,-9
0.005995035171508789,4.52551007270813,-4.339879989624023,35,-9
0.005652904510498047,4.531162977218628,-4.390756130218506,35,-9
0.006237983703613281,4.537400960922241,-4.446897983551025,35,-9
0.005742073059082031,4.543143033981323,-4.498576641082764,35,-9
0.008479118347167969,4.551622152328491,-4.574888706207275,35,-9
0.007592916488647461,4.559215068817139,-4.643224954605103,35,-9
0.005929946899414063,4.565145015716553,-4.696594476699829,35,-9
0.008108139038085938,4.573253154754639,-4.769567728042603,35,-9
0.006587982177734375,4.579841136932373,-4.828859567642212,35,-9
0.006433963775634766,4.586275100708008,-4.886765241622925,35,-9
0.005928993225097656,4.592204093933105,-4.940126180648804,35,-9
0.006990909576416016,4.599195003509521,-5.003044366836548,35,-9
0.006791114807128906,4.60598611831665,-5.070955514907837,34,-10
0.006244897842407227,4.612231016159058,-5.133404493331909,34,-10
0.007050037384033203,4.619281053543091,-5.196854829788208,35,-9
0.003834962844848633,4.623116016387939,-5.231369495391846,35,-9
0.006030082702636719,4.629146099090576,-5.285640239715576,35,-9
0.00603795051574707,4.635184049606323,-5.3399817943573,35,-9
0.006664037704467773,4.641848087310791,-5.39995813369751,35,-9
0.007591962814331055,4.649440050125122,-5.468285799026489,35,-9
0.006793022155761719,4.656233072280884,-5.529422998428345,35,-9
0.006859064102172852,4.663092136383057,-5.5911545753479,35,-9
0.006901979446411133,4.669994115829468,-5.653272390365601,35,-9
0.00693202018737793,4.676926136016846,-5.715660572052002,35,-9
0.006657838821411133,4.683583974838257,-5.775581121444702,35,-9
0.006780147552490234,4.690364122390747,-5.836602449417114,35,-9
0.005889892578125,4.696254014968872,-5.889611482620239,35,-9
0.006463050842285156,4.702717065811157,-5.947778940200806,35,-9
0.006564855575561523,4.709281921386719,-6.006862640380859,35,-9
0.004349231719970703,4.713631153106689,-6.046005725860596,35,-9
0.005874872207641602,4.719506025314331,-6.09887957572937,35,-9
0.005813121795654297,4.725319147109985,-6.151197671890259,35,-9
0.005684852600097656,4.731003999710083,-6.202361345291138,35,-9
0.005229949951171875,4.736233949661255,-6.249430894851685,35,-9
0.006779193878173828,4.743013143539429,-6.310443639755249,35,-9
0.006580829620361328,4.74959397315979,-6.369671106338501,35,-9
0.006389141082763672,4.755983114242554,-6.427173376083374,35,-9
0.006086826324462891,4.762069940567017,-6.48195481300354,35,-9
0.007296085357666016,4.769366025924683,-6.547619581222534,35,-9
0.003844022750854492,4.773210048675537,-6.57837176322937,36,-8
0.005912065505981445,4.779122114181519,-6.625668287277222,36,-8
0.005216836929321289,4.78433895111084,-6.667402982711792,36,-8
0.00555419921875,4.78989315032959,-6.711836576461792,36,-8
0.006960868835449219,4.796854019165039,-6.767523527145386,36,-8
0.007215023040771484,4.804069042205811,-6.818028688430786,37,-7
0.006890058517456055,4.810959100723267,-6.866259098052979,37,-7
0.00626683235168457,4.817225933074951,-6.910126924514771,37,-7
0.006464004516601563,4.823689937591553,-6.961838960647583,36,-8
0.007266998291015625,4.830956935882568,-7.012707948684692,37,-7
0.005114078521728516,4.836071014404297,-7.048506498336792,37,-7
0.005764961242675781,4.841835975646973,-7.088861227035522,37,-7
0.007318973541259766,4.849154949188232,-7.140094041824341,37,-7
0.003874063491821289,4.853029012680054,-7.16721248626709,37,-7
0.006735086441040039,4.859764099121094,-7.21435809135437,37,-7
0.005287885665893555,4.865051984786987,-7.251373291015625,37,-7
0.005942106246948242,4.870994091033936,-7.292968034744263,37,-7
0.005827903747558594,4.876821994781494,-7.333763360977173,37,-7
0.006757020950317383,4.883579015731812,-7.381062507629395,37,-7
0.005537986755371094,4.889117002487183,-7.419828414916992,37,-7
0.006067991256713867,4.895184993743896,-7.462304353713989,37,-7
0.005063056945800781,4.900248050689697,-7.497745752334595,37,-7
0.005449056625366211,4.905697107315063,-7.535889148712158,37,-7
0.005800962448120117,4.911498069763184,-7.576495885848999,37,-7
0.005821943283081055,4.917320013046265,-7.617249488830566,37,-7
0.005114078521728516,4.922434091567993,-7.647933959960938,38,-6
0.007200956344604492,4.929635047912598,-7.691139698028564,38,-6
0.006673097610473633,4.936308145523071,-7.731178283691406,38,-6
0.007280826568603516,4.943588972091675,-7.774863243103027,38,-6
0.00811314582824707,4.951702117919922,-7.82354211807251,38,-6
0.007419824600219727,4.959121942520142,-7.860641241073608,39,-5
0.005354166030883789,4.964476108551025,-7.887412071228027,39,-5
0.01035094261169434,4.97482705116272,-7.939166784286499,39,-5
0.006304025650024414,4.981131076812744,-7.970686912536621,39,-5
0.007787942886352539,4.988919019699097,-8.001838684082031,40,-4
0.005087137222290039,4.994006156921387,-8.022187232971191,40,-4
0.006939888000488281,5.000946044921875,-8.049946784973145,40,-4
0.006190061569213867,5.007136106491089,-8.07470703125,40,-4
0.00584101676940918,5.012977123260498,-8.098071098327637,40,-4
0.007012844085693359,5.019989967346191,-8.12612247467041,40,-4
0.006323099136352539,5.026313066482544,-8.15141487121582,40,-4
0.006548881530761719,5.032861948013306,-8.171061515808105,41,-3
0.006951093673706055,5.039813041687012,-8.191914796829224,41,-3
0.006978034973144531,5.046791076660156,-8.212848901748657,41,-3
0.006223917007446289,5.053014993667603,-8.22529673576355,42,-2
0.006034135818481445,5.059049129486084,-8.237365007400513,42,-2
0.004237890243530273,5.063287019729614,-8.245840787887573,42,-2
0.008762121200561523,5.072049140930176,-8.254602909088135,43,-1
0.003944873809814453,5.07599401473999,-8.258547782897949,43,-1
0.008077144622802734,5.084071159362793,-8.266624927520752,43,-1
0.005293846130371094,5.089365005493164,-8.271918773651123,43,-1
0.006196022033691406,5.095561027526855,-8.278114795684814,43,-1
0.005865097045898438,5.101426124572754,-8.283979892730713,43,-1
0.007030963897705078,5.108457088470459,-8.291010856628418,43,-1
0.004935979843139648,5.113393068313599,-8.291010856628418,44,0
0.007651090621948242,5.121044158935547,-8.291010856628418,44,0
0.006129980087280273,5.127174139022827,-8.291010856628418,44,0
0.006346940994262695,5.13352108001709,-8.291010856628418,44,0
0.005465984344482422,5.138987064361572,-8.291010856628418,44,0
0.005362987518310547,5.144350051879883,-8.291010856628418,44,0
0.005430936813354492,5.149780988693237,-8.291010856628418,44,0
0.005993127822875977,5.155774116516113,-8.285017728805542,45,1
0.005836963653564453,5.161611080169678,-8.279180765151978,45,1
0.005729913711547852,5.167340993881226,-8.27345085144043,45,1
0.006104946136474609,5.1734459400177,-8.267345905303955,45,1
0.006550073623657227,5.179996013641357,-8.260795831680298,45,1
0.006003141403198242,5.185999155044556,-8.248789548873901,46,2
0.006206989288330078,5.192206144332886,-8.236375570297241,46,2
0.004902839660644531,5.19710898399353,-8.226569890975952,46,2
0.00569605827331543,5.202805042266846,-8.215177774429321,46,2
0.006380081176757813,5.209185123443604,-8.202417612075806,46,2
0.006217002868652344,5.215402126312256,-8.183766603469849,47,3
0.005954980850219727,5.221357107162476,-8.165901660919189,47,3
0.008245944976806641,5.229603052139282,-8.14116382598877,47,3
0.006376028060913086,5.235979080200195,-8.115659713745117,48,4
0.006064891815185547,5.242043972015381,-8.091400146484375,48,4
0.006913185119628906,5.24895715713501,-8.063747406005859,48,4
0.003899812698364258,5.252856969833374,-8.048148155212402,48,4
0.006266117095947266,5.259123086929321,-8.023083686828613,48,4
0.005795001983642578,5.264918088912964,-7.9941086769104,49,5
0.006741046905517578,5.271659135818481,-7.960403442382813,49,5
0.005173921585083008,5.276833057403564,-7.934533834457397,49,5
0.006522893905639648,5.283355951309204,-7.89539647102356,50,6
0.00667119026184082,5.290027141571045,-7.855369329452515,50,6
0.00688481330871582,5.296911954879761,-7.81406044960022,50,6
0.007060050964355469,5.303972005844116,-7.771700143814087,50,6
0.006046056747436523,5.310018062591553,-7.729377746582031,51,7
0.005878925323486328,5.315896987915039,-7.688225269317627,51,7
0.005172967910766602,5.321069955825806,-7.652014493942261,51,7
0.006294012069702148,5.327363967895508,-7.607956409454346,51,7
0.005763053894042969,5.333127021789551,-7.567615032196045,51,7
0.00768589973449707,5.340812921524048,-7.513813734054565,51,7
0.004945039749145508,5.345757961273193,-7.474253416061401,52,8
0.005742073059082031,5.351500034332275,-7.434058904647827,51,7
0.005758047103881836,5.357258081436157,-7.387994527816772,52,8
0.005739927291870117,5.362998008728027,-7.342075109481812,52,8
0.006672143936157227,5.369670152664185,-7.288697957992554,52,8
0.007782936096191406,5.377453088760376,-7.226434469223022,52,8
0.004258871078491211,5.381711959838867,-7.188104629516602,53,9
0.005647182464599609,5.387359142303467,-7.137279987335205,53,9
0.006068944931030273,5.393428087234497,-7.082659482955933,53,9
0.006223917007446289,5.399652004241943,-7.026644229888916,53,9
0.006286144256591797,5.405938148498535,-6.97006893157959,53,9
0.005481958389282227,5.411420106887817,-6.92073130607605,53,9
0.005671024322509766,5.417091131210327,-6.869692087173462,53,9
0.006146907806396484,5.423238039016724,-6.814369916915894,53,9
0.007694005966186523,5.43093204498291,-6.745123863220215,53,9
0.006575107574462891,5.437507152557373,-6.679372787475586,54,10
0.006794929504394531,5.444302082061768,-6.611423492431641,54,10
0.006615877151489258,5.450917959213257,-6.545264720916748,54,10
0.006121158599853516,5.45703911781311,-6.484053134918213,54,10
0.006969928741455078,5.464009046554565,-6.414353847503662,54,10
0.00752711296081543,5.471536159515381,-6.331555604934692,55,11
0.0078887939453125,5.479424953460693,-6.244778871536255,55,11
0.003673076629638672,5.483098030090332,-6.204375028610229,55,11
0.006187915802001953,5.489285945892334,-6.136307954788208,55,11
0.006187200546264648,5.495473146438599,-6.068248748779297,55,11
0.005529880523681641,5.50100302696228,-6.007420063018799,55,11
0.005908966064453125,5.506911993026733,-5.942421436309814,55,11
0.006353139877319336,5.513265132904053,-5.872536897659302,55,11
0.006694793701171875,5.519959926605225,-5.798894166946411,55,11
0.006122112274169922,5.526082038879395,-5.731550931930542,55,11
0.006292104721069336,5.532374143600464,-5.662337779998779,55,11
0.004712820053100586,5.537086963653564,-5.610496759414673,55,11
0.006066083908081055,5.543153047561646,-5.543769836425781,55,11
0.006170034408569336,5.549323081970215,-5.475899457931519,55,11
0.005693912506103516,5.555016994476318,-5.41326642036438,55,11
0.005810976028442383,5.560827970504761,-5.349345684051514,55,11
0.006311178207397461,5.567139148712158,-5.279922723770142,55,11
0.00591588020324707,5.573055028915405,-5.214848041534424,55,11
0.008997917175292969,5.582052946090698,-5.115870952606201,55,11
0.007299184799194336,5.589352130889893,-5.028280735015869,56,12
0.007526874542236328,5.596879005432129,-4.937958240509033,56,12
0.005970001220703125,5.602849006652832,-4.866318225860596,56,12
0.006937980651855469,5.609786987304688,-4.790000438690186,55,11
0.006689071655273438,5.616476058959961,-4.716420650482178,55,11
0.007168054580688477,5.623644113540649,-4.637572050094604,55,11
0.007946968078613281,5.631591081619263,-4.550155401229858,55,11
0.01012301445007324,5.641714096069336,-4.438802242279053,55,11
0.008672952651977539,5.650387048721313,-4.3433997631073,55,11
0.006539106369018555,5.656926155090332,-4.271469593048096,55,11
0.007372856140136719,5.664299011230469,-4.190368175506592,55,11
0.0055389404296875,5.669837951660156,-4.129439830780029,55,11
0.005010128021240234,5.674848079681396,-4.074328422546387,55,11
0.006074905395507813,5.680922985076904,-4.007504463195801,55,11
0.008422136306762695,5.689345121383667,-3.914860963821411,55,11
0.003647804260253906,5.692992925643921,-3.874735116958618,55,11
0.006121158599853516,5.699114084243774,-3.807402372360229,55,11
0.005616903305053711,5.704730987548828,-3.745616436004639,55,11
0.007322072982788086,5.712053060531616,-3.66507363319397,55,11
0.007763862609863281,5.719816923141479,-3.587435007095337,54,10
0.004204034805297852,5.724020957946777,-3.545394659042358,54,10
0.005722999572753906,5.729743957519531,-3.488164663314819,54,10
0.01021099090576172,5.739954948425293,-3.386054754257202,54,10
0.00728917121887207,5.747244119644165,-3.313163042068481,54,10
0.006258010864257813,5.753502130508423,-3.256840944290161,53,9
0.006916999816894531,5.760419130325317,-3.19458794593811,53,9
0.005591869354248047,5.766010999679565,-3.144261121749878,53,9
0.005869150161743164,5.771880149841309,-3.091438770294189,53,9
0.008521795272827148,5.780401945114136,-3.023264408111572,52,8
0.005566120147705078,5.785968065261841,-2.978735446929932,52,8
0.006464958190917969,5.792433023452759,-2.927015781402588,52,8
0.007415056228637695,5.799848079681396,-2.867695331573486,52,8
0.00728297233581543,5.807131052017212,-2.809431552886963,52,8
0.005655050277709961,5.812786102294922,-2.764191150665283,52,8
0.007652044296264648,5.820438146591187,-2.702974796295166,52,8
0.005536794662475586,5.825974941253662,-2.658680438995361,52,8
0.006381988525390625,5.832356929779053,-2.607624530792236,52,8
0.009072065353393555,5.841428995132446,-2.544120073318481,51,7
0.007643938064575195,5.849072933197021,-2.490612506866455,51,7
0.006744146347045898,5.855817079544067,-2.443403482437134,51,7
0.006618022918701172,5.862435102462769,-2.397077322006226,51,7
0.006883859634399414,5.869318962097168,-2.34889030456543,51,7
0.004139184951782227,5.87345814704895,-2.324055194854736,50,6
0.005831003189086914,5.879289150238037,-2.289069175720215,50,6
0.006589889526367188,5.885879039764404,-2.249529838562012,50,6
0.01057696342468262,5.896456003189087,-2.186068058013916,50,6
0.004688024520874023,5.901144027709961,-2.162627935409546,49,5
0.005846977233886719,5.906991004943848,-2.133393049240112,49,5
0.006132125854492188,5.91312313079834,-2.102732419967651,49,5
0.009034872055053711,5.922158002853394,-2.057558059692383,49,5
0.006782054901123047,5.928940057754517,-2.030429840087891,48,4
0.004270076751708984,5.933210134506226,-2.013349533081055,48,4
0.007233858108520508,5.940443992614746,-1.984414100646973,48,4
0.005589962005615234,5.946033954620361,-1.967644214630127,47,3
0.005526065826416016,5.951560020446777,-1.951066017150879,47,3
0.007863998413085938,5.959424018859863,-1.927474021911621,47,3
0.003819942474365234,5.963243961334229,-1.916014194488525,47,3
0.00617218017578125,5.96941614151001,-1.903669834136963,46,2
0.006305932998657227,5.975722074508667,-1.891057968139648,46,2
0.007536888122558594,5.983258962631226,-1.875984191894531,46,2
0.006530046463012695,5.989789009094238,-1.862924098968506,46,2
0.007240056991577148,5.997029066085815,-1.855684041976929,45,1
0.006600856781005859,6.003629922866821,-1.849083185195923,45,1
0.005281209945678711,6.0089111328125,-1.843801975250244,45,1
0.005550861358642578,6.014461994171143,-1.843801975250244,44,0
0.00515294075012207,6.019614934921265,-1.843801975250244,44,0
0.006468057632446289,6.026082992553711,-1.843801975250244,44,0
0.007212162017822266,6.033295154571533,-1.843801975250244,44,0
0.00910186767578125,6.042397022247314,-1.843801975250244,44,0
0.007136106491088867,6.049533128738403,-1.843801975250244,44,0
0.003894805908203125,6.053427934646606,-1.843801975250244,44,0
0.006133079528808594,6.059561014175415,-1.849935054779053,43,-1
0.006907939910888672,6.066468954086304,-1.856842994689941,43,-1
0.006345033645629883,6.072813987731934,-1.863188028335571,43,-1
0.007003068923950195,6.079817056655884,-1.870191097259521,43,-1
0.007126092910766602,6.08694314956665,-1.877317190170288,43,-1
0.0089569091796875,6.095900058746338,-1.895231008529663,42,-2
0.00591588020324707,6.101815938949585,-1.907062768936157,42,-2
0.008073091506958008,6.109889030456543,-1.923208951950073,42,-2
0.003214120864868164,6.113103151321411,-1.92963719367981,42,-2
0.00656890869140625,6.119672060012817,-1.942775011062622,42,-2
0.006120920181274414,6.125792980194092,-1.961137771606445,41,-3
0.007354974746704102,6.133147954940796,-1.983202695846558,41,-3
0.006231069564819336,6.139379024505615,-2.001895904541016,41,-3
0.007750988006591797,6.147130012512207,-2.025148868560791,41,-3
0.005967140197753906,6.153097152709961,-2.043050289154053,41,-3
0.006173849105834961,6.159271001815796,-2.061571836471558,41,-3
0.006199121475219727,6.165470123291016,-2.086368322372437,40,-4
0.007903814315795898,6.173373937606812,-2.11798357963562,40,-4
0.005981206893920898,6.179355144500732,-2.141908407211304,40,-4
0.006665945053100586,6.186021089553833,-2.168572187423706,40,-4
0.005843877792358398,6.191864967346191,-2.19194769859314,40,-4
0.007584095001220703,6.199449062347412,-2.229868173599243,39,-5
0.005969047546386719,6.205418109893799,-2.259713411331177,39,-5
0.006640911102294922,6.212059020996094,-2.292917966842651,39,-5
0.007618904113769531,6.219677925109863,-2.331012487411499,39,-5
0.006286144256591797,6.225964069366455,-2.362443208694458,39,-5
0.006208896636962891,6.232172966003418,-2.399696588516235,38,-6
0.007001161575317383,6.239174127578735,-2.44170355796814,38,-6
0.003868818283081055,6.243042945861816,-2.464916467666626,38,-6
0.006486177444458008,6.249529123306274,-2.503833532333374,38,-6
0.005985021591186523,6.255514144897461,-2.539743661880493,38,-6
0.005536794662475586,6.261050939559937,-2.572964429855347,38,-6
0.006444215774536133,6.267495155334473,-2.6180739402771,37,-7
0.007375001907348633,6.274870157241821,-2.66969895362854,37,-7
0.006264925003051758,6.281135082244873,-2.713553428649902,37,-7
0.007776975631713867,6.288912057876587,-2.775769233703613,36,-8
0.002907991409301758,6.291820049285889,-2.799033164978027,36,-8
0.009299993515014648,6.301120042800903,-2.873433113098145,36,-8
0.007662057876586914,6.30878210067749,-2.93472957611084,36,-8
0.006074905395507813,6.314857006072998,-2.983328819274902,36,-8
0.004791975021362305,6.31964898109436,-3.021664619445801,36,-8
0.00562596321105957,6.32527494430542,-3.066672325134277,36,-8
0.005838155746459961,6.33111310005188,-3.113377571105957,36,-8
0.007911920547485352,6.339025020599365,-3.184584856033325,35,-9
0.006741046905517578,6.345766067504883,-3.245254278182983,35,-9
0.00638890266418457,6.352154970169067,-3.302754402160645,35,-9
0.007040023803710938,6.359194993972778,-3.366114616394043,35,-9
0.004055023193359375,6.363250017166138,-3.402609825134277,35,-9
0.006585121154785156,6.369835138320923,-3.461875915527344,35,-9
0.005844831466674805,6.375679969787598,-3.514479398727417,35,-9
0.005752086639404297,6.381432056427002,-3.566248178482056,35,-9
0.007525920867919922,6.388957977294922,-3.641507387161255,34,-10
0.006289958953857422,6.395247936248779,-3.704406976699829,34,-10
0.008315086364746094,6.403563022613525,-3.78755784034729,34,-10
0.004909038543701172,6.408472061157227,-3.836648225784302,34,-10
0.004936933517456055,6.413408994674683,-3.886017560958862,34,-10
0.005732059478759766,6.419141054153442,-3.94333815574646,34,-10
0.01005792617797852,6.429198980331421,-4.043917417526245,34,-10
0.009884119033813477,6.439083099365234,-4.14275860786438,34,-10
0.005168914794921875,6.444252014160156,-4.194447755813599,34,-10
0.006576061248779297,6.450828075408936,-4.260208368301392,34,-10
0.005879878997802734,6.456707954406738,-4.319007158279419,34,-10
0.00528717041015625,6.461995124816895,-4.371878862380981,34,-10
0.007567882537841797,6.469563007354736,-4.447557687759399,34,-10
0.01034808158874512,6.479911088943481,-4.551038503646851,34,-10
0.007046937942504883,6.486958026885986,-4.621507883071899,34,-10
0.005129098892211914,6.492087125778198,-4.672798871994019,34,-10
0.008988857269287109,6.501075983047485,-4.771676301956177,33,-11
0.007647037506103516,6.508723020553589,-4.855793714523315,33,-11
0.00710296630859375,6.515825986862183,-4.94102931022644,32,-12
0.01002717018127441,6.525853157043457,-5.061355352401733,32,-12
0.007665872573852539,6.53351902961731,-5.145679950714111,33,-11
0.006225109100341797,6.539744138717651,-5.214156150817871,33,-11
0.006194829940795898,6.545938968658447,-5.282299280166626,33,-11
0.006222009658813477,6.552160978317261,-5.350741386413574,33,-11
0.004891157150268555,6.557052135467529,-5.404544115066528,33,-11
0.006022930145263672,6.563075065612793,-5.470796346664429,33,-11
0.009001970291137695,6.572077035903931,-5.569818019866943,33,-11
0.009396076202392578,6.581473112106323,-5.673174858093262,33,-11
0.005321979522705078,6.586795091629028,-5.731716632843018,33,-11
0.005189895629882813,6.591984987258911,-5.788805484771729,33,-11
0.006880998611450195,6.598865985870361,-5.85761547088623,34,-10
0.01072907447814941,6.609595060348511,-5.964906215667725,34,-10
0.007292032241821289,6.616887092590332,-6.037826538085938,34,-10
0.006320953369140625,6.623208045959473,-6.101036071777344,34,-10
0.007946014404296875,6.63115406036377,-6.180496215820313,34,-10
0.005811929702758789,6.636965990066528,-6.2386155128479,34,-10
0.00993800163269043,6.646903991699219,-6.337995529174805,34,-10
0.004986047744750977,6.65189003944397,-6.387856006622314,34,-10
0.00780797004699707,6.659698009490967,-6.465935707092285,34,-10
0.005222082138061523,6.664920091629028,-6.512934446334839,35,-9
0.007354021072387695,6.672274112701416,-6.579120635986328,35,-9
0.007666826248168945,6.679940938949585,-6.648122072219849,35,-9
0.006531000137329102,6.686471939086914,-6.706901073455811,35,-9
0.006399154663085938,6.69287109375,-6.764493465423584,35,-9
0.008424043655395508,6.701295137405396,-6.840309858322144,35,-9
0.007841825485229492,6.709136962890625,-6.910886287689209,35,-9
0.0064849853515625,6.715621948242188,-6.962766170501709,36,-8
0.008635997772216797,6.724257946014404,-7.031854152679443,36,-8
0.006632089614868164,6.730890035629272,-7.084910869598389,36,-8
0.006963968276977539,6.73785400390625,-7.140622615814209,36,-8
0.007404088973999023,6.745258092880249,-7.199855327606201,36,-8
0.0115809440612793,6.756839036941528,-7.280921936035156,37,-7
0.006186962127685547,6.763025999069214,-7.324230670928955,37,-7
0.006864070892333984,6.769890069961548,-7.365415096282959,38,-6
0.006201982498168945,6.776092052459717,-7.402626991271973,38,-6
0.005784988403320313,6.781877040863037,-7.437336921691895,38,-6
0.007594108581542969,6.78947114944458,-7.482901573181152,38,-6
0.003409862518310547,6.792881011962891,-7.503360748291016,38,-6
0.006892919540405273,6.799773931503296,-7.537825345993042,39,-5
0.008125066757202148,6.807898998260498,-7.578450679779053,39,-5
0.003999948501586914,6.811898946762085,-7.598450422286987,39,-5
0.006097078323364258,6.817996025085449,-7.622838735580444,40,-4
0.005459070205688477,6.823455095291138,-7.644675016403198,40,-4
0.005797863006591797,6.829252958297729,-7.667866468429565,40,-4
0.008218050003051758,6.837471008300781,-7.692520618438721,41,-3
0.007843971252441406,6.845314979553223,-7.716052532196045,41,-3
0.007162094116210938,6.852477073669434,-7.737538814544678,41,-3
0.004318952560424805,6.856796026229858,-7.750495672225952,41,-3
0.006398916244506836,6.863194942474365,-7.763293504714966,42,-2
0.006357192993164063,6.869552135467529,-7.776007890701294,42,-2
0.01170492172241211,6.881257057189941,-7.799417734146118,42,-2
0.004494905471801758,6.885751962661743,-7.80391263961792,43,-1
0.00568699836730957,6.891438961029053,-7.809599637985229,43,-1
0.005804061889648438,6.897243022918701,-7.815403699874878,43,-1
0.005984067916870117,6.903227090835571,-7.821387767791748,43,-1
0.005918979644775391,6.909146070480347,-7.827306747436523,43,-1
0.006747961044311523,6.915894031524658,-7.827306747436523,44,0
0.006495952606201172,6.922389984130859,-7.827306747436523,44,0
0.0072021484375,6.929592132568359,-7.827306747436523,44,0
0.003899812698364258,6.933491945266724,-7.827306747436523,44,0
0.007608175277709961,6.941100120544434,-7.827306747436523,44,0
0.008118867874145508,6.949218988418579,-7.819187879562378,45,1
0.005233049392700195,6.954452037811279,-7.813954830169678,45,1
0.007589101791381836,6.962041139602661,-7.798776626586914,46,2
0.003914833068847656,6.965955972671509,-7.790946960449219,46,2
0.005354166030883789,6.971310138702393,-7.780238628387451,46,2
0.01826882362365723,6.98957896232605,-7.725432157516479,47,3
0.004101037979125977,6.993680000305176,-7.713129043579102,47,3
0.005631923675537109,6.999311923980713,-7.69623327255249,47,3
0.006307125091552734,7.005619049072266,-7.671004772186279,48,4
0.006213903427124023,7.01183295249939,-7.646149158477783,48,4
0.007871150970458984,7.019704103469849,-7.614664554595947,48,4
0.00960993766784668,7.029314041137695,-7.566614866256714,49,5
0.00712895393371582,7.036442995071411,-7.530970096588135,49,5
0.00851893424987793,7.044961929321289,-7.479856491088867,50,6
0.006849050521850586,7.05181097984314,-7.438762187957764,50,6
0.005013942718505859,7.056824922561646,-7.403664588928223,51,7
0.005208015441894531,7.06203293800354,-7.367208480834961,51,7
0.007185220718383789,7.069218158721924,-7.309726715087891,52,8
0.006088972091674805,7.075307130813599,-7.261014938354492,52,8
0.005903959274291992,7.081211090087891,-7.213783264160156,52,8
0.008291959762573242,7.089503049850464,-7.139155626296997,53,9
0.006197929382324219,7.095700979232788,-7.083374261856079,53,9
0.006301164627075195,7.102002143859863,-7.026663780212402,53,9
0.00798487663269043,7.109987020492554,-6.954799890518188,53,9
0.0100250244140625,7.120012044906616,-6.854549646377563,54,10
0.007121086120605469,7.127133131027222,-6.783338785171509,54,10
0.007330894470214844,7.134464025497437,-6.71002984046936,54,10
0.009177923202514648,7.143641948699951,-6.618250608444214,54,10
0.009093999862670898,7.152735948562622,-6.518216609954834,55,11
0.008064985275268555,7.160800933837891,-6.421436786651611,56,12
0.006296157836914063,7.167097091674805,-6.352179050445557,55,11
0.006599903106689453,7.173696994781494,-6.272980213165283,56,12
0.006588935852050781,7.180285930633545,-6.193912982940674,56,12
0.004857063293457031,7.185142993927002,-6.135628223419189,56,12
0.005893945693969727,7.191036939620972,-6.059006929397583,57,13
0.00640106201171875,7.19743800163269,-5.975793123245239,57,13
0.005620956420898438,7.203058958053589,-5.90272068977356,57,13
0.006380081176757813,7.209439039230347,-5.819779634475708,57,13
0.006546974182128906,7.215986013412476,-5.741215944290161,56,12
0.007224082946777344,7.223210096359253,-5.654526948928833,56,12
0.006209850311279297,7.229419946670532,-5.580008745193481,56,12
0.00661015510559082,7.236030101776123,-5.500686883926392,56,12
0.008752822875976563,7.2447829246521,-5.395653009414673,56,12
0.00616908073425293,7.250952005386353,-5.321624040603638,56,12
0.005329132080078125,7.256281137466431,-5.2576744556427,56,12
0.005295991897583008,7.261577129364014,-5.194122552871704,56,12
0.006377935409545898,7.26795506477356,-5.111209392547607,57,13
0.006927967071533203,7.274883031845093,-5.021145820617676,57,13
0.006304025650024414,7.281187057495117,-4.939193487167358,57,13
0.007730960845947266,7.288918018341064,-4.838690996170044,57,13
0.006731033325195313,7.29564905166626,-4.751187562942505,57,13
0.01001405715942383,7.305663108825684,-4.631018877029419,56,12
0.0057220458984375,7.311385154724121,-4.562354326248169,56,12
0.009414911270141602,7.320800065994263,-4.44937539100647,56,12
0.008143901824951172,7.328943967819214,-4.351648569107056,56,12
0.007474184036254883,7.336418151855469,-4.261958360671997,56,12
0.006778955459594727,7.343197107315063,-4.18061089515686,56,12
0.006345033645629883,7.349542140960693,-4.104470491409302,56,12
0.006450891494750977,7.355993032455444,-4.02705979347229,56,12
0.006237983703613281,7.362231016159058,-3.952203989028931,56,12
0.007323980331420898,7.369554996490479,-3.86431622505188,56,12
0.003615140914916992,7.373170137405396,-3.820934534072876,56,12
0.006142854690551758,7.379312992095947,-3.747220277786255,56,12
0.007688999176025391,7.387001991271973,-3.662641286849976,55,11
0.004594087600708008,7.391596078872681,-3.612106323242188,55,11
0.00550389289855957,7.39709997177124,-3.551563501358032,55,11
0.006469964981079102,7.403569936752319,-3.480393886566162,55,11
0.005759000778198242,7.409328937530518,-3.42280387878418,54,10
0.006013154983520508,7.415342092514038,-3.362672328948975,54,10
0.005738019943237305,7.421080112457275,-3.305292129516602,54,10
0.006067991256713867,7.427148103713989,-3.244612216949463,54,10
0.006552934646606445,7.433701038360596,-3.185635805130005,53,9
0.006299018859863281,7.440000057220459,-3.128944635391235,53,9
0.005178928375244141,7.445178985595703,-3.082334280014038,53,9
0.005779027938842773,7.450958013534546,-3.030323028564453,53,9
0.004981040954589844,7.455939054489136,-2.990474700927734,52,8
0.005541086196899414,7.461480140686035,-2.946146011352539,52,8
0.005843877792358398,7.467324018478394,-2.899394989013672,52,8
0.005957126617431641,7.473281145095825,-2.851737976074219,52,8
0.006523847579956055,7.479804992675781,-2.79954719543457,52,8
0.009169101715087891,7.488974094390869,-2.726194381713867,52,8
0.002038002014160156,7.491012096405029,-2.711928367614746,51,7
0.005985021591186523,7.496997117996216,-2.67003321647644,51,7
0.005928993225097656,7.502926111221313,-2.628530263900757,51,7
0.00592494010925293,7.508851051330566,-2.587055683135986,51,7
0.004698038101196289,7.513549089431763,-2.554169416427612,51,7
0.006273984909057617,7.51982307434082,-2.516525506973267,50,6
0.007156848907470703,7.526979923248291,-2.473584413528442,50,6
0.004357099533081055,7.531337022781372,-2.447441816329956,50,6
0.00565791130065918,7.536994934082031,-2.41915225982666,49,5
0.006126165390014648,7.543121099472046,-2.388521432876587,49,5
0.006136894226074219,7.54925799369812,-2.357836961746216,49,5
0.005911111831665039,7.555169105529785,-2.334192514419556,48,4
0.006346940994262695,7.561516046524048,-2.308804750442505,48,4
0.007287979125976563,7.568804025650024,-2.286940813064575,47,3
0.005938053131103516,7.574742078781128,-2.269126653671265,47,3
0.005228042602539063,7.579970121383667,-2.253442525863647,47,3
0.005111932754516602,7.585082054138184,-2.238106727600098,47,3
0.007858991622924805,7.592941045761108,-2.222388744354248,46,2
0.00298309326171875,7.595924139022827,-2.216422557830811,46,2
0.005549907684326172,7.601474046707153,-2.205322742462158,46,2
0.005773067474365234,7.607247114181519,-2.193776607513428,46,2
0.006260871887207031,7.613507986068726,-2.187515735626221,45,1
0.01138997077941895,7.624897956848145,-2.176125764846802,45,1
0.006831169128417969,7.631729125976563,-2.176125764846802,44,0
0.004019975662231445,7.635749101638794,-2.17210578918457,45,1
0.005673885345458984,7.641422986984253,-2.17210578918457,44,0
0.005820989608764648,7.647243976593018,-2.17210578918457,44,0
0.006767034530639648,7.654011011123657,-2.17210578918457,44,0
0.007318973541259766,7.661329984664917,-2.17942476272583,43,-1
0.007876157760620117,7.669206142425537,-2.18730092048645,43,-1
0.006080865859985352,7.675287008285522,-2.193381786346436,43,-1
0.004270076751708984,7.679557085037231,-2.197651863098145,43,-1
0.01017498970031738,7.689732074737549,-2.207826852798462,43,-1
0.003505945205688477,7.693238019943237,-2.21133279800415,43,-1
0.007843017578125,7.701081037521362,-2.2270188331604,42,-2
0.004944086074829102,7.706025123596191,-2.236907005310059,42,-2
0.005601882934570313,7.711627006530762,-2.248110771179199,42,-2
0.008306026458740234,7.719933032989502,-2.26472282409668,42,-2
0.005594968795776367,7.725528001785278,-2.275912761688232,42,-2
0.007715940475463867,7.733243942260742,-2.29134464263916,42,-2
0.008154153823852539,7.741398096084595,-2.315807104110718,41,-3
0.009451866149902344,7.750849962234497,-2.344162702560425,41,-3
0.005608081817626953,7.756458044052124,-2.360986948013306,41,-3
0.00787806510925293,7.764336109161377,-2.384621143341064,41,-3
0.006974935531616211,7.771311044692993,-2.412520885467529,40,-4
0.005752086639404297,7.777063131332397,-2.435529232025146,40,-4
0.01114702224731445,7.788210153579712,-2.480117321014404,40,-4
0.005797863006591797,7.794008016586304,-2.503308773040771,40,-4
0.007430076599121094,7.801438093185425,-2.533029079437256,40,-4
0.004530906677246094,7.805968999862671,-2.555683612823486,39,-5
0.006107091903686523,7.812076091766357,-2.586219072341919,39,-5
0.007530927658081055,7.819607019424438,-2.623873710632324,39,-5
0.00598907470703125,7.82559609413147,-2.65381908416748,39,-5
0.005853891372680664,7.83144998550415,-2.683088541030884,39,-5
0.007745027542114258,7.839195013046265,-2.721813678741455,39,-5
0.006389141082763672,7.845584154129028,-2.760148525238037,38,-6
0.00638580322265625,7.851969957351685,-2.798463344573975,38,-6
0.005091190338134766,7.857061147689819,-2.829010486602783,38,-6
0.005994796752929688,7.863055944442749,-2.864979267120361,38,-6
0.00601506233215332,7.869071006774902,-2.901069641113281,38,-6
0.005975961685180664,7.875046968460083,-2.936925411224365,38,-6
0.005939006805419922,7.880985975265503,-2.972559452056885,38,-6
0.006142139434814453,7.887128114700317,-3.009412288665771,38,-6
0.006772994995117188,7.893901109695435,-3.050050258636475,38,-6
0.00733494758605957,7.901236057281494,-3.101394891738892,37,-7
0.01012206077575684,7.911358118057251,-3.172249317169189,37,-7
0.005946874618530273,7.917304992675781,-3.219824314117432,36,-8
0.006631135940551758,7.923936128616333,-3.272873401641846,36,-8
0.006953001022338867,7.930889129638672,-3.328497409820557,36,-8
0.005520820617675781,7.936409950256348,-3.372663974761963,36,-8
0.005506992340087891,7.941916942596436,-3.416719913482666,36,-8
0.007661104202270508,7.949578046798706,-3.47800874710083,36,-8
0.0074310302734375,7.957009077072144,-3.544888019561768,35,-9
0.005866050720214844,7.962875127792358,-3.591816425323486,36,-8
0.006978988647460938,7.969854116439819,-3.654627323150635,35,-9
0.009717941284179688,7.979572057723999,-3.742088794708252,35,-9
0.005793094635009766,7.985365152359009,-3.79422664642334,35,-9
0.006234884262084961,7.991600036621094,-3.850340604782104,35,-9
0.005670070648193359,7.997270107269287,-3.901371240615845,35,-9
0.006664037704467773,8.003934144973755,-3.961347579956055,35,-9
0.006383895874023438,8.010318040847778,-4.018802642822266,35,-9
0.006696939468383789,8.017014980316162,-4.07907509803772,35,-9
0.008831024169921875,8.025846004486084,-4.158554315567017,35,-9
0.008538007736206055,8.03438401222229,-4.235396385192871,35,-9
0.006649971008300781,8.041033983230591,-4.301896095275879,34,-10
0.01008796691894531,8.051121950149536,-4.402775764465332,34,-10
0.008500099182128906,8.059622049331665,-4.487776756286621,34,-10
0.007183074951171875,8.066805124282837,-4.55960750579834,34,-10
0.006064891815185547,8.072870016098022,-4.620256423950195,34,-10
0.004553079605102539,8.077423095703125,-4.665787220001221,34,-10
0.005816936492919922,8.083240032196045,-4.72395658493042,34,-10
0.006271123886108398,8.089511156082153,-4.786667823791504,34,-10
0.00592494010925293,8.095436096191406,-4.845917224884033,34,-10
0.005713939666748047,8.101150035858154,-4.903056621551514,34,-10
0.007626056671142578,8.108776092529297,-4.979317188262939,34,-10
0.005059003829956055,8.113835096359253,-5.0299072265625,34,-10
0.006415843963623047,8.120250940322876,-5.09406566619873,34,-10
0.005660057067871094,8.125910997390747,-5.150666236877441,34,-10
0.006103992462158203,8.132014989852905,-5.211706161499023,34,-10
0.00510096549987793,8.137115955352783,-5.262715816497803,34,-10
0.006124019622802734,8.143239974975586,-5.32395601272583,34,-10
0.006118059158325195,8.149358034133911,-5.385136604309082,34,-10
0.009571075439453125,8.158929109573364,-5.480847358703613,34,-10
0.006232976913452148,8.165162086486816,-5.549410104751587,33,-11
0.008157014846801758,8.173319101333618,-5.639137268066406,33,-11
0.006180047988891602,8.17949914932251,-5.707117795944214,33,-11
0.009569883346557617,8.189069032669067,-5.812386512756348,33,-11
0.006803035736083984,8.195872068405151,-5.887219905853271,33,-11
0.004562854766845703,8.200434923171997,-5.937411308288574,33,-11
0.006605148315429688,8.207040071487427,-6.003462791442871,34,-10
0.005159854888916016,8.212199926376343,-6.055061340332031,34,-10
0.006868124008178711,8.219068050384521,-6.123742580413818,34,-10
0.006268024444580078,8.225336074829102,-6.186422824859619,34,-10
0.006887912750244141,8.232223987579346,-6.255301952362061,34,-10
0.006948947906494141,8.23917293548584,-6.324791431427002,34,-10
0.004498004913330078,8.24367094039917,-6.369771480560303,34,-10
0.006638050079345703,8.250308990478516,-6.43615198135376,34,-10
0.008494138717651367,8.258803129196167,-6.521093368530273,34,-10
0.007942914962768555,8.266746044158936,-6.600522518157959,34,-10
0.006062030792236328,8.272808074951172,-6.661142826080322,34,-10
0.006941080093383789,8.279749155044556,-6.73055362701416,34,-10
0.006538867950439453,8.286288022994995,-6.795942306518555,34,-10
0.005692958831787109,8.291980981826782,-6.852871894836426,34,-10
0.005084037780761719,8.297065019607544,-6.903712272644043,34,-10
0.00628209114074707,8.303347110748291,-6.966533184051514,34,-10
0.006356000900268555,8.30970311164856,-7.023737192153931,35,-9
0.009166955947875977,8.318870067596436,-7.106239795684814,35,-9
0.00528407096862793,8.324154138565063,-7.153796434402466,35,-9
0.005775928497314453,8.329930067062378,-7.205779790878296,35,-9
0.005223989486694336,8.335154056549072,-7.252795696258545,35,-9
0.005742073059082031,8.340896129608154,-7.298732280731201,36,-8
0.005941867828369141,8.346837997436523,-7.346267223358154,36,-8
0.005939960479736328,8.35277795791626,-7.393786907196045,36,-8
0.008059024810791016,8.360836982727051,-7.450200080871582,37,-7
0.005960941314697266,8.366797924041748,-7.491926670074463,37,-7
0.00492405891418457,8.371721982955933,-7.526395082473755,37,-7
0.005504131317138672,8.377226114273071,-7.564924001693726,37,-7
0.006134986877441406,8.383361101150513,-7.607868909835815,37,-7
0.008085966110229492,8.391447067260742,-7.664470672607422,37,-7
0.008128881454467773,8.39957594871521,-7.721372842788696,37,-7
0.006303071975708008,8.405879020690918,-7.765494346618652,37,-7
0.007249116897583008,8.413128137588501,-7.80898904800415,38,-6
0.007241010665893555,8.420369148254395,-7.852435111999512,38,-6
0.006532907485961914,8.426902055740356,-7.891632556915283,38,-6
0.01309800148010254,8.440000057220459,-7.970220565795898,38,-6
0.006915092468261719,8.446915149688721,-8.011711120605469,38,-6
0.005956888198852539,8.452872037887573,-8.041495561599731,39,-5
0.006872892379760742,8.459744930267334,-8.075860023498535,39,-5
0.005120992660522461,8.464865922927856,-8.101464986801147,39,-5
0.008162021636962891,8.473027944564819,-8.134113073348999,40,-4
0.004333019256591797,8.477360963821411,-8.151445150375366,40,-4
0.005702972412109375,8.483063936233521,-8.174257040023804,40,-4
0.006892204284667969,8.489956140518188,-8.194933652877808,41,-3
0.006987810134887695,8.496943950653076,-8.215897083282471,41,-3
0.005951166152954102,8.50289511680603,-8.233750581741333,41,-3
0.006219863891601563,8.509114980697632,-8.252410173416138,41,-3
0.007922172546386719,8.517037153244019,-8.268254518508911,42,-2
0.005424976348876953,8.522462129592896,-8.279104471206665,42,-2
0.008768796920776367,8.531230926513672,-8.296642065048218,42,-2
0.005901098251342773,8.537132024765015,-8.302543163299561,43,-1
0.006911039352416992,8.544043064117432,-8.309454202651978,43,-1
0.007037878036499023,8.551080942153931,-8.316492080688477,43,-1
0.006810188293457031,8.557891130447388,-8.323302268981934,43,-1
0.01107287406921387,8.568964004516602,-8.334375143051147,43,-1
0.004722118377685547,8.573686122894287,-8.339097261428833,43,-1
0.007148027420043945,8.580834150314331,-8.346245288848877,43,-1
0.01161384582519531,8.592447996139526,-8.346245288848877,44,0
0.007542133331298828,8.599990129470825,-8.346245288848877,44,0
0.006905794143676758,8.606895923614502,-8.3393394947052,45,1
0.008591175079345703,8.615487098693848,-8.330748319625854,45,1
0.006898880004882813,8.62238597869873,-8.323849439620972,45,1
0.004698991775512695,8.627084970474243,-8.314451456069946,46,2
0.005789995193481445,8.632874965667725,-8.302871465682983,46,2
0.006428956985473633,8.639303922653198,-8.290013551712036,46,2
0.009980201721191406,8.64928412437439,-8.270053148269653,46,2
0.004335880279541016,8.653620004653931,-8.25704550743103,47,3
0.005991935729980469,8.659611940383911,-8.239069700241089,47,3
0.006103038787841797,8.665714979171753,-8.220760583877563,47,3
0.007629156112670898,8.673344135284424,-8.19024395942688,48,4
0.00612187385559082,8.679466009140015,-8.165756464004517,48,4
0.006077051162719727,8.685543060302734,-8.135371208190918,49,5
0.005776882171630859,8.691319942474365,-8.106486797332764,49,5
0.005915164947509766,8.697235107421875,-8.076910972595215,49,5
0.007066011428833008,8.704301118850708,-8.04158091545105,49,5
0.005558967590332031,8.70986008644104,-8.008227109909058,50,6
0.009217977523803711,8.719078063964844,-7.943701267242432,51,7
0.008087873458862305,8.727165937423706,-7.887086153030396,51,7
0.005208015441894531,8.732373952865601,-7.845422029495239,52,8
0.006779193878173828,8.739153146743774,-7.791188478469849,52,8
0.00385284423828125,8.743005990982056,-7.760365724563599,52,8
0.008598089218139648,8.751604080200195,-7.691581010818481,52,8
0.00562596321105957,8.757230043411255,-7.640947341918945,53,9
0.006445884704589844,8.763675928115845,-7.582934379577637,53,9
0.005338191986083984,8.769014120101929,-7.534890651702881,53,9
0.00536799430847168,8.7743821144104,-7.486578702926636,53,9
0.005055904388427734,8.779438018798828,-7.441075563430786,53,9
0.006479978561401367,8.785917997360229,-7.382755756378174,53,9
0.01395010948181152,8.799868106842041,-7.25720477104187,53,9
0.003314018249511719,8.803182125091553,-7.227378606796265,53,9
0.006268024444580078,8.809450149536133,-7.177234411239624,52,8
0.006608009338378906,8.816058158874512,-7.117762327194214,53,9
0.005600929260253906,8.821659088134766,-7.067353963851929,53,9
0.00733184814453125,8.828990936279297,-7.001367330551147,53,9
0.007033109664916992,8.836024045944214,-6.931036233901978,54,10
0.00625300407409668,8.842277050018311,-6.874759197235107,53,9
0.00477910041809082,8.847056150436401,-6.826968193054199,54,10
0.006012916564941406,8.853069067001343,-6.766839027404785,54,10
0.006144046783447266,8.85921311378479,-6.71154260635376,53,9
0.005656957626342773,8.864870071411133,-6.660629987716675,53,9
0.006677865982055664,8.871547937393188,-6.600529193878174,53,9
0.008433103561401367,8.87998104095459,-6.524631261825562,53,9
0.00680994987487793,8.886790990829468,-6.46334171295166,53,9
0.006117105484008789,8.892908096313477,-6.408287763595581,53,9
0.007002830505371094,8.899910926818848,-6.345262289047241,53,9
0.007027149200439453,8.906938076019287,-6.282017946243286,53,9
0.009901046752929688,8.916839122772217,-6.192908525466919,53,9
0.005178928375244141,8.922018051147461,-6.146298170089722,53,9
0.006371974945068359,8.928390026092529,-6.088950395584106,53,9
0.007271051406860352,8.93566107749939,-6.023510932922363,53,9
0.005894899368286133,8.941555976867676,-5.970456838607788,53,9
0.005853176116943359,8.947409152984619,-5.923631429672241,52,8
0.005934953689575195,8.953344106674194,-5.87615180015564,52,8
0.006376981735229492,8.959721088409424,-5.825135946273804,52,8
0.00663304328918457,8.966354131698608,-5.772071599960327,52,8
0.005882024765014648,8.972236156463623,-5.730897426605225,51,7
0.006720781326293945,8.978956937789917,-5.683851957321167,51,7
0.004377126693725586,8.983334064483643,-5.653212070465088,51,7
0.005935907363891602,8.989269971847534,-5.611660718917847,51,7
0.006952047348022461,8.996222019195557,-5.562996387481689,51,7
0.005984067916870117,9.002206087112427,-5.521107912063599,51,7
0.007650852203369141,9.009856939315796,-5.482853651046753,49,5
0.003682136535644531,9.01353907585144,-5.460760831832886,50,6
0.008378982543945313,9.021918058395386,-5.418865919113159,49,5
0.009602069854736328,9.031520128250122,-5.370855569839478,49,5
0.009295940399169922,9.040816068649292,-5.324375867843628,49,5
0.002671957015991211,9.043488025665283,-5.311016082763672,49,5
0.005928993225097656,9.049417018890381,-5.287300109863281,48,4
0.006350040435791016,9.055767059326172,-5.261899948120117,48,4
0.005960941314697266,9.061728000640869,-5.238056182861328,48,4
0.007899999618530273,9.069628000259399,-5.214356184005737,47,3
0.009784936904907227,9.079412937164307,-5.185001373291016,47,3
0.006939172744750977,9.086352109909058,-5.171123027801514,46,2
0.005492925643920898,9.091845035552979,-5.160137176513672,46,2
0.00610804557800293,9.097953081130981,-5.147921085357666,46,2
0.01166701316833496,9.109620094299316,-5.124587059020996,46,2
0.006793022155761719,9.116413116455078,-5.117794036865234,45,1
0.005328893661499023,9.121742010116577,-5.112465143203735,45,1
0.006623983383178711,9.128365993499756,-5.105841159820557,45,1
0.01052498817443848,9.138890981674194,-5.105841159820557,44,0
0.007570028305053711,9.146461009979248,-5.105841159820557,44,0
0.006991147994995117,9.153452157974243,-5.112832307815552,43,-1
0.003894805908203125,9.157346963882446,-5.116727113723755,43,-1
0.005779027938842773,9.163125991821289,-5.122506141662598,43,-1
0.006570100784301758,9.169696092605591,-5.129076242446899,43,-1
0.005729913711547852,9.175426006317139,-5.134806156158447,43,-1
0.005896091461181641,9.18132209777832,-5.140702247619629,43,-1
0.006019830703735352,9.187341928482056,-5.146722078323364,43,-1
0.006214141845703125,9.193556070327759,-5.152936220169067,43,-1
0.008503913879394531,9.202059984207153,-5.161440134048462,43,-1
0.007960081100463867,9.210020065307617,-5.17736029624939,42,-2
0.006265878677368164,9.216285943984985,-5.189892053604126,42,-2
0.00690007209777832,9.223186016082764,-5.203692197799683,42,-2
0.008059978485107422,9.231245994567871,-5.227872133255005,41,-3
0.005953073501586914,9.237199068069458,-5.245731353759766,41,-3
0.01821208000183105,9.255411148071289,-5.31857967376709,40,-4
0.007416963577270508,9.26282811164856,-5.348247528076172,40,-4
0.008652925491333008,9.271481037139893,-5.382859230041504,40,-4
0.01061892509460449,9.282099962234497,-5.435953855514526,39,-5
0.007766962051391602,9.289866924285889,-5.474788665771484,39,-5
0.006983041763305664,9.296849966049194,-5.509703874588013,39,-5
0.006857156753540039,9.303707122802734,-5.550846815109253,38,-6
0.007429838180541992,9.311136960983276,-5.595425844192505,38,-6
0.005889177322387695,9.317026138305664,-5.630760908126831,38,-6
0.004612922668457031,9.321639060974121,-5.658438444137573,38,-6
0.008261919021606445,9.329900979995728,-5.708009958267212,38,-6
0.007188081741333008,9.337089061737061,-5.758326530456543,37,-7
0.006812095642089844,9.34390115737915,-5.806011199951172,37,-7
0.006905794143676758,9.350806951522827,-5.854351758956909,37,-7
0.005297183990478516,9.356104135513306,-5.891432046890259,37,-7
0.004995822906494141,9.3610999584198,-5.931398630142212,36,-8
0.005968093872070313,9.36706805229187,-5.979143381118774,36,-8
0.006068944931030273,9.3731369972229,-6.027694940567017,36,-8
0.00713801383972168,9.380275011062622,-6.08479905128479,36,-8
0.005273103713989258,9.385548114776611,-6.126983880996704,36,-8
0.008488893508911133,9.394037008285522,-6.194895029067993,36,-8
0.007749080657958984,9.401786088943481,-6.256887674331665,36,-8
0.008103847503662109,9.409889936447144,-6.329822301864624,35,-9
0.006934165954589844,9.416824102401733,-6.392229795455933,35,-9
0.006304025650024414,9.423128128051758,-6.448966026306152,35,-9
0.007896900177001953,9.43102502822876,-6.52003812789917,35,-9
0.005460023880004883,9.436485052108765,-6.574638366699219,34,-10
0.004877090454101563,9.441362142562866,-6.623409271240234,34,-10
0.005963802337646484,9.447325944900513,-6.683047294616699,34,-10
0.006322145462036133,9.453648090362549,-6.746268749237061,34,-10
0.007259845733642578,9.460907936096191,-6.818867206573486,34,-10
0.009930133819580078,9.470838069915771,-6.918168544769287,34,-10
0.001266956329345703,9.472105026245117,-6.930838108062744,34,-10
0.007076025009155273,9.479181051254272,-7.001598358154297,34,-10
0.00575709342956543,9.484938144683838,-7.059169292449951,34,-10
0.006659984588623047,9.491598129272461,-7.125769138336182,34,-10
0.006361961364746094,9.497960090637207,-7.189388751983643,34,-10
0.005283832550048828,9.503243923187256,-7.242227077484131,34,-10
0.006452083587646484,9.509696006774902,-7.313199996948242,33,-11
0.006762981414794922,9.516458988189697,-7.387592792510986,33,-11
0.005919933319091797,9.522378921508789,-7.452712059020996,33,-11
0.007165193557739258,9.529544115066528,-7.531529188156128,33,-11
0.004106998443603516,9.533651113510132,-7.572599172592163,34,-10
0.006198883056640625,9.539849996566772,-7.634588003158569,34,-10
0.006070137023925781,9.545920133590698,-7.695289373397827,34,-10
0.008234977722167969,9.554155111312866,-7.777639150619507,34,-10
0.005462884902954102,9.55961799621582,-7.832267999649048,34,-10
0.01222109794616699,9.571839094161987,-7.966700077056885,33,-11
0.006088018417358398,9.577927112579346,-8.033668279647827,33,-11
0.00550389289855957,9.583431005477905,-8.088707208633423,34,-10
0.008162021636962891,9.591593027114868,-8.178489446640015,33,-11
0.007803916931152344,9.599396944046021,-8.26433253288269,33,-11
0.00623011589050293,9.605627059936523,-8.332863807678223,33,-11
0.01410698890686035,9.619734048843384,-8.502147674560547,32,-12
0.002012968063354492,9.621747016906738,-8.526303291320801,32,-12
0.005597114562988281,9.627344131469727,-8.59346866607666,32,-12
0.005663871765136719,9.633008003234863,-8.661435127258301,32,-12
0.006870031356811523,9.639878034591675,-8.743875503540039,32,-12
0.008976936340332031,9.648854970932007,-8.851598739624023,32,-12
0.006318092346191406,9.655173063278198,-8.921097755432129,33,-11
0.004153013229370117,9.659326076507568,-8.9667809009552,33,-11
0.005586862564086914,9.664912939071655,-9.028236389160156,33,-11
0.006089210510253906,9.671002149581909,-9.095217704772949,33,-11
0.00597381591796875,9.676975965499878,-9.160929679870605,33,-11
0.008520126342773438,9.685496091842651,-9.24613094329834,34,-10
0.006376028060913086,9.691872119903564,-9.309891223907471,34,-10
0.007915019989013672,9.699787139892578,-9.389041423797607,34,-10
0.007269859313964844,9.707056999206543,-9.461740016937256,34,-10
0.007303953170776367,9.714360952377319,-9.53477954864502,34,-10
0.006795167922973633,9.721156120300293,-9.602731227874756,34,-10
0.006038904190063477,9.727195024490356,-9.663120269775391,34,-10
0.007035970687866211,9.734230995178223,-9.733479976654053,34,-10
0.006191015243530273,9.740422010421753,-9.795390129089355,34,-10
0.00583195686340332,9.746253967285156,-9.853709697723389,34,-10
0.006222009658813477,9.75247597694397,-9.90970778465271,35,-9
0.007269144058227539,9.759745121002197,-9.975130081176758,35,-9
0.01060986518859863,9.770354986190796,-10.07061886787415,35,-9
0.006777048110961914,9.777132034301758,-10.1316123008728,35,-9
0.007184982299804688,9.784317016601563,-10.19627714157105,35,-9
0.01046013832092285,9.794777154922485,-10.29041838645935,35,-9
0.007498979568481445,9.802276134490967,-10.3504102230072,36,-8
0.007619857788085938,9.809895992279053,-10.41136908531189,36,-8
0.007046937942504883,9.816942930221558,-10.46774458885193,36,-8
0.005255222320556641,9.822198152542114,-10.50978636741638,36,-8
0.005752801895141602,9.827950954437256,-10.55005598068237,37,-7
0.005182027816772461,9.833132982254028,-10.58633017539978,37,-7
0.006268024444580078,9.839401006698608,-10.63020634651184,37,-7
0.01018714904785156,9.84958815574646,-10.7015163898468,37,-7
0.003664970397949219,9.853253126144409,-10.72717118263245,37,-7
0.006043910980224609,9.859297037124634,-10.76947855949402,37,-7
0.006957054138183594,9.866254091262817,-10.81122088432312,38,-6
0.007298946380615234,9.873553037643433,-10.85501456260681,38,-6
0.007420063018798828,9.880973100662231,-10.8995349407196,38,-6
0.005919933319091797,9.886893033981323,-10.93505454063415,38,-6
0.005206108093261719,9.892099142074585,-10.96629118919373,38,-6
0.00577998161315918,9.897879123687744,-11.00097107887268,38,-6
0.006158828735351563,9.904037952423096,-11.03792405128479,38,-6
0.009035110473632813,9.913073062896729,-11.08309960365295,39,-5
0.006597995758056641,9.919671058654785,-11.11608958244324,39,-5
0.007091045379638672,9.926762104034424,-11.15154480934143,39,-5
0.005486011505126953,9.932248115539551,-11.17897486686707,39,-5
0.009611845016479492,9.94185996055603,-11.22703409194946,39,-5
0.007192134857177734,9.949052095413208,-11.25580263137817,40,-4
0.006245851516723633,9.955297946929932,-11.28078603744507,40,-4
0.00609898567199707,9.961396932601929,-11.29908299446106,41,-3
0.007500171661376953,9.968897104263306,-11.32158350944519,41,-3
0.009980916976928711,9.978878021240234,-11.35152626037598,41,-3
0.006825923919677734,9.985703945159912,-11.36517810821533,42,-2
0.006443977355957031,9.992147922515869,-11.37806606292725,42,-2
0.009386062622070313,10.00153398513794,-11.38745212554932,43,-1
0.008470058441162109,10.0100040435791,-11.39592218399048,43,-1
0.006997108459472656,10.01700115203857,-11.40291929244995,43,-1
0.006683826446533203,10.02368497848511,-11.40960311889649,43,-1
0.007497072219848633,10.03118205070496,-11.41710019111633,43,-1
0.004775047302246094,10.0359570980072,-11.42187523841858,43,-1
0.006830930709838867,10.04278802871704,-11.42187523841858,44,0
0.006771087646484375,10.04955911636353,-11.42187523841858,44,0
0.006872892379760742,10.05643200874329,-11.42187523841858,44,0
0.006614923477172852,10.06304693222046,-11.42187523841858,44,0
0.007957220077514648,10.07100415229797,-11.41391801834106,45,1
0.007793903350830078,10.0787980556488,-11.40612411499023,45,1
0.004884958267211914,10.08368301391602,-11.40123915672302,45,1
0.006211042404174805,10.08989405632019,-11.38881707191467,46,2
0.005068063735961914,10.09496212005615,-11.37868094444275,46,2
0.006187915802001953,10.10115003585816,-11.36630511283875,46,2
0.005554914474487305,10.10670495033264,-11.35519528388977,46,2
0.005027055740356445,10.111732006073,-11.34514117240906,46,2
0.008674144744873047,10.12040615081787,-11.31911873817444,47,3
0.007051944732666016,10.12745809555054,-11.29796290397644,47,3
0.007704019546508789,10.13516211509705,-11.27485084533691,47,3
0.006229877471923828,10.14139199256897,-11.25616121292114,47,3
0.005735158920288086,10.14712715148926,-11.23322057723999,48,4
0.005972862243652344,10.15310001373291,-11.20932912826538,48,4
0.006756067276000977,10.15985608100891,-11.18230485916138,48,4
0.007127046585083008,10.16698312759399,-11.14666962623596,49,5
0.005980014801025391,10.17296314239502,-11.11676955223084,49,5
0.006548881530761719,10.17951202392578,-11.08402514457703,49,5
0.006485939025878906,10.18599796295166,-11.04510951042175,50,6
0.01340413093566895,10.19940209388733,-10.95128059387207,51,7
0.009500980377197266,10.20890307426453,-10.88477373123169,51,7
0.009549856185913086,10.21845293045044,-10.8179247379303,51,7
0.00731205940246582,10.22576498985291,-10.75942826271057,52,8
0.006143093109130859,10.23190808296204,-10.71028351783752,52,8
0.009094953536987305,10.24100303649902,-10.63752388954163,52,8
0.007751941680908203,10.24875497817993,-10.56775641441345,53,9
0.003429174423217773,10.25218415260315,-10.53689384460449,53,9
0.006936788558959961,10.25912094116211,-10.47446274757385,53,9
0.006156206130981445,10.26527714729309,-10.41905689239502,53,9
0.006223917007446289,10.27150106430054,-10.363041639328,53,9
0.005799055099487305,10.27730011940003,-10.31085014343262,53,9
0.006085872650146484,10.28338599205017,-10.2560772895813,53,9
0.006628990173339844,10.29001498222351,-10.19641637802124,53,9
0.007213115692138672,10.29722809791565,-10.13149833679199,53,9
0.007112026214599609,10.30434012413025,-10.0674901008606,53,9
0.006965875625610352,10.31130599975586,-9.997831344604492,54,10
0.007874965667724609,10.31918096542358,-9.919081687927246,54,10
0.006489038467407227,10.32567000389099,-9.854191303253174,54,10
0.00615692138671875,10.33182692527771,-9.792622089385986,54,10
