Ts=calc,Tid=meas,Volum=calc,Lys=meas,Flow=calc
Lys0=32
0.005,0,0,32,0
0.002100944519042969,0.002100944519042969,0,32,0
0.01698207855224609,0.01908302307128906,0,32,0
0.008317947387695313,0.02740097045898438,0,32,0
0.008080959320068359,0.03548192977905273,0,32,0
0.006966114044189453,0.04244804382324219,0,32,0
0.006587028503417969,0.04903507232666016,0.006587028503417969,33,1
0.006975889205932617,0.05601096153259277,0.006587028503417969,32,0
0.003988981246948242,0.05999994277954102,0.01057600975036621,33,1
0.006974935531616211,0.06697487831115723,0.01755094528198242,33,1
0.005146026611328125,0.07212090492248535,0.02269697189331055,33,1
0.006944179534912109,0.07906508445739746,0.02964115142822266,33,1
0.008028984069824219,0.08709406852722168,0.03767013549804688,33,1
0.008857011795043945,0.09595108032226563,0.04652714729309082,33,1
0.001676797866821289,0.09762787818908691,0.04652714729309082,32,0
0.005329132080078125,0.102957010269165,0.05185627937316895,33,1
0.005701065063476563,0.1086580753326416,0.05755734443664551,33,1
0.007371902465820313,0.1160299777984619,0.06492924690246582,33,1
0.00652003288269043,0.1225500106811523,0.07144927978515625,33,1
0.006116867065429688,0.128666877746582,0.08368301391601563,34,2
0.007169008255004883,0.1358358860015869,0.09802103042602539,34,2
0.004717111587524414,0.1405529975891113,0.1074552536010742,34,2
0.004878997802734375,0.1454319953918457,0.117213249206543,34,2
0.005654096603393555,0.1510860919952393,0.1285214424133301,34,2
0.008637905120849609,0.1597239971160889,0.1544351577758789,35,3
0.006527900695800781,0.1662518978118896,0.1740188598632813,35,3
0.006707191467285156,0.1729590892791748,0.1941404342651367,35,3
0.005795001983642578,0.1787540912628174,0.2115254402160645,35,3
0.009835004806518555,0.1885890960693359,0.2410304546356201,35,3
0.00418400764465332,0.1927731037139893,0.2577664852142334,36,4
0.007147789001464844,0.1999208927154541,0.2863576412200928,36,4
0.006340980529785156,0.2062618732452393,0.3117215633392334,36,4
0.006789207458496094,0.2130510807037354,0.3320891857147217,35,3
0.005836009979248047,0.2188870906829834,0.3554332256317139,36,4
0.007493972778320313,0.2263810634613037,0.3854091167449951,36,4
0.005511999130249023,0.2318930625915527,0.4074571132659912,36,4
0.005992889404296875,0.2378859519958496,0.4314286708831787,36,4
0.005878925323486328,0.2437648773193359,0.454944372177124,36,4
0.006738185882568359,0.2505030632019043,0.4818971157073975,36,4
0.007243871688842773,0.2577469348907471,0.5108726024627686,36,4
0.005609989166259766,0.2633569240570068,0.5333125591278076,36,4
0.004950046539306641,0.2683069705963135,0.5531127452850342,36,4
0.007302999496459961,0.2756099700927734,0.582324743270874,36,4
0.004410028457641602,0.280019998550415,0.604374885559082,37,5
0.006696939468383789,0.2867169380187988,0.637859582901001,37,5
0.01038193702697754,0.2970988750457764,0.6897692680358887,37,5
0.008749008178710938,0.3058478832244873,0.7335143089294434,37,5
0.006606101989746094,0.3124539852142334,0.7665448188781738,37,5
0.006474018096923828,0.3189280033111572,0.798914909362793,37,5
0.007339000701904297,0.3262670040130615,0.8356099128723145,37,5
0.006804943084716797,0.3330719470977783,0.8696346282958984,37,5
0.005978107452392578,0.3390500545501709,0.8995251655578613,37,5
0.007220029830932617,0.3462700843811035,0.9356253147125244,37,5
0.009227991104125977,0.3554980754852295,0.9817652702331543,37,5
0.005610942840576172,0.3611090183258057,1.015430927276611,38,6
0.006912946701049805,0.3680219650268555,1.05690860748291,38,6
0.007755041122436523,0.375777006149292,1.103438854217529,38,6
0.006756067276000977,0.382533073425293,1.143975257873535,38,6
0.006496906280517578,0.3890299797058105,1.182956695556641,38,6
0.01153802871704102,0.4005680084228516,1.252184867858887,38,6
0.006995916366577148,0.4075639247894287,1.29416036605835,38,6
0.006212949752807617,0.4137768745422363,1.331438064575195,38,6
0.005163192749023438,0.4189400672912598,1.362417221069336,38,6
0.006417989730834961,0.4253580570220947,1.400925159454346,38,6
0.006320953369140625,0.4316790103912354,1.438850879669189,38,6
0.008007049560546875,0.4396860599517822,1.486893177032471,38,6
0.009408950805664063,0.4490950107574463,1.552755832672119,39,7
0.007030010223388672,0.456125020980835,1.60196590423584,39,7
0.009690046310424805,0.4658150672912598,1.669796228408813,39,7
0.006558895111083984,0.4723739624023438,1.715708494186401,39,7
0.006081104278564453,0.4784550666809082,1.764357328414917,40,8
0.00415492057800293,0.4826099872589111,1.79759669303894,40,8
0.005433082580566406,0.4880430698394775,1.841061353683472,40,8
0.006918907165527344,0.4949619770050049,1.89641261100769,40,8
0.004910945892333984,0.4998729228973389,1.935700178146362,40,8
0.006134986877441406,0.5060079097747803,1.984780073165894,40,8
0.007047176361083984,0.5130550861358643,2.041157484054565,40,8
0.006017923355102539,0.5190730094909668,2.089300870895386,40,8
0.007348060607910156,0.526421070098877,2.148085355758667,40,8
0.003753900527954102,0.5301749706268311,2.1781165599823,40,8
0.005713939666748047,0.5358889102935791,2.223828077316284,40,8
0.006020069122314453,0.5419089794158936,2.2719886302948,40,8
0.006417989730834961,0.5483269691467285,2.323332548141479,40,8
0.004763126373291016,0.5530900955200195,2.361437559127808,40,8
0.006552934646606445,0.559643030166626,2.420413970947266,41,9
0.006602048873901367,0.5662450790405273,2.479832410812378,41,9
0.006767988204956055,0.5730130672454834,2.540744304656982,41,9
0.005820035934448242,0.5788331031799316,2.598944664001465,42,10
0.01224184036254883,0.5910749435424805,2.721363067626953,42,10
0.00781702995300293,0.5988919734954834,2.799533367156982,42,10
0.008704900741577148,0.6075968742370605,2.895287275314331,43,11
0.006266117095947266,0.6138629913330078,2.964214563369751,43,11
0.00698399543762207,0.6208469867706299,3.041038513183594,43,11
0.006653070449829102,0.627500057220459,3.114222288131714,43,11
0.006131887435913086,0.6336319446563721,3.181673049926758,43,11
0.007032155990600586,0.6406641006469727,3.259026765823364,43,11
0.006143808364868164,0.6468079090118408,3.326608657836914,43,11
0.008709192276000977,0.6555171012878418,3.431118965148926,44,12
0.002465009689331055,0.6579821109771729,3.460699081420898,44,12
0.005706787109375,0.6636888980865479,3.529180526733398,44,12
0.006234169006347656,0.6699230670928955,3.60399055480957,44,12
0.006194829940795898,0.6761178970336914,3.684523344039917,45,13
0.007621049880981445,0.6837389469146729,3.783596992492676,45,13
0.005316019058227539,0.6890549659729004,3.858021259307861,46,14
0.007182121276855469,0.6962370872497559,3.958570957183838,46,14
0.004670858383178711,0.7009079456329346,4.02396297454834,46,14
0.006906986236572266,0.7078149318695068,4.120660781860352,46,14
0.007771968841552734,0.7155869007110596,4.237240314483643,47,15
0.005408048629760742,0.7209949493408203,4.318361043930054,47,15
0.00671696662902832,0.7277119159698486,4.425832509994507,48,16
0.004780054092407227,0.7324919700622559,4.502313375473022,48,16
0.005880117416381836,0.7383720874786377,4.602275371551514,49,17
0.005610942840576172,0.7439830303192139,4.703272342681885,50,18
0.006025075912475586,0.7500081062316895,4.811723709106445,50,18
0.007809877395629883,0.7578179836273193,4.960111379623413,51,19
0.005789041519165039,0.7636070251464844,5.070103168487549,51,19
0.006424903869628906,0.7700319290161133,5.198601245880127,52,20
0.005431175231933594,0.7754631042480469,5.307224750518799,52,20
0.01012897491455078,0.7855920791625977,5.519933223724365,53,21
0.001507997512817383,0.787100076675415,5.55160117149353,53,21
0.006608009338378906,0.7937080860137939,5.696977376937866,54,22
0.008085966110229492,0.8017940521240234,5.882954597473145,55,23
0.006459951400756836,0.8082540035247803,6.031533479690552,55,23
0.007965087890625,0.8162190914154053,6.222695589065552,56,24
0.006752967834472656,0.8229720592498779,6.391519784927368,57,25
0.00659489631652832,0.8295669555664063,6.569581985473633,59,27
0.0068359375,0.8364028930664063,6.760988235473633,60,28
0.004027128219604492,0.8404300212860107,6.881802082061768,62,30
0.006006956100463867,0.8464369773864746,7.074024677276611,64,32
0.006499052047729492,0.8529360294342041,7.288493394851685,65,33
0.005504846572875977,0.8584408760070801,7.470153331756592,65,33
0.007830142974853516,0.8662710189819336,7.728548049926758,65,33
0.003906965255737305,0.8701779842376709,7.857477903366089,65,33
0.005707025527954102,0.875885009765625,8.045809745788574,65,33
0.005968093872070313,0.8818531036376953,8.242756843566895,65,33
0.005752801895141602,0.8876059055328369,8.432599306106567,65,33
0.007915019989013672,0.8955209255218506,8.693794965744019,65,33
0.005391120910644531,0.9009120464324951,8.871701955795288,65,33
0.006628990173339844,0.907541036605835,9.090458631515503,65,33
0.005961894989013672,0.9135029315948486,9.287201166152954,65,33
0.006695985794067383,0.920198917388916,9.508168697357178,65,33
0.007181167602539063,0.9273800849914551,9.745147228240967,65,33
0.006368875503540039,0.9337489604949951,9.955320119857788,65,33
0.006030082702636719,0.9397790431976318,10.1543128490448,65,33
0.0052490234375,0.9450280666351318,10.3275306224823,65,33
0.007560014724731445,0.9525880813598633,10.57701110839844,65,33
0.00609898567199707,0.9586870670318604,10.78437662124634,66,34
0.004287958145141602,0.962975025177002,10.93016719818115,66,34
0.005527973175048828,0.9685029983520508,11.11811828613281,66,34
0.005453109741210938,0.9739561080932617,11.30352401733399,66,34
0.005920886993408203,0.9798769950866699,11.51075506210327,67,35
0.007008075714111328,0.9868850708007813,11.75603771209717,67,35
0.009080886840820313,0.9959659576416016,12.07386875152588,67,35
0.004817008972167969,1.00078296661377,12.24728107452393,68,36
0.005398988723754883,1.006181955337524,12.4416446685791,68,36
0.00666499137878418,1.012846946716309,12.68158435821533,68,36
0.005624055862426758,1.018471002578735,12.8840503692627,68,36
0.007292985916137695,1.025763988494873,13.14659786224365,68,36
0.005950927734375,1.031714916229248,13.36083126068115,68,36
0.006338119506835938,1.038053035736084,13.59534168243408,69,37
0.007591962814331055,1.045644998550415,13.87624430656433,69,37
0.006067991256713867,1.051712989807129,14.10075998306275,69,37
0.006484031677246094,1.058197021484375,14.34066915512085,69,37
0.007618904113769531,1.065815925598145,14.62256860733032,69,37
0.006217002868652344,1.072032928466797,14.87124872207642,72,40
0.004476070404052734,1.07650899887085,15.05029153823853,72,40
0.006270885467529297,1.082779884338379,15.30739784240723,73,41
0.005825996398925781,1.088605880737305,15.54626369476319,73,41
0.006878137588500977,1.095484018325806,15.82826733589172,73,41
0.004381895065307617,1.099865913391113,16.00792503356934,73,41
0.006596088409423828,1.106462001800537,16.27836465835571,73,41
0.005011081695556641,1.111473083496094,16.48381900787354,73,41
0.006085872650146484,1.11755895614624,16.73333978652954,73,41
0.004785060882568359,1.122344017028809,16.92952728271484,73,41
0.005642890930175781,1.127986907958984,17.16088581085205,73,41
0.005987167358398438,1.133974075317383,17.40635967254639,73,41
0.005717992782592773,1.139692068099976,17.64079737663269,73,41
0.006654024124145508,1.146346092224121,17.91361236572266,73,41
0.0047760009765625,1.151122093200684,18.10942840576172,73,41
0.005843877792358398,1.156965970993042,18.34902739524841,73,41
0.005325078964233398,1.162291049957275,18.56735563278198,73,41
0.007807016372680664,1.170098066329956,18.88744330406189,73,41
0.007496833801269531,1.177594900131226,19.20231032371521,74,42
0.008025169372558594,1.185620069503784,19.53936743736267,74,42
0.0054779052734375,1.191097974777222,19.76943945884705,74,42
0.005675077438354492,1.196773052215576,20.00779271125793,74,42
0.004789829254150391,1.201562881469727,20.2041757106781,73,41
0.006036996841430664,1.207599878311157,20.45772957801819,74,42
0.007774114608764648,1.215373992919922,20.7842423915863,74,42
0.00459599494934082,1.219969987869263,20.97727417945862,74,42
0.006457090377807617,1.22642707824707,21.24847197532654,74,42
0.006680011749267578,1.233107089996338,21.52235245704651,73,41
0.005934000015258789,1.239041090011597,21.76564645767212,73,41
0.006938934326171875,1.245980024337769,22.05014276504517,73,41
0.006346940994262695,1.252326965332031,22.3167142868042,74,42
0.005917072296142578,1.258244037628174,22.55931425094605,73,41
0.006665945053100586,1.264909982681274,22.83928394317627,74,42
0.006505012512207031,1.271414995193481,23.11249446868897,74,42
0.006457090377807617,1.277872085571289,23.38369226455689,74,42
0.008615970611572266,1.286488056182861,23.74556303024292,74,42
0.007150888442993164,1.293638944625854,24.04590034484864,74,42
0.004392147064208984,1.298031091690063,24.2259783744812,73,41
0.005858898162841797,1.303889989852905,24.46619319915772,73,41
0.005955934524536133,1.309845924377441,24.71634244918823,74,42
0.005885124206542969,1.315731048583984,24.96351766586304,74,42
0.006021976470947266,1.321753025054932,25.21644067764282,74,42
0.005826950073242188,1.327579975128174,25.461172580719,74,42
0.008156061172485352,1.335736036300659,25.80372714996338,74,42
0.009825944900512695,1.345561981201172,26.21641683578491,74,42
0.005816936492919922,1.351378917694092,26.46654510498047,75,43
0.007236003875732422,1.358614921569824,26.77769327163697,75,43
0.007843971252441406,1.366458892822266,27.11498403549195,75,43
0.007037162780761719,1.373496055603027,27.4175820350647,75,43
0.005277872085571289,1.378773927688599,27.64453053474426,75,43
0.008285045623779297,1.387058973312378,28.00078749656677,75,43
0.008744001388549805,1.395802974700928,28.37677955627441,75,43
0.01166009902954102,1.407463073730469,28.87816381454468,75,43
0.00627899169921875,1.413742065429688,29.14816045761109,75,43
0.006043910980224609,1.419785976409912,29.40804862976075,75,43
0.005234956741333008,1.425020933151245,29.63315176963807,75,43
0.004999160766601563,1.430020093917847,29.84811568260193,75,43
0.00751495361328125,1.437535047531128,30.16374373435974,74,42
0.006079912185668945,1.443614959716797,30.41910004615784,74,42
0.006474971771240234,1.450089931488037,30.69752383232117,75,43
0.00681614875793457,1.456906080245972,30.98380208015442,74,42
0.00592494010925293,1.462831020355225,31.23264956474304,74,42
0.005637884140014648,1.468468904495239,31.46944069862366,74,42
0.007328033447265625,1.475796937942505,31.77721810340882,74,42
0.003863096237182617,1.479660034179688,31.93946814537048,74,42
0.006348848342895508,1.486008882522583,32.2061197757721,74,42
0.005860090255737305,1.49186897277832,32.45224356651306,74,42
0.005774974822998047,1.497643947601318,32.69479250907898,74,42
0.005903005599975586,1.503546953201294,32.94271874427796,74,42
0.00725102424621582,1.51079797744751,33.24726176261902,74,42
0.00605010986328125,1.516848087310791,33.49531626701355,73,41
0.005704879760742188,1.522552967071533,33.72921633720398,73,41
0.005854129791259766,1.528407096862793,33.96923565864563,73,41
0.005076885223388672,1.533483982086182,34.17738795280457,73,41
0.006231069564819336,1.539715051651001,34.43286180496216,73,41
0.006175994873046875,1.545891046524048,34.68607759475708,73,41
0.006469011306762695,1.552360057830811,34.95130705833435,73,41
0.007119894027709961,1.559479951858521,35.24322271347046,73,41
0.006410121917724609,1.565890073776245,35.50603771209717,73,41
0.005578994750976563,1.571469068527222,35.73477649688721,73,41
0.005470037460327148,1.576939105987549,35.95904803276062,73,41
0.007586956024169922,1.584526062011719,36.26252627372742,72,40
0.008524894714355469,1.593050956726074,36.60352206230164,72,40
0.006459951400756836,1.599510908126831,36.86192011833191,72,40
0.007383108139038086,1.606894016265869,37.15724444389343,72,40
0.006763935089111328,1.61365795135498,37.42780184745789,72,40
0.00542902946472168,1.619086980819702,37.64496302604675,72,40
0.007726907730102539,1.626813888549805,37.95403933525086,72,40
0.008805990219116211,1.635619878768921,38.3062789440155,72,40
0.004820108413696289,1.640439987182617,38.49426317214966,71,39
0.007278919219970703,1.647718906402588,38.77814102172852,71,39
0.007910966873168945,1.655629873275757,39.08666872978211,71,39
0.00381922721862793,1.659449100494385,39.23179936408997,70,38
0.006450891494750977,1.665899991989136,39.4769332408905,70,38
0.006233930587768555,1.672133922576904,39.71382260322571,70,38
0.005990982055664063,1.678124904632568,39.94147992134094,70,38
0.005714178085327148,1.683839082717896,40.15861868858337,70,38
0.005748987197875977,1.689588069915771,40.37708020210267,70,38
0.007887840270996094,1.697475910186768,40.67681813240052,70,38
0.006211996078491211,1.703687906265259,40.91287398338318,70,38
0.00770115852355957,1.711389064788818,41.20551800727845,70,38
0.009011030197143555,1.720400094985962,41.53892612457276,69,37
0.008610010147094727,1.729010105133057,41.85749650001526,69,37
0.007001876831054688,1.736011981964111,42.11656594276429,69,37
0.00692296028137207,1.742934942245483,42.37271547317505,69,37
0.007128000259399414,1.750062942504883,42.62932348251343,68,36
0.006312131881713867,1.756375074386597,42.85656023025513,68,36
0.004721879959106445,1.761096954345703,43.02654790878296,68,36
0.005622148513793945,1.766719102859497,43.22894525527954,68,36
0.00532078742980957,1.772039890289307,43.42049360275269,68,36
0.006517171859741211,1.778557062149048,43.65511178970337,68,36
0.007908821105957031,1.786465883255005,43.93192052841187,67,35
0.01212406158447266,1.798589944839478,44.34413862228394,66,34
0.007236957550048828,1.805826902389526,44.5901951789856,66,34
0.005859136581420898,1.811686038970947,44.78354668617249,65,33
0.005769014358520508,1.817455053329468,44.97392416000366,65,33
0.006041049957275391,1.823496103286743,45.16723775863648,64,32
0.008295774459838867,1.831791877746582,45.43270254135132,64,32
0.00899505615234375,1.840786933898926,45.71154928207398,63,31
0.006977081298828125,1.847764015197754,45.92783880233765,63,31
0.00580906867980957,1.853573083877563,46.10211086273194,62,30
0.006294965744018555,1.859868049621582,46.29095983505249,62,30
0.005033016204833984,1.864901065826416,46.43691730499268,61,29
0.008041858673095703,1.872942924499512,46.67013120651245,61,29
0.00589299201965332,1.878835916519165,46.8410279750824,61,29
0.007524013519287109,1.886359930038452,47.05170035362244,60,28
0.007081985473632813,1.893441915512085,47.24291396141052,59,27
0.005135059356689453,1.898576974868774,47.38156056404114,59,27
0.006985902786254883,1.905562877655029,47.56319403648376,58,26
0.006710052490234375,1.912272930145264,47.73765540122986,58,26
0.0084991455078125,1.920772075653076,47.95863318443298,58,26
0.00667881965637207,1.927450895309448,48.12560367584229,57,25
0.006067037582397461,1.933517932891846,48.27727961540223,57,25
0.004361152648925781,1.937879085540771,48.38630843162537,57,25
0.005883932113647461,1.943763017654419,48.52752280235291,56,24
0.006098031997680664,1.9498610496521,48.67387557029724,56,24
0.00699305534362793,1.956854104995728,48.84170889854431,56,24
0.005217790603637695,1.962071895599365,48.96171808242798,55,23
0.005938053131103516,1.968009948730469,49.09829330444336,55,23
0.007622003555297852,1.975631952285767,49.27359938621521,55,23
0.004567146301269531,1.980199098587036,49.37407660484315,54,22
0.008114814758300781,1.988313913345337,49.55260252952576,54,22
0.005470991134643555,1.99378490447998,49.66749334335328,53,21
0.008117198944091797,2.001902103424072,49.83795452117921,53,21
0.006452798843383789,2.008354902267456,49.97346329689027,53,21
0.00728297233581543,2.015637874603271,50.11912274360657,52,20
0.007226228713989258,2.022864103317261,50.25642108917237,51,19
0.006035804748535156,2.028899908065796,50.37110137939454,51,19
0.007256984710693359,2.036156892776489,50.50898408889771,51,19
0.009440183639526367,2.045597076416016,50.67890739440919,50,18
0.006525993347167969,2.052123069763184,50.7963752746582,50,18
0.006966829299926758,2.05908989906311,50.91481137275697,49,17
0.007093191146850586,2.066183090209961,51.03539562225342,49,17
0.004493951797485352,2.070677042007446,51.11179280281068,49,17
0.006949901580810547,2.077626943588257,51.22299122810364,48,16
0.005916118621826172,2.083543062210083,51.31764912605286,48,16
0.006070852279663086,2.089613914489746,51.41478276252747,48,16
0.005824089050292969,2.095438003540039,51.50796818733216,48,16
0.005992889404296875,2.101430892944336,51.59786152839661,47,15
0.006266117095947266,2.107697010040283,51.69185328483582,47,15
0.00822901725769043,2.115926027297974,51.80705952644349,46,14
0.005641937255859375,2.121567964553833,51.88604664802551,46,14
0.006358146667480469,2.127926111221313,51.97506070137024,46,14
0.004118919372558594,2.132045030593872,52.03272557258606,46,14
0.006073951721191406,2.138118982315063,52.11776089668274,46,14
0.005764961242675781,2.143883943557739,52.19270539283753,45,13
0.007838010787963867,2.151721954345703,52.29459953308106,45,13
0.006897926330566406,2.15861988067627,52.38427257537842,45,13
0.00781702995300293,2.166436910629272,52.47807693481445,44,12
0.00643610954284668,2.172873020172119,52.55531024932862,44,12
0.006562948226928711,2.179435968399048,52.63406562805176,44,12
0.006097078323364258,2.185533046722412,52.70723056793213,44,12
0.004199028015136719,2.189732074737549,52.75761890411378,44,12
0.008777856826782227,2.198509931564331,52.85417532920838,43,11
0.007899999618530273,2.206409931182861,52.94107532501221,43,11
0.00739598274230957,2.213805913925171,53.02243113517761,43,11
0.004677057266235352,2.218482971191406,53.06920170783997,42,10
0.00705409049987793,2.225537061691284,53.13974261283875,42,10
0.004047870635986328,2.229584932327271,53.18022131919861,42,10
0.006154060363769531,2.23573899269104,53.2417619228363,42,10
0.00627589225769043,2.24201488494873,53.30452084541321,42,10
0.008176088333129883,2.25019097328186,53.37810564041138,41,9
0.008294105529785156,2.258485078811646,53.45275259017945,41,9
0.006865024566650391,2.265350103378296,53.5145378112793,41,9
0.006928920745849609,2.272279024124146,53.5699691772461,40,8
0.005918979644775391,2.278198003768921,53.6173210144043,40,8
0.005522012710571289,2.283720016479492,53.66149711608887,40,8
0.005984067916870117,2.289704084396362,53.70936965942383,40,8
0.006502866744995117,2.296206951141357,53.76139259338379,40,8
0.00890803337097168,2.305114984512329,53.82374882698059,39,7
0.005889892578125,2.311004877090454,53.86497807502747,39,7
0.004906177520751953,2.315911054611206,53.89932131767273,39,7
0.006067991256713867,2.32197904586792,53.94179725646973,39,7
0.005635976791381836,2.327615022659302,53.97561311721802,38,6
0.006351947784423828,2.333966970443726,54.01372480392457,38,6
0.009720087051391602,2.343687057495117,54.06232523918153,37,5
0.006252050399780273,2.349939107894897,54.09358549118043,37,5
0.006848812103271484,2.356787919998169,54.12782955169678,37,5
0.006051063537597656,2.362838983535767,54.15808486938477,37,5
0.005614042282104492,2.368453025817871,54.1861550807953,37,5
0.009713888168334961,2.378166913986206,54.22501063346863,36,4
0.007523059844970703,2.385689973831177,54.25510287284851,36,4
0.006081104278564453,2.391771078109741,54.27942728996277,36,4
0.006760835647583008,2.398531913757324,54.30647063255311,36,4
0.003998041152954102,2.402529954910278,54.31846475601197,35,3
0.008893966674804688,2.411423921585083,54.34514665603638,35,3
0.005498170852661133,2.416922092437744,54.36164116859437,35,3
0.005290985107421875,2.422213077545166,54.37222313880921,34,2
0.005577802658081055,2.427790880203247,54.38337874412537,34,2
0.006063222885131836,2.433854103088379,54.39550518989563,34,2
0.0090789794921875,2.442933082580566,54.40458416938782,33,1
0.006681919097900391,2.449615001678467,54.41126608848572,33,1
0.006767034530639648,2.456382036209106,54.41803312301636,33,1
0.00456690788269043,2.460948944091797,54.41803312301636,32,0
0.006519079208374023,2.467468023300171,54.41803312301636,32,0
0.004834890365600586,2.472302913665771,54.41803312301636,32,0
0.005995988845825195,2.478298902511597,54.41803312301636,32,0
0.007130146026611328,2.485429048538208,54.41090297698975,31,-1
0.004497051239013672,2.489926099777222,54.40640592575074,31,-1
0.006110906600952148,2.496037006378174,54.40029501914978,31,-1
0.006728887557983398,2.502765893936157,54.3935661315918,31,-1
0.007275104522705078,2.510040998458862,54.37901592254639,30,-2
0.006422042846679688,2.516463041305542,54.36617183685303,30,-2
0.00658106803894043,2.523044109344482,54.35300970077515,30,-2
0.004829883575439453,2.527873992919922,54.34334993362427,30,-2
0.006560087203979492,2.534434080123901,54.32366967201233,29,-3
0.005484819412231445,2.539918899536133,54.30721521377563,29,-3
0.006301164627075195,2.546220064163208,54.28831171989441,29,-3
0.007150888442993164,2.553370952606201,54.26685905456544,29,-3
0.006325960159301758,2.559696912765503,54.24788117408752,29,-3
0.006603002548217773,2.566299915313721,54.22807216644287,29,-3
0.009597063064575195,2.575896978378296,54.19928097724915,29,-3
0.009493112564086914,2.585390090942383,54.17080163955688,29,-3
0.005633831024169922,2.591023921966553,54.14826631546021,28,-4
0.005758047103881836,2.596781969070435,54.12523412704468,28,-4
0.005509138107299805,2.602291107177734,54.10319757461548,28,-4
0.006148815155029297,2.608439922332764,54.07860231399536,28,-4
0.007357120513916016,2.61579704284668,54.0491738319397,28,-4
0.004235982894897461,2.620033025741577,54.03222990036011,28,-4
0.005923986434936523,2.625957012176514,54.00260996818543,27,-5
0.006258964538574219,2.632215976715088,53.97757411003113,28,-4
0.005918025970458984,2.638134002685547,53.94798398017883,27,-5
0.005778074264526367,2.643912076950073,53.9190936088562,27,-5
0.006942987442016602,2.65085506439209,53.88437867164612,27,-5
0.006978034973144531,2.657833099365234,53.8494884967804,27,-5
0.007761955261230469,2.665595054626465,53.81067872047424,27,-5
0.006131887435913086,2.671726942062378,53.78001928329468,27,-5
0.006512165069580078,2.678239107131958,53.74745845794678,27,-5
0.004209995269775391,2.682449102401733,53.7264084815979,27,-5
0.005365848541259766,2.687814950942993,53.6995792388916,27,-5
0.006155967712402344,2.693970918655396,53.66879940032959,27,-5
0.005861997604370117,2.699832916259766,53.63362741470337,26,-6
0.006388187408447266,2.706221103668213,53.60168647766113,27,-5
0.007375955581665039,2.713597059249878,53.56480669975281,27,-5
0.004648923873901367,2.718245983123779,53.5369131565094,26,-6
0.006618976593017578,2.724864959716797,53.50381827354432,27,-5
0.005990982055664063,2.730855941772461,53.46787238121033,26,-6
0.00539708137512207,2.736253023147583,53.44088697433472,27,-5
0.006844043731689453,2.743097066879272,53.39982271194458,26,-6
0.005652904510498047,2.748749971389771,53.36590528488159,26,-6
0.008105039596557617,2.756855010986328,53.31727504730225,26,-6
0.007013082504272461,2.763868093490601,53.27519655227661,26,-6
0.005736827850341797,2.769604921340942,53.24077558517456,26,-6
0.006395101547241211,2.776000022888184,53.20240497589111,26,-6
0.006816864013671875,2.782816886901855,53.16150379180908,26,-6
0.006814002990722656,2.789630889892578,53.11380577087403,25,-7
0.007273197174072266,2.79690408706665,53.0701665878296,26,-6
0.006586790084838867,2.803490877151489,53.02405905723572,25,-7
0.006683111190795898,2.810173988342285,52.97727727890015,25,-7
0.006604909896850586,2.816778898239136,52.93104290962219,25,-7
0.005949020385742188,2.822727918624878,52.889399766922,25,-7
0.005752086639404297,2.828480005264282,52.84913516044617,25,-7
0.006964921951293945,2.835444927215576,52.80038070678711,25,-7
0.003445148468017578,2.838890075683594,52.77626466751099,25,-7
0.006695985794067383,2.845586061477661,52.72939276695252,25,-7
0.004464864730834961,2.850050926208496,52.69813871383668,25,-7
0.00684809684753418,2.85689902305603,52.65020203590393,25,-7
0.006464004516601563,2.863363027572632,52.60495400428773,25,-7
0.006212949752807617,2.869575977325439,52.56146335601807,25,-7
0.008245944976806641,2.877821922302246,52.50374174118043,25,-7
0.008005142211914063,2.88582706451416,52.44770574569703,25,-7
0.006340980529785156,2.892168045043945,52.40331888198853,25,-7
0.006445884704589844,2.898613929748535,52.3581976890564,25,-7
0.007620096206665039,2.9062340259552,52.30485701560974,25,-7
0.003799915313720703,2.910033941268921,52.2782576084137,25,-7
0.005707025527954102,2.915740966796875,52.23830842971802,25,-7
0.005372047424316406,2.921113014221191,52.20070409774781,25,-7
0.006609916687011719,2.927722930908203,52.15443468093873,25,-7
0.006232023239135742,2.933954954147339,52.11081051826477,25,-7
0.005960941314697266,2.939915895462036,52.0690839290619,25,-7
0.006213188171386719,2.946129083633423,52.02559161186219,25,-7
0.007423877716064453,2.953552961349487,51.97362446784973,25,-7
0.004661083221435547,2.958214044570923,51.94099688529969,25,-7
0.005487918853759766,2.963701963424683,51.90258145332336,25,-7
0.005787134170532227,2.969489097595215,51.86207151412964,25,-7
0.006186008453369141,2.975675106048584,51.81876945495606,25,-7
0.005989789962768555,2.981664896011353,51.77684092521668,25,-7
0.006723165512084961,2.988388061523438,51.72305560112,24,-8
0.007246017456054688,2.995634078979492,51.66508746147156,24,-8
0.008037805557250977,3.003671884536743,51.60078501701356,24,-8
0.006368160247802734,3.010040044784546,51.54983973503113,24,-8
0.005499839782714844,3.015539884567261,51.50584101676941,24,-8
0.00531315803527832,3.020853042602539,51.46333575248718,24,-8
0.005504846572875977,3.026357889175415,51.41929697990418,24,-8
0.005793094635009766,3.032150983810425,51.3729522228241,24,-8
0.006078004837036133,3.038228988647461,51.32432818412781,24,-8
0.00575709342956543,3.043986082077026,51.27827143669129,24,-8
0.006199836730957031,3.050185918807983,51.22867274284364,24,-8
0.006196975708007813,3.056382894515991,51.17909693717957,24,-8
0.00526118278503418,3.061644077301025,51.13700747489929,24,-8
0.006342887878417969,3.067986965179443,51.08626437187195,24,-8
0.008528947830200195,3.076515913009644,51.00950384140015,23,-9
0.006600141525268555,3.083116054534912,50.95010256767273,23,-9
0.006425857543945313,3.089541912078857,50.89226984977723,23,-9
0.007220983505249023,3.096762895584106,50.83450198173523,24,-8
0.006603002548217773,3.103365898132324,50.77507495880127,23,-9
0.006759166717529297,3.110125064849854,50.71424245834351,23,-9
0.007555007934570313,3.117680072784424,50.65380239486695,24,-8
0.008399009704589844,3.126079082489014,50.57821130752564,23,-9
0.00577092170715332,3.131850004196167,50.52627301216126,23,-9
0.006351947784423828,3.138201951980591,50.46910548210144,23,-9
0.009525060653686523,3.147727012634277,50.38337993621827,23,-9
0.005785942077636719,3.153512954711914,50.33130645751953,23,-9
0.006516933441162109,3.160029888153076,50.27265405654908,23,-9
0.006807088851928711,3.166836977005005,50.21139025688171,23,-9
0.006743907928466797,3.173580884933472,50.15069508552552,23,-9
0.007293224334716797,3.180874109268188,50.08505606651307,23,-9
0.006040811538696289,3.186914920806885,50.0306887626648,23,-9
0.008613109588623047,3.195528030395508,49.95317077636719,23,-9
0.005579948425292969,3.201107978820801,49.90295124053955,23,-9
0.007605075836181641,3.208713054656982,49.8421106338501,24,-8
0.007177829742431641,3.215890884399414,49.77751016616821,23,-9
0.004284143447875977,3.22017502784729,49.73895287513733,23,-9
0.006783962249755859,3.226958990097046,49.68468117713929,24,-8
0.00518798828125,3.232146978378296,49.63798928260804,23,-9
0.00580596923828125,3.237952947616577,49.58573555946351,23,-9
0.005854129791259766,3.243807077407837,49.53304839134216,23,-9
0.005678892135620117,3.249485969543457,49.48193836212159,23,-9
0.00763702392578125,3.257122993469238,49.42084217071534,24,-8
0.008842945098876953,3.265965938568115,49.35009860992432,24,-8
0.004554033279418945,3.270519971847534,49.31366634368897,24,-8
0.005865097045898438,3.276385068893433,49.26674556732178,24,-8
0.005517959594726563,3.281903028488159,49.22260189056397,24,-8
0.005610942840576172,3.287513971328735,49.17771434783936,24,-8
0.007529973983764648,3.2950439453125,49.11747455596924,24,-8
0.005785942077636719,3.300829887390137,49.07118701934815,24,-8
0.006911993026733398,3.30774188041687,49.01589107513428,24,-8
0.004754066467285156,3.312495946884155,48.977858543396,24,-8
0.006005048751831055,3.318500995635986,48.92981815338135,24,-8
0.004503965377807617,3.323004961013794,48.89378643035889,24,-8
0.006597042083740234,3.329602003097534,48.84101009368897,24,-8
0.006382942199707031,3.335984945297241,48.79632949829102,25,-7
0.00646209716796875,3.34244704246521,48.74463272094727,24,-8
0.008332967758178711,3.350780010223389,48.67796897888184,24,-8
0.006027936935424805,3.356807947158813,48.63577342033387,25,-7
0.006864070892333984,3.363672018051147,48.58772492408753,25,-7
0.007410049438476563,3.371082067489624,48.53585457801819,25,-7
0.005371809005737305,3.376453876495361,48.49825191497803,25,-7
0.009434223175048828,3.38588809967041,48.43221235275269,25,-7
0.007726907730102539,3.393615007400513,48.37812399864197,25,-7
0.007394075393676758,3.401009082794189,48.32636547088623,25,-7
0.006770849227905273,3.407779932022095,48.27896952629089,25,-7
0.01223301887512207,3.420012950897217,48.19333839416505,25,-7
0.006479978561401367,3.426492929458618,48.14797854423523,25,-7
0.006283044815063477,3.432775974273682,48.10399723052979,25,-7
0.005093097686767578,3.437869071960449,48.06834554672242,25,-7
0.005749940872192383,3.443619012832642,48.02809596061707,25,-7
0.006386995315551758,3.450006008148193,47.98977398872376,26,-6
0.007476091384887695,3.457482099533081,47.94491744041443,26,-6
0.006145954132080078,3.463628053665161,47.90189576148987,25,-7
0.004596948623657227,3.468225002288818,47.87431406974792,26,-6
0.00568389892578125,3.4739089012146,47.84021067619324,26,-6
0.005995988845825195,3.479904890060425,47.80423474311829,26,-6
0.00596308708190918,3.485867977142334,47.76845622062683,26,-6
0.006361961364746094,3.49222993850708,47.73028445243836,26,-6
0.006283044815063477,3.498512983322144,47.69258618354797,26,-6
0.006455898284912109,3.504968881607056,47.6538507938385,26,-6
0.006098031997680664,3.511066913604736,47.61726260185242,26,-6
0.007129192352294922,3.518196105957031,47.58161664009094,27,-5
0.007681846618652344,3.525877952575684,47.54320740699768,27,-5
0.005597114562988281,3.531475067138672,47.51522183418274,27,-5
0.007282018661499023,3.538757085800171,47.47881174087524,27,-5
0.007550954818725586,3.546308040618896,47.44860792160035,28,-4
0.004648923873901367,3.550956964492798,47.42536330223084,27,-5
0.006421089172363281,3.557378053665161,47.39967894554138,28,-4
0.006113052368164063,3.563491106033325,47.37522673606873,28,-4
0.006276845932006836,3.569767951965332,47.3501193523407,28,-4
0.005981922149658203,3.57574987411499,47.32619166374207,28,-4
0.00643610954284668,3.582185983657837,47.30044722557068,28,-4
0.005559921264648438,3.587745904922485,47.27820754051208,28,-4
0.007911205291748047,3.595657110214233,47.25447392463685,29,-3
0.006503820419311523,3.602160930633545,47.2349624633789,29,-3
0.005762100219726563,3.607923030853271,47.21767616271973,29,-3
0.006950855255126953,3.614873886108398,47.20377445220947,30,-2
0.005933046340942383,3.620806932449341,47.19190835952759,30,-2
0.007059097290039063,3.62786602973938,47.17779016494752,30,-2
0.00305485725402832,3.630920886993408,47.17473530769348,31,-1
0.007656097412109375,3.638576984405518,47.16707921028138,31,-1
0.00768589973449707,3.646262884140015,47.15939331054687,31,-1
0.003696203231811523,3.649959087371826,47.15569710731507,31,-1
0.005927801132202148,3.655886888504028,47.14976930618286,31,-1
0.006188154220581055,3.662075042724609,47.14358115196228,31,-1
0.006005048751831055,3.66808009147644,47.14358115196228,32,0
0.007330894470214844,3.675410985946655,47.13625025749207,31,-1
0.006236076354980469,3.681647062301636,47.13625025749207,32,0
0.006345033645629883,3.687992095947266,47.13625025749207,32,0
0.004239797592163086,3.692231893539429,47.13625025749207,32,0
0.006025075912475586,3.698256969451904,47.13625025749207,32,0
0.006806135177612305,3.705063104629517,47.14305639266968,33,1
0.004865884780883789,3.7099289894104,47.14792227745057,33,1
0.006498098373413086,3.716427087783813,47.15442037582398,33,1
0.005216836929321289,3.721643924713135,47.16485404968262,34,2
0.005830049514770508,3.727473974227905,47.17651414871216,34,2
0.005016088485717773,3.732490062713623,47.18654632568359,34,2
0.005939960479736328,3.738430023193359,47.19842624664307,34,2
0.007068872451782227,3.745498895645142,47.21256399154663,34,2
0.006265163421630859,3.751764059066772,47.22509431838989,34,2
0.007710933685302734,3.759474992752075,47.2482271194458,35,3
0.008152008056640625,3.767627000808716,47.27268314361573,35,3
0.007970094680786133,3.775597095489502,47.30456352233887,36,4
0.006277799606323242,3.781874895095825,47.32967472076417,36,4
0.007795095443725586,3.789669990539551,47.36085510253907,36,4
0.006758928298950195,3.796428918838501,47.38789081573486,36,4
0.006658077239990234,3.803086996078491,47.42118120193481,37,5
0.005254030227661133,3.808341026306152,47.44745135307312,37,5
0.006537914276123047,3.814878940582275,47.48014092445374,37,5
0.005438089370727539,3.820317029953003,47.50733137130737,37,5
0.006531000137329102,3.826848030090332,47.53998637199402,37,5
0.005305051803588867,3.832153081893921,47.57181668281556,38,6
0.005848884582519531,3.83800196647644,47.60690999031067,38,6
0.005602121353149414,3.84360408782959,47.64052271842957,38,6
0.006403923034667969,3.850008010864258,47.68535017967224,39,7
0.00762486457824707,3.857632875442505,47.73872423171997,39,7
0.006817102432250977,3.864449977874756,47.78644394874573,39,7
0.004275083541870117,3.868725061416626,47.81636953353882,39,7
0.006279945373535156,3.875005006790161,47.86032915115356,39,7
0.005548954010009766,3.880553960800171,47.90472078323364,40,8
0.006390094757080078,3.886944055557251,47.95584154129028,40,8
0.005484819412231445,3.892428874969482,47.99972009658814,40,8
0.005533218383789063,3.897962093353271,48.04398584365845,40,8
0.006898880004882813,3.904860973358154,48.1060757637024,41,9
0.005249977111816406,3.910110950469971,48.15332555770874,41,9
0.008207082748413086,3.918318033218384,48.22718930244446,41,9
0.007858991622924805,3.926177024841309,48.29792022705078,41,9
0.003756999969482422,3.929934024810791,48.33173322677613,41,9
0.005769968032836914,3.935703992843628,48.38366293907166,41,9
0.006117105484008789,3.941821098327637,48.44483399391175,42,10
0.006606817245483398,3.94842791557312,48.51090216636658,42,10
0.006494998931884766,3.954922914505005,48.57585215568543,42,10
0.005239963531494141,3.960162878036499,48.62825179100037,42,10
0.008444070816040039,3.968606948852539,48.72113656997681,43,11
0.00693202018737793,3.975538969039917,48.79738879203797,43,11
0.004931926727294922,3.980470895767212,48.8565719127655,44,12
0.005027055740356445,3.985497951507568,48.91689658164978,44,12
0.00535893440246582,3.990856885910034,48.98120379447938,44,12
0.005220174789428711,3.996077060699463,49.04384589195252,44,12
0.006394863128662109,4.002471923828125,49.12058424949646,44,12
0.006245136260986328,4.008717060089111,49.1955258846283,44,12
0.007143974304199219,4.015861034393311,49.28125357627869,44,12
0.0039520263671875,4.019813060760498,49.33262991905213,45,13
0.006319046020507813,4.026132106781006,49.41477751731873,45,13
0.006906986236572266,4.033039093017578,49.50456833839417,45,13
0.005362987518310547,4.038402080535889,49.57965016365051,46,14
0.007741928100585938,4.046144008636475,49.68803715705872,46,14
0.005877017974853516,4.052021026611328,49.77031540870667,46,14
0.0057830810546875,4.057804107666016,49.8512785434723,46,14
0.005884885787963867,4.063688993453979,49.93366694450379,46,14
0.008090972900390625,4.07177996635437,50.05503153800965,47,15
0.006649971008300781,4.078429937362671,50.15478110313416,47,15
0.004930019378662109,4.083359956741333,50.22873139381409,47,15
0.005697965621948242,4.089057922363281,50.31420087814332,47,15
0.006559133529663086,4.095617055892944,50.41258788108826,47,15
0.004871845245361328,4.100488901138306,50.49053740501404,48,16
0.007428169250488281,4.107917070388794,50.60938811302186,48,16
0.004848003387451172,4.112765073776245,50.68695616722107,48,16
0.005983829498291016,4.118748903274536,50.78868126869202,49,17
0.004817008972167969,4.123565912246704,50.87057042121888,49,17
0.005347967147827148,4.128913879394531,50.96148586273194,49,17
0.006618022918701172,4.135531902313232,51.07399225234985,49,17
0.004590034484863281,4.140121936798096,51.15202283859253,49,17
0.006391048431396484,4.146512985229492,51.26706171035767,50,18
0.006437063217163086,4.152950048446655,51.38292884826661,50,18
0.006414890289306641,4.159364938735962,51.50481176376343,51,19
0.008218050003051758,4.167582988739014,51.66917276382446,52,20
0.007838964462280273,4.175421953201294,51.82595205307007,52,20
0.003397941589355469,4.178819894790649,51.89730882644653,53,21
0.006596088409423828,4.185415983200073,52.03582668304444,53,21
0.0056610107421875,4.191076993942261,52.15470790863037,53,21
0.009459018707275391,4.200536012649536,52.36280632019043,54,22
0.003831863403320313,4.204367876052856,52.44710731506348,54,22
0.007276058197021484,4.211643934249878,52.60718059539795,54,22
0.006225109100341797,4.21786904335022,52.74413299560547,54,22
0.007530927658081055,4.225399971008301,52.90981340408326,54,22
0.005295991897583008,4.230695962905884,53.03162121772766,55,23
0.005613088607788086,4.236309051513672,53.16072225570679,55,23
0.00624394416809082,4.242552995681763,53.31057691574097,56,24
0.007066011428833008,4.249619007110596,53.48016119003296,56,24
0.006697893142700195,4.256316900253296,53.64091062545777,56,24
0.006798028945922852,4.263114929199219,53.81086134910584,57,25
0.006741046905517578,4.269855976104736,53.97938752174378,57,25
0.006055116653442383,4.275911092758179,54.13076543807984,57,25
0.005891799926757813,4.281802892684937,54.27806043624878,57,25
0.006365060806274414,4.288167953491211,54.44355201721192,58,26
0.007837057113647461,4.296005010604858,54.64731550216675,58,26
0.005666017532348633,4.301671028137207,54.79463195800782,58,26
0.005733966827392578,4.3074049949646,54.94944906234742,59,27
0.005321025848388672,4.312726020812988,55.09311676025391,59,27
0.007058858871459961,4.319784879684448,55.29076480865479,60,28
0.006283998489379883,4.326068878173828,55.46671676635743,60,28
0.007539033889770508,4.333607912063599,55.68534874916077,61,29
0.005823135375976563,4.339431047439575,55.85421967506409,61,29
0.006329059600830078,4.345760107040405,56.03776240348816,61,29
0.006102800369262695,4.351862907409668,56.21474361419678,61,29
0.005868196487426758,4.357731103897095,56.38492131233216,61,29
0.009912967681884766,4.367644071578979,56.6823103427887,62,30
0.007226943969726563,4.374871015548706,56.8991186618805,62,30
0.005441904067993164,4.380312919616699,57.06237578392029,62,30
0.006515026092529297,4.386827945709229,57.25782656669617,62,30
0.006206989288330078,4.393034934997559,57.4502432346344,63,31
0.005731105804443359,4.398766040802002,57.62790751457215,63,31
0.008152961730957031,4.406919002532959,57.88064932823182,63,31
0.007986068725585938,4.414905071258545,58.13620352745057,64,32
0.002940893173217773,4.417845964431763,58.23031210899353,64,32
0.005923986434936523,4.423769950866699,58.42580366134644,65,33
0.006044149398803711,4.429814100265503,58.62526059150696,65,33
0.006698846817016602,4.43651294708252,58.84632253646851,65,33
0.006360054016113281,4.442873001098633,59.06256437301636,66,34
0.006637096405029297,4.449510097503662,59.29486274719238,67,35
0.00444483757019043,4.453954935073853,59.45043206214905,67,35
0.007130146026611328,4.461085081100464,59.70711731910706,68,36
0.005642890930175781,4.46672797203064,59.91026139259339,68,36
0.005144119262695313,4.471872091293335,60.09544968605042,68,36
0.005959987640380859,4.477832078933716,60.31000924110413,68,36
0.006007909774780273,4.483839988708496,60.52629399299622,68,36
0.007178068161010742,4.491018056869507,60.79188251495362,69,37
0.007446050643920898,4.498464107513428,61.06738638877869,69,37
0.007700920104980469,4.506165027618408,61.35232043266297,69,37
0.008794069290161133,4.514959096908569,61.67770099639893,69,37
0.005490779876708984,4.520449876785278,61.88635063171387,70,38
0.006614208221435547,4.527064085006714,62.13769054412842,70,38
0.005507946014404297,4.532572031021118,62.34699249267578,70,38
0.006312847137451172,4.538884878158569,62.59319353103638,71,39
0.004599094390869141,4.543483972549438,62.77255821228028,71,39
0.006354093551635742,4.549838066101074,63.02036786079407,71,39
0.007777929306030273,4.557615995407104,63.32370710372925,71,39
0.004901885986328125,4.562517881393433,63.51978254318237,72,40
0.005922079086303711,4.568439960479736,63.75074362754822,71,39
0.007270097732543945,4.57571005821228,64.04154753684998,72,40
0.006148815155029297,4.58185887336731,64.28750014305115,72,40
0.006525039672851563,4.588383913040161,64.54850172996522,72,40
0.005587100982666016,4.593971014022827,64.77198576927186,72,40
0.005800008773803711,4.599771022796631,65.003986120224,72,40
0.009006977081298828,4.60877799987793,65.37327218055726,73,41
0.007517099380493164,4.616295099258423,65.68147325515747,73,41
0.007236003875732422,4.623531103134155,65.9781494140625,73,41
0.006651878356933594,4.630182981491089,66.25087642669678,73,41
0.005208969116210938,4.6353919506073,66.46444416046143,73,41
0.005169153213500977,4.640561103820801,66.67637944221497,73,41
0.008291006088256836,4.648852109909058,67.0163106918335,73,41
0.007202863693237305,4.656054973602295,67.31162810325623,73,41
0.004442930221557617,4.660497903823853,67.48934531211853,72,40
0.005431175231933594,4.665929079055786,67.71202349662781,73,41
0.006064891815185547,4.671993970870972,67.95461916923523,72,40
0.005824089050292969,4.677818059921265,68.19340682029725,73,41
0.008100986480712891,4.685919046401978,68.51744627952576,72,40
0.00421595573425293,4.69013500213623,68.69030046463013,73,41
0.006213903427124023,4.696348905563354,68.94507050514221,73,41
0.00708317756652832,4.703432083129883,69.23548078536988,73,41
0.00503087043762207,4.708462953567505,69.43671560287476,72,40
0.009716033935546875,4.718178987503052,69.82535696029664,72,40
0.004899024963378906,4.723078012466431,70.02621698379517,73,41
0.006421089172363281,4.729499101638794,70.28948163986207,73,41
0.006747007369995117,4.736246109008789,70.56610894203186,73,41
0.004317998886108398,4.740564107894897,70.74314689636231,73,41
0.005600929260253906,4.746165037155151,70.97278499603272,73,41
0.005923986434936523,4.752089023590088,71.21566843986511,73,41
0.005891084671020508,4.757980108261108,71.45720291137696,73,41
0.005605936050415039,4.763586044311523,71.68704628944397,73,41
0.006473064422607422,4.770059108734131,71.95244193077087,73,41
0.006468772888183594,4.776527881622314,72.21766161918641,73,41
0.007034063339233398,4.783561944961548,72.50605821609497,73,41
0.007203102111816406,4.790765047073364,72.80138540267945,73,41
0.006706953048706055,4.79747200012207,73.07637047767639,73,41
0.005069971084594727,4.802541971206665,73.28423929214478,73,41
0.006029129028320313,4.808571100234985,73.53143358230591,73,41
0.007188796997070313,4.815759897232056,73.82617425918579,73,41
0.003946065902709961,4.819705963134766,73.9879629611969,73,41
0.00598597526550293,4.825691938400269,74.23338794708252,73,41
0.005382061004638672,4.831073999404907,74.45405244827271,73,41
0.00634002685546875,4.837414026260376,74.71399354934693,73,41
0.005085945129394531,4.842499971389771,74.9225172996521,73,41
0.007264137268066406,4.849764108657837,75.22034692764283,73,41
0.006688833236694336,4.856452941894531,75.4945890903473,73,41
0.004929065704345703,4.861382007598877,75.69668078422547,73,41
0.004791975021362305,4.866173982620239,75.89315176010132,73,41
0.00607609748840332,4.872250080108643,76.14227175712585,73,41
0.00591588020324707,4.87816596031189,76.38482284545899,73,41
0.005530118942260742,4.88369607925415,76.61155772209168,73,41
0.005769014358520508,4.889465093612671,76.84808731079102,73,41
0.006539821624755859,4.896004915237427,77.11621999740601,73,41
0.006803035736083984,4.902807950973511,77.39514446258545,73,41
0.007044076919555664,4.909852027893066,77.68395161628724,73,41
0.007706880569458008,4.917558908462524,77.99993371963502,73,41
0.005913019180297852,4.923471927642822,78.24236750602722,73,41
0.00699615478515625,4.930468082427979,78.52920985221863,73,41
0.006873846054077148,4.937341928482056,78.81103754043579,73,41
0.006134986877441406,4.943476915359497,79.0625720024109,73,41
0.007261037826538086,4.950737953186035,79.36027455329896,73,41
0.008234977722167969,4.958972930908203,79.69790863990784,73,41
0.003158092498779297,4.962131023406982,79.82739043235779,73,41
0.005774021148681641,4.967905044555664,80.06412529945374,73,41
0.007484912872314453,4.975389957427979,80.37100672721863,73,41
0.005105018615722656,4.980494976043701,80.58031249046326,73,41
0.006361007690429688,4.986855983734131,80.84111380577088,73,41
0.005634069442749023,4.99249005317688,81.07211065292359,73,41
0.006036996841430664,4.998527050018311,81.31962752342224,73,41
0.009050846099853516,5.007577896118164,81.69071221351624,73,41
0.006249189376831055,5.013827085494995,81.94692897796632,73,41
0.008327007293701172,5.022154092788696,82.28833627700807,73,41
0.006502866744995117,5.028656959533691,82.55495381355287,73,41
0.007590055465698242,5.03624701499939,82.8661460876465,73,41
0.006365060806274414,5.042612075805664,83.12711358070374,73,41
0.006155014038085938,5.04876708984375,83.37946915626526,73,41
0.006934881210327148,5.055701971054077,83.66379928588868,73,41
0.003849983215332031,5.059551954269409,83.82164859771729,73,41
0.006189107894897461,5.065741062164307,84.07540202140808,73,41
0.006492853164672852,5.072233915328979,84.34160900115968,73,41
0.007234096527099609,5.079468011856079,84.63820695877075,73,41
0.006308078765869141,5.085776090621948,84.8968381881714,73,41
0.005901813507080078,5.091677904129028,85.13881254196168,73,41
0.005715131759643555,5.097393035888672,85.37313294410707,73,41
0.006299018859863281,5.103692054748535,85.63139271736146,73,41
0.006065845489501953,5.109757900238037,85.88009238243103,73,41
0.006242990493774414,5.116000890731812,86.13605499267578,73,41
0.007454156875610352,5.123455047607422,86.44167542457581,73,41
0.006276845932006836,5.129731893539429,86.69902610778809,73,41
0.007925033569335938,5.137656927108765,87.02395248413087,73,41
0.007791996002197266,5.145448923110962,87.34342432022094,73,41
0.005450010299682617,5.150898933410645,87.56687474250795,73,41
0.004681110382080078,5.155580043792725,87.75880026817322,73,41
0.005462884902954102,5.161042928695679,87.98277854919434,73,41
0.006446123123168945,5.167489051818848,88.24706959724427,73,41
0.008215904235839844,5.175704956054688,88.5839216709137,73,41
0.004019975662231445,5.179724931716919,88.7487406730652,73,41
0.006016969680786133,5.185741901397705,88.99543642997742,73,41
0.005377054214477539,5.191118955612183,89.21589565277101,73,41
0.006760120391845703,5.197879076004028,89.49306058883668,73,41
0.004860877990722656,5.202739953994751,89.6923565864563,73,41
0.006680965423583984,5.209420919418335,89.96627616882325,73,41
0.007090091705322266,5.216511011123657,90.25696992874146,73,41
0.008857011795043945,5.225368022918701,90.62010741233825,73,41
0.007614850997924805,5.232982873916626,90.93231630325318,73,41
0.007581233978271484,5.240564107894897,91.24314689636231,73,41
0.008211851119995117,5.248775959014893,91.5798327922821,73,41
0.004750967025756836,5.253526926040649,91.7793734073639,74,42
0.005151033401489258,5.258677959442139,91.99056577682496,73,41
0.006932973861694336,5.265610933303833,92.28175067901612,74,42
0.004503011703491211,5.270113945007324,92.47087717056274,74,42
0.005964994430541992,5.276078939437866,92.72140693664552,74,42
0.007348060607910156,5.283427000045776,93.03002548217775,74,42
0.006692886352539063,5.290119886398315,93.31112670898438,74,42
0.006378173828125,5.29649806022644,93.57901000976563,74,42
0.00634002685546875,5.302838087081909,93.84529113769531,74,42
0.006725788116455078,5.309563875198364,94.12777423858643,74,42
0.006493091583251953,5.316056966781616,94.40048408508302,74,42
0.006355047225952148,5.322412014007568,94.66739606857301,74,42
0.007452964782714844,5.329864978790283,94.98042058944703,74,42
0.007873058319091797,5.337738037109375,95.30321598052979,73,41
0.007982015609741211,5.345720052719116,95.63047862052917,73,41
0.006772994995117188,5.352493047714233,95.90817141532899,73,41
0.006392002105712891,5.358885049819946,96.17024350166322,73,41
0.006834030151367188,5.365719079971313,96.45043873786927,73,41
0.003289937973022461,5.369009017944336,96.58532619476318,73,41
0.006080865859985352,5.375089883804321,96.83464169502258,73,41
0.00513005256652832,5.38021993637085,97.04497385025025,73,41
0.006071090698242188,5.386291027069092,97.29388856887818,73,41
0.006695985794067383,5.392987012863159,97.56842398643494,73,41
0.005719900131225586,5.398706912994385,97.80293989181519,73,41
0.01025199890136719,5.408958911895752,98.22327184677125,73,41
0.0075531005859375,5.416512012481689,98.53294897079468,73,41
0.004528045654296875,5.421040058135986,98.71859884262086,73,41
0.004972934722900391,5.426012992858887,98.92248916625977,73,41
0.005743026733398438,5.431756019592285,99.1579532623291,73,41
0.009250879287719727,5.441006898880005,99.53723931312561,73,41
0.006407022476196289,5.447413921356201,99.79992723464967,73,41
0.005993127822875977,5.453407049179077,100.0456454753876,73,41
0.005190849304199219,5.458597898483276,100.2584702968597,73,41
0.006923198699951172,5.465521097183228,100.5423214435577,73,41
0.006541013717651367,5.472062110900879,100.8105030059814,73,41
0.006913900375366211,5.478976011276245,101.0939729213715,73,41
0.004977941513061523,5.483953952789307,101.298068523407,73,41
0.005764961242675781,5.489718914031982,101.5344319343567,73,41
0.006014108657836914,5.495733022689819,101.781010389328,73,41
0.006198883056640625,5.50193190574646,102.0351645946503,73,41
0.005917072296142578,5.507848978042603,102.2777645587921,73,41
0.008542060852050781,5.516391038894653,102.6279890537262,73,41
0.006682872772216797,5.52307391166687,102.9019868373871,73,41
0.005243062973022461,5.528316974639893,103.122195482254,74,42
0.009274005889892578,5.537590980529785,103.5024297237396,73,41
0.007772922515869141,5.545363903045654,103.8288924694061,74,42
0.006386041641235352,5.55174994468689,104.097106218338,74,42
0.005948066711425781,5.557698011398315,104.3469250202179,74,42
0.009742021560668945,5.567440032958984,104.756089925766,74,42
0.006139993667602539,5.573580026626587,105.0139696598053,74,42
0.005970954895019531,5.579550981521606,105.2647497653961,74,42
0.006732940673828125,5.586283922195435,105.5475332736969,74,42
0.005913972854614258,5.592197895050049,105.7959201335907,74,42
0.006311178207397461,5.598509073257446,106.0609896183014,74,42
0.00792694091796875,5.606436014175415,106.3939211368561,74,42
0.007123947143554688,5.61355996131897,106.6931269168854,74,42
0.004493951797485352,5.618053913116455,106.8818728923798,74,42
0.005650043487548828,5.623703956604004,107.1191747188568,74,42
0.006020069122314453,5.629724025726318,107.372017621994,74,42
0.006114959716796875,5.635838985443115,107.6288459300995,74,42
0.006433963775634766,5.64227294921875,107.8990724086762,74,42
0.007351160049438477,5.649624109268188,108.2078211307526,74,42
0.006469964981079102,5.656094074249268,108.4795596599579,74,42
0.006749868392944336,5.662843942642212,108.7630541324615,74,42
0.00677800178527832,5.66962194442749,109.0477302074432,74,42
0.006432056427001953,5.676054000854492,109.3178765773773,74,42
0.006438016891479492,5.682492017745972,109.5882732868195,74,42
0.008436918258666992,5.690928936004639,109.9426238536835,74,42
0.006636142730712891,5.697565078735352,110.2213418483734,74,42
0.006922006607055664,5.704487085342407,110.5120661258697,74,42
0.004139900207519531,5.708626985549927,110.6859419345856,74,42
0.006311893463134766,5.714938879013062,110.9510414600372,74,42
0.00499415397644043,5.719933032989502,111.1607959270477,74,42
0.006237983703613281,5.726171016693115,111.4227912425995,74,42
0.005764961242675781,5.731935977935791,111.6649196147919,74,42
0.006042003631591797,5.737977981567383,111.9186837673187,74,42
0.008168935775756836,5.74614691734314,112.2617790699005,74,42
0.005489110946655273,5.751636028289795,112.49232172966,74,42
0.006480932235717773,5.758116960525513,112.7645208835602,74,42
0.004151105880737305,5.76226806640625,112.9388673305511,74,42
0.005517959594726563,5.767786026000977,113.1706216335297,74,42
0.005948066711425781,5.773734092712402,113.4204404354096,74,42
0.006086826324462891,5.779820919036865,113.676087141037,74,42
0.006621122360229492,5.786442041397095,113.9541742801666,74,42
0.009490966796875,5.79593300819397,114.3527948856354,74,42
0.006479978561401367,5.802412986755371,114.6249539852142,74,42
0.009382009506225586,5.811794996261597,115.0189983844757,74,42
0.005855083465576172,5.817650079727173,115.2649118900299,74,42
0.005968809127807617,5.82361888885498,115.5156018733978,74,42
0.009443044662475586,5.833061933517456,115.9122097492218,74,42
0.006060123443603516,5.83912205696106,116.1667349338531,74,42
0.007285833358764648,5.846407890319824,116.4727399349213,74,42
0.00431513786315918,5.850723028182983,116.653975725174,74,42
0.0055389404296875,5.856261968612671,116.8866112232208,74,42
0.005984067916870117,5.862246036529541,117.1379420757294,74,42
0.006799936294555664,5.869045972824097,117.4235394001007,74,42
0.006014108657836914,5.875060081481934,117.6761319637299,74,42
0.007035970687866211,5.8820960521698,117.9716427326202,74,42
0.005785942077636719,5.887881994247437,118.214652299881,74,42
0.005990982055664063,5.893872976303101,118.4662735462189,74,42
0.005646944046020508,5.899519920349121,118.7034451961517,74,42
0.006859064102172852,5.906378984451294,118.991525888443,74,42
0.006422042846679688,5.912801027297974,119.2612516880035,74,42
0.00612187385559082,5.918922901153564,119.5183703899384,74,42
0.004939079284667969,5.923861980438232,119.7258117198944,74,42
0.00586390495300293,5.929725885391235,119.9720957279205,74,42
0.0066680908203125,5.936393976211548,120.2521555423737,74,42
0.005579948425292969,5.941973924636841,120.486513376236,74,42
0.008003950119018555,5.949977874755859,120.8226792812347,74,42
