Ts=calc,Tid=meas,Volum=calc,Lys=meas,Flow=calc
nullflow=45,Lys0=45
0.005,0,0,45,0
0.01521205902099609,0.01521205902099609,0,45,0
0.006026983261108398,0.02123904228210449,0,45,0
0.006017923355102539,0.02725696563720703,0,45,0
0.005650043487548828,0.03290700912475586,0,45,0
0.005971908569335938,0.0388789176940918,0,45,0
0.006443977355957031,0.04532289505004883,0,45,0
0.007110118865966797,0.05243301391601563,0,45,0
0.00527501106262207,0.0577080249786377,0,45,0
0.01198697090148926,0.06969499588012695,0,45,0
0.001600027084350586,0.07129502296447754,0,45,0
0.005948066711425781,0.07724308967590332,0,45,0
0.007251977920532227,0.08449506759643555,0,45,0
0.004091024398803711,0.08858609199523926,0,45,0
0.008414983749389648,0.09700107574462891,0,45,0
0.004594802856445313,0.1015958786010742,0,45,0
0.007444143295288086,0.1090400218963623,-0.007444143295288086,44,-1
0.004636049270629883,0.1136760711669922,-0.007444143295288086,45,0
0.00651097297668457,0.1201870441436768,-0.007444143295288086,45,0
0.007571935653686523,0.1277589797973633,-0.007444143295288086,45,0
0.007411956787109375,0.1351709365844727,-0.01485610008239746,44,-1
0.006675004959106445,0.1418459415435791,-0.01485610008239746,45,0
0.006955146789550781,0.1488010883331299,-0.01485610008239746,45,0
0.00797581672668457,0.1567769050598145,-0.02283191680908203,44,-1
0.008522987365722656,0.1652998924255371,-0.03135490417480469,44,-1
0.007712125778198242,0.1730120182037354,-0.03906702995300293,44,-1
0.004394054412841797,0.1774060726165771,-0.04346108436584473,44,-1
0.005532979965209961,0.1829390525817871,-0.04899406433105469,44,-1
0.005813837051391602,0.1887528896331787,-0.05480790138244629,44,-1
0.006492137908935547,0.1952450275421143,-0.06130003929138184,44,-1
0.005831003189086914,0.2010760307312012,-0.06713104248046875,44,-1
0.005575895309448242,0.2066519260406494,-0.07270693778991699,44,-1
0.006061077117919922,0.2127130031585693,-0.07876801490783691,44,-1
0.0067138671875,0.2194268703460693,-0.08548188209533691,44,-1
0.005258083343505859,0.2246849536895752,-0.09073996543884277,44,-1
0.005840063095092773,0.230525016784668,-0.09658002853393555,44,-1
0.005605936050415039,0.236130952835083,-0.1021859645843506,44,-1
0.005691051483154297,0.2418220043182373,-0.1078770160675049,44,-1
0.005331993103027344,0.2471539974212646,-0.1132090091705322,44,-1
0.0080718994140625,0.2552258968353271,-0.1212809085845947,44,-1
0.006453037261962891,0.26167893409729,-0.1277339458465576,44,-1
0.006901025772094727,0.2685799598693848,-0.1415359973907471,43,-2
0.007110118865966797,0.2756900787353516,-0.1557562351226807,43,-2
0.004285812377929688,0.2799758911132813,-0.16432785987854,43,-2
0.009355068206787109,0.2893309593200684,-0.1830379962921143,43,-2
0.006871938705444336,0.2962028980255127,-0.1967818737030029,43,-2
0.006457090377807617,0.3026599884033203,-0.2096960544586182,43,-2
0.006593942642211914,0.3092539310455322,-0.222883939743042,43,-2
0.006261110305786133,0.3155150413513184,-0.2354061603546143,43,-2
0.00644683837890625,0.3219618797302246,-0.2482998371124268,43,-2
0.004836082458496094,0.3267979621887207,-0.2579720020294189,43,-2
0.00563502311706543,0.3324329853057861,-0.2692420482635498,43,-2
0.005549907684326172,0.3379828929901123,-0.2803418636322021,43,-2
0.00566411018371582,0.3436470031738281,-0.2916700839996338,43,-2
0.005409002304077148,0.3490560054779053,-0.3024880886077881,43,-2
0.006608963012695313,0.3556649684906006,-0.322314977645874,42,-3
0.006166934967041016,0.3618319034576416,-0.3408157825469971,42,-3
0.005712985992431641,0.3675448894500732,-0.357954740524292,42,-3
0.005140066146850586,0.3726849555969238,-0.3733749389648438,42,-3
0.005424976348876953,0.3781099319458008,-0.3896498680114746,42,-3
0.007159948348999023,0.3852698802947998,-0.4111297130584717,42,-3
0.005794048309326172,0.391063928604126,-0.4285118579864502,42,-3
0.005752086639404297,0.3968160152435303,-0.4515202045440674,41,-4
0.00733494758605957,0.4041509628295898,-0.4808599948883057,41,-4
0.005584001541137695,0.4097349643707275,-0.5031960010528564,41,-4
0.007035970687866211,0.4167709350585938,-0.5313398838043213,41,-4
0.004856109619140625,0.4216270446777344,-0.5507643222808838,41,-4
0.007416009902954102,0.4290430545806885,-0.5878443717956543,40,-5
0.003130912780761719,0.4321739673614502,-0.6003680229187012,41,-4
0.005666971206665039,0.4378409385681152,-0.6287028789520264,40,-5
0.007071971893310547,0.4449129104614258,-0.6640627384185791,40,-5
0.007068157196044922,0.4519810676574707,-0.6994035243988037,40,-5
0.006450891494750977,0.4584319591522217,-0.7316579818725586,40,-5
0.007766962051391602,0.4661989212036133,-0.7782597541809082,39,-6
0.006389141082763672,0.472588062286377,-0.8165946006774902,39,-6
0.007488012313842773,0.4800760746002197,-0.8615226745605469,39,-6
0.006723880767822266,0.486799955368042,-0.9018659591674805,39,-6
0.00779414176940918,0.4945940971374512,-0.9486308097839355,39,-6
0.006063938140869141,0.5006580352783203,-0.9850144386291504,39,-6
0.007258892059326172,0.5079169273376465,-1.035826683044434,38,-7
0.007673978805541992,0.5155909061431885,-1.089544534683228,38,-7
0.003473997116088867,0.5190649032592773,-1.11386251449585,38,-7
0.005729198455810547,0.5247941017150879,-1.153966903686523,38,-7
0.006318807601928711,0.5311129093170166,-1.198198556900024,38,-7
0.006448030471801758,0.5375609397888184,-1.243334770202637,38,-7
0.007267951965332031,0.5448288917541504,-1.301478385925293,37,-8
0.004430055618286133,0.5492589473724365,-1.336918830871582,37,-8
0.006741046905517578,0.5559999942779541,-1.384106159210205,38,-7
0.007040023803710938,0.563040018081665,-1.433386325836182,38,-7
0.006299972534179688,0.5693399906158447,-1.477486133575439,38,-7
0.007143974304199219,0.5764839649200439,-1.527493953704834,38,-7
0.004413127899169922,0.5808970928192139,-1.558385848999023,38,-7
0.006031990051269531,0.5869290828704834,-1.60060977935791,38,-7
0.004411935806274414,0.5913410186767578,-1.631493330001831,38,-7
0.005698919296264648,0.5970399379730225,-1.671385765075684,38,-7
0.00609898567199707,0.6031389236450195,-1.714078664779663,38,-7
0.005797147750854492,0.608936071395874,-1.754658699035645,38,-7
0.006294965744018555,0.6152310371398926,-1.798723459243774,38,-7
0.006489992141723633,0.6217210292816162,-1.84415340423584,38,-7
0.006780862808227539,0.6285018920898438,-1.891619443893433,38,-7
0.007139205932617188,0.6356410980224609,-1.941593885421753,38,-7
0.006372928619384766,0.6420140266418457,-1.986204385757446,38,-7
0.005922079086303711,0.6479361057281494,-2.027658939361572,38,-7
0.0068359375,0.6547720432281494,-2.075510501861572,38,-7
0.004237890243530273,0.6590099334716797,-2.105175733566284,38,-7
0.006265163421630859,0.6652750968933105,-2.1490318775177,38,-7
0.006305932998657227,0.6715810298919678,-2.199479341506958,37,-8
0.005220890045166016,0.6768019199371338,-2.241246461868286,37,-8
0.008823156356811523,0.6856250762939453,-2.311831712722778,37,-8
0.005563974380493164,0.6911890506744385,-2.356343507766724,37,-8
0.004011869430541992,0.6952009201049805,-2.38843846321106,37,-8
0.00697016716003418,0.7021710872650146,-2.444199800491333,37,-8
0.006570816040039063,0.7087419033050537,-2.496766328811646,37,-8
0.006955146789550781,0.7156970500946045,-2.559362649917603,36,-9
0.005571842193603516,0.721268892288208,-2.609509229660034,36,-9
0.006113052368164063,0.7273819446563721,-2.658413648605347,37,-8
0.008015155792236328,0.7353971004486084,-2.722534894943237,37,-8
0.005723953247070313,0.7411210536956787,-2.7683265209198,37,-8
0.007594823837280273,0.748715877532959,-2.829085111618042,37,-8
0.008126020431518555,0.7568418979644775,-2.89409327507019,37,-8
0.006127119064331055,0.7629690170288086,-2.936983108520508,38,-7
0.00598597526550293,0.7689549922943115,-2.978884935379028,38,-7
0.005511999130249023,0.7744669914245605,-3.017468929290771,38,-7
0.005063056945800781,0.7795300483703613,-3.052910327911377,38,-7
0.0055999755859375,0.7851300239562988,-3.092110157012939,38,-7
0.006020069122314453,0.7911500930786133,-3.134250640869141,38,-7
0.005819797515869141,0.7969698905944824,-3.174989223480225,38,-7
0.006144046783447266,0.8031139373779297,-3.217997550964355,38,-7
0.005869150161743164,0.8089830875396729,-3.253212451934814,39,-6
0.006232976913452148,0.815216064453125,-3.290610313415527,39,-6
0.006474971771240234,0.8216910362243652,-3.329460144042969,39,-6
0.006309032440185547,0.8280000686645508,-3.367314338684082,39,-6
0.008636951446533203,0.836637020111084,-3.410499095916748,40,-5
0.004462003707885742,0.8410990238189697,-3.432809114456177,40,-5
0.005711078643798828,0.8468101024627686,-3.461364507675171,40,-5
0.005704879760742188,0.8525149822235107,-3.489888906478882,40,-5
0.00648808479309082,0.8590030670166016,-3.522329330444336,40,-5
0.006500959396362305,0.8655040264129639,-3.554834127426147,40,-5
0.004957914352416992,0.8704619407653809,-3.579623699188232,40,-5
0.005239009857177734,0.8757009506225586,-3.605818748474121,40,-5
0.006819009780883789,0.8825199604034424,-3.633094787597656,41,-4
0.005403995513916016,0.8879239559173584,-3.65471076965332,41,-4
0.006698131561279297,0.8946220874786377,-3.681503295898438,41,-4
0.006036996841430664,0.9006590843200684,-3.699614286422729,42,-3
0.006409883499145508,0.9070689678192139,-3.725253820419312,41,-4
0.005873918533325195,0.9129428863525391,-3.742875576019287,42,-3
0.006605148315429688,0.9195480346679688,-3.762691020965576,42,-3
0.006144046783447266,0.925692081451416,-3.781123161315918,42,-3
0.007066965103149414,0.9327590465545654,-3.802324056625366,42,-3
0.004744052886962891,0.9375030994415283,-3.811812162399292,43,-2
0.0055389404296875,0.9430420398712158,-3.822890043258667,43,-2
0.00621795654296875,0.9492599964141846,-3.835325956344604,43,-2
0.005812883377075195,0.9550728797912598,-3.846951723098755,43,-2
0.005510091781616211,0.960582971572876,-3.857971906661987,43,-2
0.005084037780761719,0.9656670093536377,-3.868139982223511,43,-2
0.006306886672973633,0.9719738960266113,-3.880753755569458,43,-2
0.00609898567199707,0.9780728816986084,-3.892951726913452,43,-2
0.007021188735961914,0.9850940704345703,-3.906994104385376,43,-2
0.003809928894042969,0.9889039993286133,-3.910804033279419,44,-1
0.00645899772644043,0.9953629970550537,-3.917263031005859,44,-1
0.005990982055664063,1.001353979110718,-3.917263031005859,45,0
0.005749940872192383,1.00710391998291,-3.917263031005859,45,0
0.006484031677246094,1.013587951660156,-3.917263031005859,45,0
0.006845951080322266,1.020433902740479,-3.917263031005859,45,0
0.006618022918701172,1.02705192565918,-3.917263031005859,45,0
0.006093025207519531,1.033144950866699,-3.917263031005859,45,0
0.005599021911621094,1.03874397277832,-3.911664009094238,46,1
0.006082057952880859,1.044826030731201,-3.905581951141357,46,1
0.006131887435913086,1.050957918167114,-3.899450063705444,46,1
0.005578041076660156,1.056535959243774,-3.893872022628784,46,1
0.005276918411254883,1.061812877655029,-3.883318185806274,47,2
0.00743412971496582,1.069247007369995,-3.861015796661377,48,3
0.007180929183959961,1.076427936553955,-3.839473009109497,48,3
0.008291959762573242,1.084719896316528,-3.814597129821777,48,3
0.009843111038208008,1.094563007354736,-3.785067796707153,48,3
0.005385875701904297,1.099948883056641,-3.763524293899536,49,4
0.006089210510253906,1.106038093566895,-3.739167451858521,49,4
0.005714893341064453,1.111752986907959,-3.716307878494263,49,4
0.005073070526123047,1.116826057434082,-3.690942525863647,50,5
0.006067037582397461,1.122893095016479,-3.66060733795166,50,5
0.006452798843383789,1.129345893859863,-3.621890544891357,51,6
0.005689144134521484,1.135035037994385,-3.587755680084229,51,6
0.006345033645629883,1.141380071640015,-3.549685478210449,51,6
0.007082939147949219,1.148463010787964,-3.507187843322754,51,6
0.009203910827636719,1.157666921615601,-3.451964378356934,51,6
0.007246017456054688,1.164912939071655,-3.408488273620605,51,6
0.005216121673583984,1.170129060745239,-3.377191543579102,51,6
0.006028890609741211,1.17615795135498,-3.334989309310913,52,7
0.005833148956298828,1.181991100311279,-3.294157266616821,52,7
0.005777835845947266,1.187768936157227,-3.259490251541138,51,6
0.004820108413696289,1.192589044570923,-3.23056960105896,51,6
0.004971027374267578,1.19756007194519,-3.200743436813354,51,6
0.006541013717651367,1.204101085662842,-3.161497354507446,51,6
0.004721879959106445,1.208822965621948,-3.133166074752808,51,6
0.00648808479309082,1.215311050415039,-3.087749481201172,52,7
0.006414890289306641,1.221725940704346,-3.042845249176025,52,7
0.00613713264465332,1.227863073348999,-2.999885320663452,52,7
0.004889011383056641,1.232752084732056,-2.965662240982056,52,7
0.006261825561523438,1.239013910293579,-2.921829462051392,52,7
0.005781173706054688,1.244795083999634,-2.881361246109009,52,7
0.006245851516723633,1.251040935516357,-2.837640285491943,52,7
0.005007028579711914,1.256047964096069,-2.80259108543396,52,7
0.006535053253173828,1.262583017349243,-2.756845712661743,52,7
0.006654977798461914,1.269237995147705,-2.716915845870972,51,6
0.007266044616699219,1.276504039764404,-2.666053533554077,52,7
0.00769805908203125,1.284202098846436,-2.61986517906189,51,6
0.004898786544799805,1.289100885391235,-2.590472459793091,51,6
0.006093025207519531,1.295193910598755,-2.553914308547974,51,6
0.006450176239013672,1.301644086837769,-2.521663427352905,50,5
0.006305932998657227,1.307950019836426,-2.490133762359619,50,5
0.004837989807128906,1.312788009643555,-2.465943813323975,50,5
0.006143093109130859,1.318931102752686,-2.43522834777832,50,5
0.006105899810791016,1.325037002563477,-2.404698848724365,50,5
0.006205081939697266,1.331242084503174,-2.373673439025879,50,5
0.00524592399597168,1.336488008499146,-2.352689743041992,49,4
0.00549006462097168,1.341978073120117,-2.330729484558105,49,4
0.006749868392944336,1.348727941513062,-2.303730010986328,49,4
0.007425069808959961,1.356153011322021,-2.274029731750488,49,4
0.00636601448059082,1.362519025802612,-2.254931688308716,48,3
0.004440069198608398,1.366959095001221,-2.241611480712891,48,3
0.005925893783569336,1.37288498878479,-2.223833799362183,48,3
0.005592107772827148,1.378477096557617,-2.212649583816528,47,2
0.006299972534179688,1.384777069091797,-2.200049638748169,47,2
0.005781888961791992,1.390558958053589,-2.188485860824585,47,2
0.006777048110961914,1.397336006164551,-2.181708812713623,46,1
0.007876873016357422,1.405212879180908,-2.173831939697266,46,1
0.004747152328491211,1.409960031509399,-2.169084787368774,46,1
0.005151033401489258,1.415111064910889,-2.163933753967285,46,1
0.005766868591308594,1.420877933502197,-2.163933753967285,45,0
0.006325960159301758,1.427203893661499,-2.163933753967285,45,0
0.009531021118164063,1.436734914779663,-2.163933753967285,45,0
0.007997989654541016,1.444732904434204,-2.171931743621826,44,-1
0.00531005859375,1.450042963027954,-2.177241802215576,44,-1
0.006094932556152344,1.456137895584106,-2.183336734771729,44,-1
0.006470203399658203,1.462608098983765,-2.189806938171387,44,-1
0.005997896194458008,1.468605995178223,-2.201802730560303,43,-2
0.007565021514892578,1.476171016693115,-2.216932773590088,43,-2
0.006767034530639648,1.482938051223755,-2.230466842651367,43,-2
0.006170034408569336,1.489108085632324,-2.248976945877075,42,-3
0.009099960327148438,1.498208045959473,-2.276276826858521,42,-3
0.006394863128662109,1.504602909088135,-2.295461416244507,42,-3
0.007084131240844727,1.511687040328979,-2.316713809967041,42,-3
0.006083965301513672,1.517771005630493,-2.341049671173096,41,-4
0.007543087005615234,1.525314092636108,-2.371222019195557,41,-4
0.006718873977661133,1.53203296661377,-2.398097515106201,41,-4
0.006410121917724609,1.538443088531494,-2.430148124694824,40,-5
0.00436091423034668,1.542804002761841,-2.451952695846558,40,-5
0.006402015686035156,1.549206018447876,-2.483962774276733,40,-5
0.006129980087280273,1.555335998535156,-2.514612674713135,40,-5
0.005959987640380859,1.561295986175537,-2.544412612915039,40,-5
0.005553007125854492,1.566848993301392,-2.577730655670166,39,-6
0.006218910217285156,1.573067903518677,-2.621263027191162,38,-7
0.006991147994995117,1.580059051513672,-2.670201063156128,38,-7
0.006108999252319336,1.586168050765991,-2.712964057922363,38,-7
0.005504846572875977,1.591672897338867,-2.757002830505371,37,-8
0.005141019821166992,1.596813917160034,-2.798130989074707,37,-8
0.008118152618408203,1.604932069778442,-2.863076210021973,37,-8
0.003715991973876953,1.608648061752319,-2.892804145812988,37,-8
0.008095026016235352,1.616743087768555,-2.965659379959106,36,-9
0.004683017730712891,1.621426105499268,-3.007806539535522,36,-9
0.00757288932800293,1.628998994827271,-3.075962543487549,36,-9
0.007513999938964844,1.636512994766235,-3.143588542938232,36,-9
0.005274057388305664,1.641787052154541,-3.191055059432983,36,-9
0.00603795051574707,1.647825002670288,-3.251434564590454,35,-10
0.0066680908203125,1.654493093490601,-3.318115472793579,35,-10
0.007143974304199219,1.6616370677948,-3.389555215835571,35,-10
0.007113933563232422,1.668751001358032,-3.460694551467896,35,-10
0.007917881011962891,1.676668882369995,-3.547791242599487,34,-11
0.006307125091552734,1.682976007461548,-3.617169618606567,34,-11
0.00612187385559082,1.689097881317139,-3.684510231018066,34,-11
0.005462169647216797,1.694560050964355,-3.744594097137451,34,-11
0.005125045776367188,1.699685096740723,-3.80096960067749,34,-11
0.005475997924804688,1.705161094665527,-3.866681575775146,33,-12
0.00606989860534668,1.711230993270874,-3.939520359039307,33,-12
0.005774974822998047,1.717005968093872,-4.008820056915283,33,-12
0.006144046783447266,1.723150014877319,-4.08254861831665,33,-12
0.01411104202270508,1.737261056900024,-4.265992164611816,32,-13
0.004158973693847656,1.741420030593872,-4.320058822631836,32,-13
0.007083892822265625,1.748503923416138,-4.412149429321289,32,-13
0.007490158081054688,1.755994081497192,-4.509521484375,32,-13
0.004647016525268555,1.760641098022461,-4.569932699203491,32,-13
0.006122827529907227,1.766763925552368,-4.649529457092285,32,-13
0.005903005599975586,1.772666931152344,-4.726268529891968,32,-13
0.005272150039672852,1.777939081192017,-4.794806480407715,32,-13
0.006680011749267578,1.784619092941284,-4.881646633148193,32,-13
0.005122900009155273,1.789741992950439,-4.948244333267212,32,-13
0.00677490234375,1.796516895294189,-5.043092966079712,31,-14
0.006380081176757813,1.802896976470947,-5.132414102554321,31,-14
0.006499052047729492,1.809396028518677,-5.223400831222534,31,-14
0.005748987197875977,1.815145015716553,-5.303886651992798,31,-14
0.006444931030273438,1.821589946746826,-5.394115686416626,31,-14
0.007946014404296875,1.829535961151123,-5.497413873672485,32,-13
0.008049964904785156,1.837585926055908,-5.602063417434692,32,-13
0.007874011993408203,1.845459938049316,-5.704425573348999,32,-13
0.003572940826416016,1.849032878875732,-5.750873804092407,32,-13
0.005971193313598633,1.855004072189331,-5.828499317169189,32,-13
0.008059024810791016,1.863063097000122,-5.933266639709473,32,-13
0.006457805633544922,1.869520902633667,-6.017218112945557,32,-13
0.007028102874755859,1.876549005508423,-6.108583450317383,32,-13
0.006385087966918945,1.882934093475342,-6.191589593887329,32,-13
0.0105888843536377,1.893522977828979,-6.329245090484619,32,-13
0.006155967712402344,1.899678945541382,-6.40927267074585,32,-13
0.007300138473510742,1.906979084014893,-6.496874332427979,33,-12
0.007854938507080078,1.914834022521973,-6.591133594512939,33,-12
0.005167007446289063,1.920001029968262,-6.653137683868408,33,-12
0.006677865982055664,1.926678895950317,-6.733272075653076,33,-12
0.005151987075805664,1.931830883026123,-6.789943933486938,34,-11
0.003892183303833008,1.935723066329956,-6.832757949829102,34,-11
0.005650997161865234,1.941374063491821,-6.894918918609619,34,-11
0.005985021591186523,1.947359085083008,-6.960754156112671,34,-11
0.005476951599121094,1.952836036682129,-7.021000623703003,34,-11
0.008100986480712891,1.960937023162842,-7.110111474990845,34,-11
0.007055044174194336,1.967992067337036,-7.187716960906982,34,-11
0.007295846939086914,1.975287914276123,-7.260675430297852,35,-10
0.006399154663085938,1.981687068939209,-7.324666976928711,35,-10
0.007316827774047852,1.989003896713257,-7.390518426895142,36,-9
0.006489038467407227,1.995492935180664,-7.448919773101807,36,-9
0.009217977523803711,2.004710912704468,-7.522663593292236,37,-8
0.006266117095947266,2.010977029800415,-7.572792530059814,37,-8
0.004112005233764648,2.01508903503418,-7.605688571929932,37,-8
0.006543874740600586,2.02163290977478,-7.658039569854736,37,-8
0.005959033966064453,2.027591943740845,-7.699752807617188,38,-7
0.006538152694702148,2.034130096435547,-7.745519876480103,38,-7
0.005048990249633789,2.039179086685181,-7.780862808227539,38,-7
0.006828784942626953,2.046007871627808,-7.821835517883301,39,-6
0.007631063461303711,2.053638935089111,-7.867621898651123,39,-6
0.005630970001220703,2.059269905090332,-7.901407718658447,39,-6
0.006128072738647461,2.065397977828979,-7.932048082351685,40,-5
0.007328987121582031,2.072726964950562,-7.968693017959595,40,-5
0.006304025650024414,2.079030990600586,-7.993909120559692,41,-4
0.007663965225219727,2.086694955825806,-8.024564981460571,41,-4
0.01024413108825684,2.096939086914063,-8.055297374725342,42,-3
0.004277944564819336,2.101217031478882,-8.0681312084198,42,-3
0.006551980972290039,2.107769012451172,-8.08123517036438,43,-2
0.005379915237426758,2.113148927688599,-8.091995000839233,43,-2
0.006771087646484375,2.119920015335083,-8.105537176132202,43,-2
0.006175994873046875,2.12609601020813,-8.111713171005249,44,-1
0.006361961364746094,2.132457971572876,-8.118075132369995,44,-1
0.00545811653137207,2.137916088104248,-8.123533248901367,44,-1
0.007066011428833008,2.144982099533081,-8.1305992603302,44,-1
0.004095792770385742,2.149077892303467,-8.134695053100586,44,-1
0.006065130233764648,2.155143022537231,-8.140760183334351,44,-1
0.006793975830078125,2.16193699836731,-8.140760183334351,45,0
0.005846977233886719,2.167783975601196,-8.140760183334351,45,0
0.00786590576171875,2.175649881362915,-8.132894277572632,46,1
0.008813142776489258,2.184463024139404,-8.124081134796143,46,1
0.004912853240966797,2.189375877380371,-8.119168281555176,46,1
0.007211208343505859,2.196587085723877,-8.104745864868164,47,2
0.0071868896484375,2.203773975372314,-8.090372085571289,47,2
0.007455110549926758,2.211229085922241,-8.068006753921509,48,3
0.006283998489379883,2.217513084411621,-8.049154758453369,48,3
0.004523992538452148,2.222037076950073,-8.031058788299561,49,4
0.005286931991577148,2.22732400894165,-8.009911060333252,49,4
0.006859064102172852,2.234183073043823,-7.982474803924561,49,4
0.004822969436645508,2.239006042480469,-7.958359956741333,50,5
0.008282899856567383,2.247288942337036,-7.908662557601929,51,6
0.007360935211181641,2.254649877548218,-7.864496946334839,51,6
0.005424022674560547,2.260073900222778,-7.831952810287476,51,6
0.005366086959838867,2.265439987182617,-7.794390201568604,52,7
0.008721113204956055,2.274161100387573,-7.733342409133911,52,7
0.005825996398925781,2.279987096786499,-7.692560434341431,52,7
0.00479578971862793,2.284782886505127,-7.654194116592407,53,8
0.01253104209899902,2.297313928604126,-7.541414737701416,54,9
0.007367134094238281,2.304681062698364,-7.475110530853271,54,9
0.007289886474609375,2.311970949172974,-7.409501552581787,54,9
0.007025003433227539,2.318995952606201,-7.339251518249512,55,10
0.006288051605224609,2.325284004211426,-7.276371002197266,55,10
0.006545066833496094,2.331829071044922,-7.210920333862305,55,10
0.00625300407409668,2.338082075119019,-7.148390293121338,55,10
0.007243871688842773,2.345325946807861,-7.07595157623291,55,10
0.006678104400634766,2.352004051208496,-7.015848636627197,54,9
0.004820823669433594,2.35682487487793,-6.967640399932861,55,10
0.006157159805297852,2.362982034683228,-6.906068801879883,55,10
0.005092859268188477,2.368074893951416,-6.855140209197998,55,10
0.007173061370849609,2.375247955322266,-6.783409595489502,55,10
0.006065130233764648,2.38131308555603,-6.722758293151855,55,10
0.006013870239257813,2.387326955795288,-6.662619590759277,55,10
0.00548100471496582,2.392807960510254,-6.607809543609619,55,10
0.006932973861694336,2.399740934371948,-6.538479804992676,55,10
0.007503986358642578,2.407244920730591,-6.46343994140625,55,10
0.005628108978271484,2.412873029708862,-6.407158851623535,55,10
0.006335020065307617,2.41920804977417,-6.350143671035767,54,9
0.007917881011962891,2.427125930786133,-6.278882741928101,54,9
0.007740974426269531,2.434866905212402,-6.209213972091675,54,9
0.005270004272460938,2.440136909484863,-6.161783933639526,54,9
0.005583047866821289,2.445719957351685,-6.111536502838135,54,9
0.006087064743041992,2.451807022094727,-6.056752920150757,54,9
0.004705905914306641,2.456512928009033,-6.014399766921997,54,9
0.005128145217895508,2.461641073226929,-5.968246459960938,54,9
0.007773876190185547,2.469414949417114,-5.898281574249268,54,9
0.005820035934448242,2.475234985351563,-5.851721286773682,53,8
0.005717992782592773,2.480952978134155,-5.805977344512939,53,8
0.006202936172485352,2.487155914306641,-5.756353855133057,53,8
0.007725000381469727,2.49488091468811,-5.702278852462769,52,7
0.006002187728881836,2.500883102416992,-5.660263538360596,52,7
0.006814956665039063,2.507698059082031,-5.612558841705322,52,7
0.004499912261962891,2.512197971343994,-5.581059455871582,52,7
0.005163908004760742,2.517361879348755,-5.544912099838257,52,7
0.007261037826538086,2.524622917175293,-5.501345872879028,51,6
0.006589174270629883,2.531212091445923,-5.461810827255249,51,6
0.006576776504516602,2.537788867950439,-5.422350168228149,51,6
0.007275104522705078,2.545063972473145,-5.385974645614624,50,5
0.006622076034545898,2.55168604850769,-5.35948634147644,49,4
0.006209850311279297,2.55789589881897,-5.334646940231323,49,4
0.007780075073242188,2.565675973892212,-5.311306715011597,48,3
0.006319999694824219,2.571995973587036,-5.292346715927124,48,3
0.007623910903930664,2.579619884490967,-5.277098894119263,47,2
0.003598213195800781,2.583218097686768,-5.269902467727661,47,2
0.005714893341064453,2.588932991027832,-5.258472681045532,47,2
0.006576061248779297,2.595509052276611,-5.251896619796753,46,1
0.00574183464050293,2.601250886917114,-5.24615478515625,46,1
0.005769014358520508,2.607019901275635,-5.240385770797729,46,1
0.005776166915893555,2.612796068191528,-5.240385770797729,45,0
0.006410837173461914,2.61920690536499,-5.246796607971191,44,-1
0.006292104721069336,2.62549901008606,-5.253088712692261,44,-1
0.007037878036499023,2.632536888122559,-5.26012659072876,44,-1
0.005980014801025391,2.638516902923584,-5.272086620330811,43,-2
0.006818056106567383,2.645334959030151,-5.285722732543945,43,-2
0.007245063781738281,2.65258002281189,-5.300212860107422,43,-2
0.006635904312133789,2.659215927124023,-5.320120573043823,42,-3
0.006757974624633789,2.665973901748657,-5.340394496917725,42,-3
0.006546974182128906,2.672520875930786,-5.360035419464111,42,-3
0.008469104766845703,2.680989980697632,-5.393911838531494,41,-4
0.005974054336547852,2.68696403503418,-5.417808055877686,41,-4
0.01091599464416504,2.697880029678345,-5.472388029098511,40,-5
0.007536888122558594,2.705416917800903,-5.510072469711304,40,-5
0.007164955139160156,2.712581872940063,-5.545897245407104,40,-5
0.006250143051147461,2.718832015991211,-5.577147960662842,40,-5
0.006891965866088867,2.7257239818573,-5.618499755859375,39,-6
0.006222963333129883,2.73194694519043,-5.655837535858154,39,-6
0.006232976913452148,2.738179922103882,-5.699468374252319,38,-7
0.007073163986206055,2.745253086090088,-5.748980522155762,38,-7
0.006454944610595703,2.751708030700684,-5.794165134429932,38,-7
0.007143020629882813,2.758851051330566,-5.851309299468994,37,-8
0.006438970565795898,2.765290021896362,-5.902821063995361,37,-8
0.006665945053100586,2.771955966949463,-5.956148624420166,37,-8
0.006881952285766602,2.778837919235229,-6.018086194992065,36,-9
0.008249044418334961,2.787086963653564,-6.09232759475708,36,-9
0.006032943725585938,2.79311990737915,-6.152657032012939,35,-10
0.004373073577880859,2.797492980957031,-6.196387767791748,35,-10
0.007091999053955078,2.804584980010986,-6.274399757385254,34,-11
0.004796028137207031,2.809381008148193,-6.327156066894531,34,-11
0.007205009460449219,2.816586017608643,-6.406411170959473,34,-11
0.008450031280517578,2.82503604888916,-6.507811546325684,33,-12
0.006986856460571289,2.832022905349731,-6.591653823852539,33,-12
0.006574153900146484,2.838597059249878,-6.677117824554443,32,-13
0.007382869720458984,2.845979928970337,-6.780478000640869,31,-14
0.006560087203979492,2.852540016174316,-6.872319221496582,31,-14
0.004409074783325195,2.856949090957642,-6.934046268463135,31,-14
0.005878925323486328,2.862828016281128,-7.02223014831543,30,-15
0.005938053131103516,2.868766069412231,-7.111300945281982,30,-15
0.00645899772644043,2.875225067138672,-7.208185911178589,30,-15
0.006177902221679688,2.881402969360352,-7.300854444503784,30,-15
0.005648136138916016,2.887051105499268,-7.385576486587524,30,-15
0.005775928497314453,2.892827033996582,-7.472215414047241,30,-15
0.006271839141845703,2.899098873138428,-7.566293001174927,30,-15
0.007027149200439453,2.906126022338867,-7.671700239181519,30,-15
0.006871938705444336,2.912997961044312,-7.774779319763184,30,-15
0.006150960922241211,2.919148921966553,-7.873194694519043,29,-16
0.005547046661376953,2.92469596862793,-7.961947441101074,29,-16
0.005499124526977539,2.930195093154907,-8.049933433532715,29,-16
0.00591588020324707,2.936110973358154,-8.144587516784668,29,-16
0.005412101745605469,2.94152307510376,-8.231181144714355,29,-16
0.005815982818603516,2.947339057922363,-8.324236869812012,29,-16
0.005726814270019531,2.953065872192383,-8.415865898132324,29,-16
0.005855083465576172,2.958920955657959,-8.509547233581543,29,-16
0.006314992904663086,2.965235948562622,-8.610587120056152,29,-16
0.007244110107421875,2.972480058670044,-8.71924877166748,30,-15
0.006273984909057617,2.978754043579102,-8.819632530212402,29,-16
0.006572961807250977,2.985327005386353,-8.924799919128418,29,-16
0.007313013076782227,2.992640018463135,-9.049121141433716,28,-17
0.005969047546386719,2.998609066009521,-9.15059494972229,28,-17
0.007581949234008789,3.00619101524353,-9.271906137466431,29,-16
0.009285926818847656,3.015476942062378,-9.420480966567993,29,-16
0.005771160125732422,3.02124810218811,-9.512819528579712,29,-16
0.005801916122436523,3.027050018310547,-9.605650186538696,29,-16
0.005667924880981445,3.032717943191528,-9.696336984634399,29,-16
0.005876064300537109,3.038594007492065,-9.790354013442993,29,-16
0.007052898406982422,3.045646905899048,-9.896147489547729,30,-15
0.006786108016967773,3.052433013916016,-9.997939109802246,30,-15
0.005270957946777344,3.057703971862793,-10.07700347900391,30,-15
0.006932973861694336,3.064636945724487,-10.18099808692932,30,-15
0.003971099853515625,3.068608045578003,-10.24056458473206,30,-15
0.006316900253295898,3.074924945831299,-10.3353180885315,30,-15
0.005720138549804688,3.080645084381104,-10.42112016677857,30,-15
0.005384922027587891,3.086030006408691,-10.50189399719238,30,-15
0.007066965103149414,3.093096971511841,-10.60083150863647,31,-14
0.01140499114990234,3.104501962661743,-10.76050138473511,31,-14
0.01169109344482422,3.116193056106567,-10.92417669296265,31,-14
0.002889871597290039,3.119082927703857,-10.96174502372742,32,-13
0.00790095329284668,3.126983880996704,-11.06445741653442,32,-13
0.005897998809814453,3.132881879806519,-11.14113140106201,32,-13
0.006377220153808594,3.139259099960327,-11.21765804290771,33,-12
0.007612943649291992,3.146872043609619,-11.30901336669922,33,-12
0.009274005889892578,3.156146049499512,-11.42030143737793,33,-12
0.006584882736206055,3.162730932235718,-11.4927351474762,34,-11
0.005747079849243164,3.168478012084961,-11.55595302581787,34,-11
0.006823062896728516,3.175301074981689,-11.63100671768188,34,-11
0.006527900695800781,3.18182897567749,-11.69628572463989,35,-10
0.006875038146972656,3.188704013824463,-11.76503610610962,35,-10
0.00808405876159668,3.19678807258606,-11.84587669372559,35,-10
0.004165887832641602,3.200953960418701,-11.88336968421936,36,-9
0.006206035614013672,3.207159996032715,-11.93301796913147,37,-8
0.007742881774902344,3.214902877807617,-12.00270390510559,36,-9
0.006057024002075195,3.220959901809692,-12.05116009712219,37,-8
0.007565021514892578,3.228524923324585,-12.11168026924133,37,-8
0.007456064224243164,3.235980987548828,-12.16387271881104,38,-7
0.008685111999511719,3.24466609954834,-12.22466850280762,38,-7
0.004428863525390625,3.24909496307373,-12.25567054748535,38,-7
0.006505012512207031,3.255599975585938,-12.29470062255859,39,-6
0.006181955337524414,3.261781930923462,-12.33179235458374,39,-6
0.006118059158325195,3.267899990081787,-12.36850070953369,39,-6
0.007574081420898438,3.275474071502686,-12.41394519805908,39,-6
0.003046989440917969,3.278521060943604,-12.43222713470459,39,-6
0.006188869476318359,3.284709930419922,-12.46317148208618,40,-5
0.005484104156494141,3.290194034576416,-12.49059200286865,40,-5
0.005465030670166016,3.295659065246582,-12.51791715621948,40,-5
0.007200956344604492,3.302860021591187,-12.5467209815979,41,-4
0.006145954132080078,3.309005975723267,-12.57130479812622,41,-4
0.006676912307739258,3.315682888031006,-12.59801244735718,41,-4
0.003596067428588867,3.319278955459595,-12.60880064964295,42,-3
0.005937099456787109,3.325216054916382,-12.62661194801331,42,-3
0.00613093376159668,3.331346988677979,-12.6450047492981,42,-3
0.006181955337524414,3.337528944015503,-12.65736865997314,43,-2
0.00542902946472168,3.342957973480225,-12.66822671890259,43,-2
0.007070064544677734,3.350028038024902,-12.68236684799194,43,-2
0.006806850433349609,3.356834888458252,-12.68917369842529,44,-1
0.007984161376953125,3.364819049835205,-12.69715785980225,44,-1
0.00665593147277832,3.371474981307983,-12.70381379127502,44,-1
0.005980014801025391,3.377454996109009,-12.70381379127502,45,0
0.007088899612426758,3.384543895721436,-12.70381379127502,45,0
0.006317138671875,3.390861034393311,-12.69749665260315,46,1
0.00658106803894043,3.397442102432251,-12.68433451652527,47,2
0.004726886749267578,3.402168989181519,-12.67488074302674,47,2
0.00551605224609375,3.407685041427612,-12.65833258628845,48,3
0.005936861038208008,3.41362190246582,-12.63458514213562,49,4
0.005715131759643555,3.419337034225464,-12.61172461509705,49,4
0.005950927734375,3.425287961959839,-12.58196997642517,50,5
0.006354093551635742,3.431642055511475,-12.54384541511536,51,6
0.006209850311279297,3.437851905822754,-12.5003764629364,52,7
0.007753133773803711,3.445605039596558,-12.43835139274597,53,8
0.007066965103149414,3.452672004699707,-12.38181567192078,53,8
0.006746053695678711,3.459418058395386,-12.32110118865967,54,9
0.006783962249755859,3.466202020645142,-12.26004552841187,54,9
0.006213903427124023,3.472415924072266,-12.19790649414063,55,10
0.006092071533203125,3.478507995605469,-12.1369857788086,55,10
0.006788015365600586,3.485296010971069,-12.06910562515259,55,10
0.00736689567565918,3.492662906646729,-11.995436668396,55,10
0.01257514953613281,3.505238056182861,-11.8445348739624,57,12
0.006043910980224609,3.511281967163086,-11.77200794219971,57,12
0.00719904899597168,3.518481016159058,-11.67842030525208,58,13
0.006783962249755859,3.525264978408813,-11.59022879600525,58,13
0.008394956588745117,3.533659934997559,-11.47269940376282,59,14
0.005529165267944336,3.539189100265503,-11.3952910900116,59,14
0.006194829940795898,3.545383930206299,-11.30856347084045,59,14
0.006353139877319336,3.551737070083618,-11.21326637268066,60,15
0.006393909454345703,3.558130979537964,-11.11735773086548,60,15
0.007173061370849609,3.565304040908813,-11.00976181030273,60,15
0.007658958435058594,3.572962999343872,-10.8872184753418,61,16
0.005866050720214844,3.578829050064087,-10.79336166381836,61,16
0.007303953170776367,3.586133003234863,-10.67649841308594,61,16
0.006471872329711914,3.592604875564575,-10.57294845581055,61,16
0.00622105598449707,3.598825931549072,-10.47341156005859,61,16
0.007712125778198242,3.606538057327271,-10.35001754760742,61,16
0.006425857543945313,3.612963914871216,-10.2472038269043,61,16
0.006981134414672852,3.619945049285889,-10.13550567626953,61,16
0.007658958435058594,3.627604007720947,-10.01296234130859,61,16
0.006066083908081055,3.633670091629028,-9.915904998779297,61,16
0.005424976348876953,3.639095067977905,-9.829105377197266,61,16
0.006135940551757813,3.645231008529663,-9.730930328369141,61,16
0.006793022155761719,3.652024030685425,-9.622241973876953,61,16
0.007032871246337891,3.659056901931763,-9.509716033935547,61,16
0.006160974502563477,3.665217876434326,-9.417301416397095,60,15
0.006422042846679688,3.671639919281006,-9.320970773696899,60,15
0.006272077560424805,3.677911996841431,-9.226889610290527,60,15
0.00692296028137207,3.684834957122803,-9.123045206069946,60,15
0.00386810302734375,3.688703060150146,-9.06502366065979,60,15
0.006259918212890625,3.694962978363037,-8.977384805679321,59,14
0.005678892135620117,3.700641870498657,-8.89788031578064,59,14
0.006659030914306641,3.707300901412964,-8.804653882980347,59,14
0.005704164505004883,3.713005065917969,-8.724795579910278,59,14
0.005817890167236328,3.718822956085205,-8.649163007736206,58,13
0.006757974624633789,3.725580930709839,-8.561309337615967,58,13
0.007011175155639648,3.732592105865479,-8.470164060592651,58,13
0.007326841354370117,3.739918947219849,-8.38224196434021,57,12
0.007090091705322266,3.747009038925171,-8.297160863876343,57,12
0.005720853805541992,3.752729892730713,-8.234231472015381,56,11
0.006541013717651367,3.759270906448364,-8.162280321121216,56,11
0.006873130798339844,3.766144037246704,-8.093549013137817,55,10
0.005929946899414063,3.772073984146118,-8.034249544143677,55,10
0.005670070648193359,3.777744054794312,-7.977548837661743,55,10
0.00701904296875,3.784763097763062,-7.914377450942993,54,9
0.004011869430541992,3.788774967193604,-7.878270626068115,54,9
0.006560087203979492,3.795335054397583,-7.8192298412323,54,9
0.005972862243652344,3.801307916641235,-7.765474081039429,54,9
0.005711078643798828,3.807018995285034,-7.714074373245239,54,9
0.005726099014282227,3.812745094299316,-7.668265581130981,53,8
0.006451845169067383,3.819196939468384,-7.616650819778442,53,8
0.005999088287353516,3.825196027755737,-7.574657201766968,52,7
0.007925033569335938,3.833121061325073,-7.527107000350952,51,6
0.007654905319213867,3.840775966644287,-7.481177568435669,51,6
0.007386922836303711,3.848162889480591,-7.451629877090454,49,4
0.007146120071411133,3.855309009552002,-7.42304539680481,49,4
0.007255077362060547,3.862564086914063,-7.401280164718628,48,3
0.006212949752807617,3.86877703666687,-7.382641315460205,48,3
0.006669998168945313,3.875447034835815,-7.369301319122314,47,2
0.007544994354248047,3.882992029190063,-7.354211330413818,47,2
0.004690885543823242,3.887682914733887,-7.344829559326172,47,2
0.006942987442016602,3.894625902175903,-7.337886571884155,46,1
0.004497051239013672,3.899122953414917,-7.333389520645142,46,1
0.005849123001098633,3.904972076416016,-7.327540397644043,46,1
0.007550954818725586,3.912523031234741,-7.327540397644043,45,0
0.00604701042175293,3.918570041656494,-7.327540397644043,45,0
0.006747007369995117,3.925317049026489,-7.334287405014038,44,-1
0.006819963455200195,3.932137012481689,-7.341107368469238,44,-1
0.005581855773925781,3.937718868255615,-7.346689224243164,44,-1
0.006966114044189453,3.944684982299805,-7.353655338287354,44,-1
0.004398107528686523,3.949083089828491,-7.35805344581604,44,-1
0.006197929382324219,3.955281019210815,-7.370449304580688,43,-2
0.006088972091674805,3.96136999130249,-7.382627248764038,43,-2
0.007735013961791992,3.969105005264282,-7.405832290649414,42,-3
0.005825996398925781,3.974931001663208,-7.423310279846191,42,-3
0.006444931030273438,3.981375932693481,-7.449090003967285,41,-4
0.005913019180297852,3.987288951873779,-7.472742080688477,41,-4
0.007394075393676758,3.994683027267456,-7.50971245765686,40,-5
0.00548100471496582,4.000164031982422,-7.537117481231689,40,-5
0.005501031875610352,4.005665063858032,-7.564622640609741,40,-5
0.006949901580810547,4.012614965438843,-7.599372148513794,40,-5
0.007029056549072266,4.019644021987915,-7.641546487808228,39,-6
0.005981922149658203,4.025625944137573,-7.683419942855835,38,-7
0.006150007247924805,4.031775951385498,-7.726469993591309,38,-7
0.005034923553466797,4.036810874938965,-7.761714458465576,38,-7
0.008133172988891602,4.044944047927856,-7.826779842376709,37,-8
0.003847837448120117,4.048791885375977,-7.85756254196167,37,-8
0.005943059921264648,4.054734945297241,-7.905107021331787,37,-8
0.005732059478759766,4.060467004776001,-7.956695556640625,36,-9
0.005569934844970703,4.066036939620972,-8.006824970245361,36,-9
0.008810997009277344,4.074847936630249,-8.086123943328857,36,-9
0.004778146743774414,4.079626083374023,-8.133905410766602,35,-10
0.006389856338500977,4.086015939712524,-8.197803974151611,35,-10
0.005814075469970703,4.091830015182495,-8.255944728851318,35,-10
0.004642963409423828,4.096472978591919,-8.302374362945557,35,-10
0.005172014236450195,4.101644992828369,-8.359266519546509,34,-11
0.007627010345458984,4.109272003173828,-8.443163633346558,34,-11
0.006272077560424805,4.115544080734253,-8.518428564071655,33,-12
0.006016016006469727,4.121560096740723,-8.590620756149292,33,-12
0.007675886154174805,4.129235982894897,-8.690407276153564,32,-13
0.006478071212768555,4.135714054107666,-8.774622201919556,32,-13
0.006924867630004883,4.142638921737671,-8.871570348739624,31,-14
0.006298065185546875,4.148936986923218,-8.95974326133728,31,-14
0.006567001342773438,4.155503988265991,-9.058248281478882,30,-15
0.006211996078491211,4.161715984344482,-9.15142822265625,30,-15
0.006314992904663086,4.168030977249146,-9.246153116226196,30,-15
0.007313013076782227,4.175343990325928,-9.35584831237793,30,-15
0.006699085235595703,4.182043075561523,-9.456334590911865,30,-15
0.005958795547485352,4.188001871109009,-9.545716524124146,30,-15
0.008663177490234375,4.196665048599243,-9.684327363967896,29,-16
0.008252859115600586,4.204917907714844,-9.816373109817505,29,-16
0.006750106811523438,4.211668014526367,-9.92437481880188,29,-16
0.006429910659790039,4.218097925186157,-10.02725338935852,29,-16
0.007265090942382813,4.22536301612854,-10.14349484443665,29,-16
0.007277965545654297,4.232640981674194,-10.25994229316711,29,-16
0.005814075469970703,4.238455057144165,-10.35296750068665,29,-16
0.006839990615844727,4.24529504776001,-10.46240735054016,29,-16
0.00669097900390625,4.251986026763916,-10.56946301460266,29,-16
0.006054878234863281,4.258040904998779,-10.67239594459534,28,-17
0.007256031036376953,4.265296936035156,-10.79574847221375,28,-17
0.003343105316162109,4.268640041351318,-10.8525812625885,28,-17
0.006417989730834961,4.275058031082153,-10.96168708801269,28,-17
0.005621910095214844,4.280679941177368,-11.05725955963135,28,-17
0.005839109420776367,4.286519050598145,-11.15652441978455,28,-17
0.005317926406860352,4.291836977005005,-11.24692916870117,28,-17
0.007216930389404297,4.299053907394409,-11.36961698532104,28,-17
0.006000041961669922,4.305053949356079,-11.47161769866943,28,-17
0.004650115966796875,4.309704065322876,-11.55066967010498,28,-17
0.005604982376098633,4.315309047698975,-11.64595437049866,28,-17
0.006734848022460938,4.322043895721436,-11.76044678688049,28,-17
0.006152153015136719,4.328196048736572,-11.86503338813782,28,-17
0.006333827972412109,4.334529876708984,-11.97270846366882,28,-17
0.005585193634033203,4.340115070343018,-12.06207156181335,29,-16
0.00683283805847168,4.346947908401489,-12.1713969707489,29,-16
0.005784988403320313,4.35273289680481,-12.26395678520203,29,-16
0.006932973861694336,4.359665870666504,-12.37488436698914,29,-16
0.005956172943115234,4.365622043609619,-12.47018313407898,29,-16
0.00622105598449707,4.371843099594116,-12.56972002983093,29,-16
0.005949974060058594,4.377793073654175,-12.65896964073181,30,-15
0.00494694709777832,4.382740020751953,-12.73317384719849,30,-15
0.005161046981811523,4.387901067733765,-12.81058955192566,30,-15
0.007326841354370117,4.395227909088135,-12.92049217224121,30,-15
0.006023168563842773,4.401251077651978,-13.01083970069885,30,-15
0.005597829818725586,4.406848907470703,-13.09480714797974,30,-15
0.006283998489379883,4.413132905960083,-13.18278312683105,31,-14
0.007445096969604492,4.420578002929688,-13.28701448440552,31,-14
0.008826971054077148,4.429404973983765,-13.40176510810852,32,-13
0.007250070571899414,4.436655044555664,-13.49601602554321,32,-13
0.006325006484985352,4.442980051040649,-13.57824110984802,32,-13
0.005614995956420898,4.44859504699707,-13.6512360572815,32,-13
0.007880926132202148,4.456475973129272,-13.74580717086792,33,-12
0.006186962127685547,4.462662935256958,-13.81386375427246,34,-11
0.007359027862548828,4.470021963119507,-13.88745403289795,35,-10
0.007072925567626953,4.477094888687134,-13.95818328857422,35,-10
0.004929065704345703,4.482023954391479,-14.00747394561768,35,-10
0.006839990615844727,4.488863945007324,-14.06903386116028,36,-9
0.006649017333984375,4.495512962341309,-14.12887501716614,36,-9
0.006422042846679688,4.501935005187988,-14.18667340278626,36,-9
0.005726099014282227,4.507661104202271,-14.23248219490051,37,-8
0.004732847213745117,4.512393951416016,-14.27034497261047,37,-8
0.00535893440246582,4.517752885818481,-14.3132164478302,37,-8
0.006417036056518555,4.524169921875,-14.36455273628235,37,-8
0.005927085876464844,4.530097007751465,-14.4060423374176,38,-7
0.006601095199584961,4.53669810295105,-14.4522500038147,38,-7
0.006017923355102539,4.542716026306152,-14.48835754394531,39,-6
0.00690007209777832,4.549616098403931,-14.52975797653198,39,-6
0.00633692741394043,4.555953025817871,-14.56144261360168,40,-5
0.004513025283813477,4.560466051101685,-14.58400774002075,40,-5
0.005636930465698242,4.566102981567383,-14.60655546188355,41,-4
0.005572080612182617,4.571675062179565,-14.62884378433228,41,-4
0.00551295280456543,4.577188014984131,-14.65089559555054,41,-4
0.005791902542114258,4.582979917526245,-14.66827130317688,42,-3
0.006023168563842773,4.589003086090088,-14.68031764030457,43,-2
0.007114887237548828,4.596117973327637,-14.69454741477966,43,-2
0.00675511360168457,4.602873086929321,-14.70805764198303,43,-2
0.005638837814331055,4.608511924743652,-14.71369647979737,44,-1
0.00669097900390625,4.615202903747559,-14.72038745880127,44,-1
0.006482124328613281,4.621685028076172,-14.72686958312988,44,-1
0.006392002105712891,4.628077030181885,-14.7332615852356,44,-1
0.007523059844970703,4.635600090026855,-14.7332615852356,45,0
0.007349967956542969,4.642950057983398,-14.72591161727905,46,1
0.006757020950317383,4.649707078933716,-14.71915459632874,46,1
0.005872964859008789,4.655580043792725,-14.71328163146973,46,1
0.004067897796630859,4.659647941589355,-14.70514583587646,47,2
0.005509138107299805,4.665157079696655,-14.69412755966187,47,2
0.0100100040435791,4.675167083740234,-14.65408754348755,49,4
0.002997875213623047,4.678164958953857,-14.64209604263306,49,4
0.007096052169799805,4.685261011123657,-14.59951972961426,51,6
0.005923032760620117,4.691184043884277,-14.56398153305054,51,6
0.00580286979675293,4.69698691368103,-14.52336144447327,52,7
0.01085805892944336,4.707844972610474,-14.43649697303772,53,8
0.007901906967163086,4.715746879577637,-14.36537981033325,54,9
0.003447055816650391,4.719193935394287,-14.3343563079834,54,9
0.006075143814086914,4.725269079208374,-14.27360486984253,55,10
0.006246805191040039,4.731515884399414,-14.21113681793213,55,10
0.006225109100341797,4.737740993499756,-14.14888572692871,55,10
0.005182027816772461,4.742923021316528,-14.09188342094422,56,11
0.005759954452514648,4.748682975769043,-14.02852392196655,56,11
0.006833076477050781,4.755516052246094,-13.953360080719,56,11
0.006429910659790039,4.761945962905884,-13.8826310634613,56,11
0.006119966506958008,4.768065929412842,-13.80919146537781,57,12
0.006747961044311523,4.774813890457153,-13.72821593284607,57,12
0.004058122634887695,4.778872013092041,-13.67546033859253,58,13
0.00722193717956543,4.786093950271606,-13.57435321807861,59,14
0.005212068557739258,4.791306018829346,-13.50138425827026,59,14
0.005792856216430664,4.797098875045776,-13.42028427124023,59,14
0.006574153900146484,4.803673028945923,-13.32824611663818,59,14
0.00634002685546875,4.810013055801392,-13.23314571380615,60,15
0.005192041397094727,4.815205097198486,-13.15526509284973,60,15
0.006408929824829102,4.821614027023315,-13.0591311454773,60,15
0.006393909454345703,4.828007936477661,-12.96322250366211,60,15
0.007447957992553711,4.835455894470215,-12.84405517578125,61,16
0.003260135650634766,4.83871603012085,-12.7918930053711,61,16
0.006304025650024414,4.845020055770874,-12.6910285949707,61,16
0.006178855895996094,4.85119891166687,-12.59216690063477,61,16
0.005767107009887695,4.856966018676758,-12.49989318847656,61,16
0.005817890167236328,4.862783908843994,-12.40680694580078,61,16
0.006070137023925781,4.86885404586792,-12.30968475341797,61,16
0.007850885391235352,4.876704931259155,-12.19192147254944,60,15
0.00623011589050293,4.882935047149658,-12.09846973419189,60,15
0.007138967514038086,4.890074014663696,-11.98424625396729,61,16
0.004530906677246094,4.894604921340942,-11.91628265380859,60,15
0.005094051361083984,4.899698972702026,-11.83477783203125,61,16
0.007848024368286133,4.907546997070313,-11.70920944213867,61,16
0.005361080169677734,4.91290807723999,-11.62343215942383,61,16
0.005946874618530273,4.918854951858521,-11.52828216552734,61,16
0.006374120712280273,4.925229072570801,-11.43267035484314,60,15
0.006760835647583008,4.931989908218384,-11.33125782012939,60,15
0.007192134857177734,4.939182043075562,-11.22337579727173,60,15
0.006063938140869141,4.945245981216431,-11.13241672515869,60,15
0.006736993789672852,4.951982975006104,-11.0313618183136,60,15
0.005999088287353516,4.957982063293457,-10.94737458229065,59,14
0.007337808609008789,4.965319871902466,-10.84464526176453,59,14
0.00734710693359375,4.97266697883606,-10.74913287162781,58,13
0.004420995712280273,4.97708797454834,-10.69165992736816,58,13
0.006585121154785156,4.983673095703125,-10.59946823120117,59,14
0.005952835083007813,4.989625930786133,-10.51612854003906,59,14
0.005500078201293945,4.995126008987427,-10.44462752342224,58,13
0.00627899169921875,5.001405000686646,-10.3630006313324,58,13
0.005527019500732422,5.006932020187378,-10.29667639732361,57,12
0.005861043930053711,5.012793064117432,-10.22634387016296,57,12
0.007161855697631836,5.019954919815063,-10.14756345748902,56,11
0.007097005844116211,5.02705192565918,-10.07659339904785,55,10
0.005532979965209961,5.03258490562439,-10.02126359939575,55,10
0.005933046340942383,5.038517951965332,-9.961933135986328,55,10
0.007509946823120117,5.046027898788452,-9.894343614578247,54,9
0.006757020950317383,5.05278491973877,-9.833530426025391,54,9
0.007258176803588867,5.060043096542358,-9.77546501159668,53,8
0.007438898086547852,5.067481994628906,-9.715953826904297,53,8
0.005543947219848633,5.073025941848755,-9.671602249145508,53,8
0.005886077880859375,5.078912019729614,-9.624513626098633,53,8
0.006386995315551758,5.085299015045166,-9.579804658889771,52,7
0.007377862930297852,5.092676877975464,-9.535537481307983,51,6
0.006535053253173828,5.099211931228638,-9.49632716178894,51,6
0.01170206069946289,5.110913991928101,-9.437816858291626,50,5
0.006372928619384766,5.117286920547485,-9.412325143814087,49,4
0.004557132720947266,5.121844053268433,-9.394096612930298,49,4
0.005941867828369141,5.127785921096802,-9.37627100944519,48,3
0.007599115371704102,5.135385036468506,-9.361072778701782,47,2
0.006454944610595703,5.141839981079102,-9.348162889480591,47,2
0.007520914077758789,5.14936089515686,-9.340641975402832,46,1
0.006798028945922852,5.156158924102783,-9.333843946456909,46,1
0.008397102355957031,5.16455602645874,-9.333843946456909,45,0
0.004528999328613281,5.169085025787354,-9.333843946456909,45,0
0.006348848342895508,5.175433874130249,-9.340192794799805,44,-1
0.006501197814941406,5.18193507194519,-9.346693992614746,44,-1
0.00609898567199707,5.188034057617188,-9.352792978286743,44,-1
0.007313966751098633,5.195348024368286,-9.36742091178894,43,-2
0.004545927047729492,5.199893951416016,-9.376512765884399,43,-2
0.006696939468383789,5.206590890884399,-9.389906644821167,43,-2
0.005146026611328125,5.211736917495728,-9.400198698043823,43,-2
0.007610082626342773,5.21934700012207,-9.415418863296509,43,-2
0.006325960159301758,5.225672960281372,-9.434396743774414,42,-3
0.005625009536743164,5.231297969818115,-9.451271772384644,42,-3
0.005554914474487305,5.236852884292603,-9.473491430282593,41,-4
0.006205081939697266,5.2430579662323,-9.498311758041382,41,-4
0.006258964538574219,5.249316930770874,-9.523347616195679,41,-4
0.006684064865112305,5.256000995635986,-9.55676794052124,40,-5
0.005955934524536133,5.261956930160522,-9.586547613143921,40,-5
0.006035089492797852,5.26799201965332,-9.61672306060791,40,-5
0.007660865783691406,5.275652885437012,-9.662688255310059,39,-6
0.007203102111816406,5.282855987548828,-9.705906867980957,39,-6
0.006791114807128906,5.289647102355957,-9.74665355682373,39,-6
0.005943775177001953,5.295590877532959,-9.788259983062744,38,-7
0.006188154220581055,5.30177903175354,-9.837765216827393,37,-8
0.005941867828369141,5.307720899581909,-9.885300159454346,37,-8
0.004728078842163086,5.312448978424072,-9.92312479019165,37,-8
0.005330085754394531,5.317779064178467,-9.965765476226807,37,-8
0.006647825241088867,5.324426889419556,-10.01894807815552,37,-8
0.004708051681518555,5.329134941101074,-10.05661249160767,37,-8
0.00608515739440918,5.335220098495483,-10.11137890815735,36,-9
0.006430864334106445,5.34165096282959,-10.16925668716431,36,-9
0.006209135055541992,5.347860097885132,-10.22513890266419,36,-9
0.007581949234008789,5.355442047119141,-10.29337644577026,36,-9
0.003154993057250977,5.358597040176392,-10.32177138328552,36,-9
0.006371974945068359,5.36496901512146,-10.37911915779114,36,-9
0.006210088729858398,5.371179103851318,-10.43500995635986,36,-9
0.006004810333251953,5.37718391418457,-10.49505805969238,35,-10
0.005681037902832031,5.382864952087402,-10.5518684387207,35,-10
0.006051063537597656,5.388916015625,-10.61237907409668,35,-10
0.006480932235717773,5.395396947860718,-10.67718839645386,35,-10
0.007631063461303711,5.403028011322021,-10.7534990310669,35,-10
0.006664037704467773,5.409692049026489,-10.82013940811157,35,-10
0.006379842758178711,5.416071891784668,-10.88393783569336,35,-10
0.005758047103881836,5.42182993888855,-10.94727635383606,34,-11
0.005982160568237305,5.427812099456787,-11.01308012008667,34,-11
0.007039785385131836,5.434851884841919,-11.08347797393799,35,-10
0.003331184387207031,5.438183069229126,-11.11678981781006,35,-10
0.006558895111083984,5.44474196434021,-11.1823787689209,35,-10
0.005459070205688477,5.450201034545898,-11.24242854118347,34,-11
0.007348060607910156,5.457549095153809,-11.32325720787048,34,-11
0.005558967590332031,5.463108062744141,-11.38440585136414,34,-11
0.005803823471069336,5.46891188621521,-11.4482479095459,34,-11
0.006749153137207031,5.475661039352417,-11.52248859405518,34,-11
0.008864879608154297,5.484525918960571,-11.62886714935303,33,-12
0.002448081970214844,5.486974000930786,-11.65579605102539,34,-11
0.005670070648193359,5.492644071578979,-11.72383689880371,33,-12
0.005553007125854492,5.498197078704834,-11.79047298431396,33,-12
0.006703853607177734,5.504900932312012,-11.86421537399292,34,-11
0.009300947189331055,5.514201879501343,-11.96652579307556,34,-11
0.005740165710449219,5.519942045211792,-12.0296676158905,34,-11
0.006609916687011719,5.526551961898804,-12.10237669944763,34,-11
0.00601506233215332,5.532567024230957,-12.16854238510132,34,-11
0.006186008453369141,5.538753032684326,-12.23658847808838,34,-11
0.006967067718505859,5.545720100402832,-12.31322622299194,34,-11
0.005885839462280273,5.551605939865112,-12.37797045707703,34,-11
0.007337093353271484,5.558943033218384,-12.45867848396301,34,-11
0.006356954574584961,5.565299987792969,-12.52860498428345,34,-11
0.006865978240966797,5.572165966033936,-12.60413074493408,34,-11
0.00699305534362793,5.579159021377563,-12.67406129837036,35,-10
0.005998849868774414,5.585157871246338,-12.73404979705811,35,-10
0.00652623176574707,5.591684103012085,-12.79931211471558,35,-10
0.006245851516723633,5.597929954528809,-12.86177062988281,35,-10
0.007226943969726563,5.605156898498535,-12.92681312561035,36,-9
0.00666499137878418,5.611821889877319,-12.98679804801941,36,-9
0.004938125610351563,5.616760015487671,-13.03124117851257,36,-9
0.005433082580566406,5.622193098068237,-13.08013892173767,36,-9
0.005499839782714844,5.627692937850952,-13.12413763999939,37,-8
0.007143020629882813,5.634835958480835,-13.18128180503845,37,-8
0.006035089492797852,5.640871047973633,-13.22956252098084,37,-8
0.006222963333129883,5.647094011306763,-13.27934622764587,37,-8
0.004373073577880859,5.651467084884644,-13.31433081626892,37,-8
0.005722999572753906,5.657190084457397,-13.36011481285095,37,-8
0.005831003189086914,5.663021087646484,-13.40676283836365,37,-8
0.005852937698364258,5.668874025344849,-13.4477334022522,38,-7
0.007652044296264648,5.676526069641113,-13.50129771232605,38,-7
0.00644683837890625,5.68297290802002,-13.54642558097839,38,-7
0.005557060241699219,5.688529968261719,-13.57976794242859,39,-6
0.006724119186401367,5.69525408744812,-13.620112657547,39,-6
0.006412982940673828,5.701667070388794,-13.65859055519104,39,-6
0.00709986686706543,5.708766937255859,-13.69408988952637,40,-5
0.007303953170776367,5.716070890426636,-13.73060965538025,40,-5
0.008121013641357422,5.724191904067993,-13.76309370994568,41,-4
0.005840063095092773,5.730031967163086,-13.78645396232605,41,-4
0.006608963012695313,5.736640930175781,-13.81288981437683,41,-4
0.00549006462097168,5.742130994796753,-13.82936000823975,42,-3
0.005825996398925781,5.747956991195679,-13.84683799743653,42,-3
0.007687091827392578,5.755644083023071,-13.8698992729187,42,-3
0.00302886962890625,5.758672952651978,-13.87595701217651,43,-2
0.006412029266357422,5.765084981918335,-13.88878107070923,43,-2
0.006726980209350586,5.771811962127686,-13.90223503112793,43,-2
0.008098125457763672,5.779910087585449,-13.91033315658569,44,-1
0.006814002990722656,5.786724090576172,-13.91714715957642,44,-1
0.00598597526550293,5.792710065841675,-13.92313313484192,44,-1
0.00693202018737793,5.799642086029053,-13.9300651550293,44,-1
0.006505012512207031,5.80614709854126,-13.9300651550293,45,0
0.005848884582519531,5.811995983123779,-13.9300651550293,45,0
0.00556492805480957,5.817560911178589,-13.9300651550293,45,0
0.005005121231079102,5.822566032409668,-13.92506003379822,46,1
0.005199909210205078,5.827765941619873,-13.91986012458801,46,1
0.007377147674560547,5.835143089294434,-13.91248297691345,46,1
0.004021883010864258,5.839164972305298,-13.90846109390259,46,1
0.007970094680786133,5.847135066986084,-13.9004909992218,46,1
0.005889892578125,5.853024959564209,-13.88871121406555,47,2
0.006140947341918945,5.859165906906128,-13.87642931938172,47,2
0.006832122802734375,5.865998029708862,-13.86276507377625,47,2
0.005697011947631836,5.871695041656494,-13.85137104988098,47,2
0.006268024444580078,5.877963066101074,-13.83256697654724,48,3
0.007088899612426758,5.885051965713501,-13.81130027770996,48,3
0.004080057144165039,5.889132022857666,-13.79906010627747,48,3
0.005987882614135742,5.895119905471802,-13.78109645843506,48,3
0.005977153778076172,5.901097059249878,-13.75718784332276,49,4
0.006083965301513672,5.907181024551392,-13.7328519821167,49,4
0.009504079818725586,5.916685104370117,-13.6948356628418,49,4
0.007725954055786133,5.924411058425903,-13.65620589256287,50,5
0.005302906036376953,5.92971396446228,-13.62969136238098,50,5
0.005482912063598633,5.935196876525879,-13.60227680206299,50,5
0.006392002105712891,5.941588878631592,-13.57031679153442,50,5
0.006482124328613281,5.948071002960205,-13.53790616989136,50,5
0.0074920654296875,5.955563068389893,-13.49295377731323,51,6
0.007401943206787109,5.96296501159668,-13.44854211807251,51,6
0.004957914352416992,5.967922925949097,-13.41383671760559,52,7
0.004883050918579102,5.972805976867676,-13.37965536117554,52,7
0.006239891052246094,5.979045867919922,-13.33597612380982,52,7
0.005738019943237305,5.984783887863159,-13.29580998420715,52,7
0.005679130554199219,5.990463018417358,-13.25037693977356,53,8
0.007487058639526367,5.997950077056885,-13.19048047065735,53,8
0.006876945495605469,6.00482702255249,-13.13546490669251,53,8
0.007819890975952148,6.012646913528442,-13.07290577888489,53,8
0.006139993667602539,6.018786907196045,-13.02378582954407,53,8
0.008254051208496094,6.027040958404541,-12.9577534198761,53,8
0.006562948226928711,6.03360390663147,-12.9118127822876,52,7
0.006994009017944336,6.040597915649414,-12.86285471916199,52,7
0.006947040557861328,6.047544956207275,-12.81422543525696,52,7
0.004251003265380859,6.051795959472656,-12.78021740913391,53,8
0.007966041564941406,6.059762001037598,-12.72445511817932,52,7
0.005871057510375977,6.065633058547974,-12.68335771560669,52,7
0.006526947021484375,6.072160005569458,-12.6376690864563,52,7
0.005368947982788086,6.077528953552246,-12.594717502594,53,8
0.007631063461303711,6.08516001701355,-12.54130005836487,52,7
0.009588956832885742,6.094748973846436,-12.47417736053467,52,7
0.006485939025878906,6.101234912872314,-12.42228984832764,53,8
0.007513999938964844,6.108748912811279,-12.36217784881592,53,8
0.006939172744750977,6.11568808555603,-12.31360363960266,52,7
0.004904985427856445,6.120593070983887,-12.27926874160767,52,7
0.006187915802001953,6.126780986785889,-12.23595333099365,52,7
0.005923032760620117,6.132704019546509,-12.20041513442993,51,6
0.006452083587646484,6.139156103134155,-12.16170263290405,51,6
0.005642890930175781,6.144798994064331,-12.127845287323,51,6
0.006280899047851563,6.151079893112183,-12.09015989303589,51,6
0.005711078643798828,6.156790971755981,-12.0616044998169,50,5
0.006374120712280273,6.163165092468262,-12.02973389625549,50,5
0.006023883819580078,6.169188976287842,-11.99961447715759,50,5
0.006901025772094727,6.176090002059937,-11.97201037406922,49,4
0.005588054656982422,6.181678056716919,-11.94965815544129,49,4
0.006466865539550781,6.18814492225647,-11.92379069328308,49,4
0.007817983627319336,6.195962905883789,-11.8925187587738,49,4
0.002890110015869141,6.198853015899658,-11.88095831871033,49,4
0.006300926208496094,6.205153942108154,-11.85575461387634,49,4
0.006978988647460938,6.212132930755615,-11.8278386592865,49,4
0.006042003631591797,6.218174934387207,-11.80971264839172,48,3
0.006626129150390625,6.224801063537598,-11.78983426094055,48,3
0.005864858627319336,6.230665922164917,-11.77810454368591,47,2
0.006783962249755859,6.237449884414673,-11.7645366191864,47,2
0.004707098007202148,6.242156982421875,-11.755122423172,47,2
0.005548954010009766,6.247705936431885,-11.74402451515198,47,2
0.006370067596435547,6.25407600402832,-11.73765444755554,46,1
0.005009889602661133,6.259085893630981,-11.73264455795288,46,1
0.006326198577880859,6.265412092208862,-11.726318359375,46,1
0.006365776062011719,6.271777868270874,-11.71995258331299,46,1
0.006242036819458008,6.278019905090332,-11.71371054649353,46,1
0.007069110870361328,6.285089015960693,-11.71371054649353,45,0
0.006947994232177734,6.292037010192871,-11.71371054649353,45,0
0.006138086318969727,6.298175096511841,-11.7198486328125,44,-1
0.007161855697631836,6.305336952209473,-11.72701048851013,44,-1
0.009989023208618164,6.315325975418091,-11.73699951171875,44,-1
0.006271123886108398,6.321597099304199,-11.74954175949097,43,-2
0.004954814910888672,6.326551914215088,-11.75945138931275,43,-2
0.005064010620117188,6.331615924835205,-11.76957941055298,43,-2
0.005388021469116211,6.337003946304321,-11.78035545349121,43,-2
0.005756139755249023,6.34276008605957,-11.79186773300171,43,-2
0.005978822708129883,6.3487389087677,-11.80382537841797,43,-2
0.006880044937133789,6.355618953704834,-11.81758546829224,43,-2
0.006348133087158203,6.361967086791992,-11.83662986755371,42,-3
0.004812955856323242,6.366780042648315,-11.85106873512268,42,-3
0.00535893440246582,6.372138977050781,-11.86714553833008,42,-3
0.006040096282958984,6.37817907333374,-11.88526582717895,42,-3
0.006827831268310547,6.385006904602051,-11.90574932098389,42,-3
0.005609035491943359,6.390615940093994,-11.92257642745972,42,-3
0.005321979522705078,6.395937919616699,-11.93854236602783,42,-3
0.006071090698242188,6.402009010314941,-11.9628267288208,41,-4
0.005862951278686523,6.407871961593628,-11.98627853393555,41,-4
0.007401943206787109,6.415273904800415,-12.0158863067627,41,-4
0.007266998291015625,6.422540903091431,-12.05222129821777,40,-5
0.006031990051269531,6.4285728931427,-12.08238124847412,40,-5
0.009141206741333008,6.437714099884033,-12.12808728218079,40,-5
0.01014494895935059,6.447859048843384,-12.18895697593689,39,-6
0.007571935653686523,6.45543098449707,-12.23438858985901,39,-6
0.006577014923095703,6.462007999420166,-12.27385067939758,39,-6
0.006000041961669922,6.468008041381836,-12.3098509311676,39,-6
0.008561849594116211,6.476569890975952,-12.3612220287323,39,-6
0.006299018859863281,6.482868909835815,-12.39901614189148,39,-6
0.005645990371704102,6.48851490020752,-12.4328920841217,39,-6
0.006808042526245117,6.495322942733765,-12.47374033927918,39,-6
0.006356000900268555,6.501678943634033,-12.51187634468079,39,-6
0.006340980529785156,6.508019924163818,-12.5499222278595,39,-6
0.007531166076660156,6.515551090240479,-12.59510922431946,39,-6
0.006170988082885742,6.521722078323364,-12.63213515281677,39,-6
0.006117820739746094,6.52783989906311,-12.66884207725525,39,-6
0.007567167282104492,6.535407066345215,-12.71424508094788,39,-6
0.00934290885925293,6.544749975204468,-12.77964544296265,38,-7
0.006195068359375,6.550945043563843,-12.8168158531189,39,-6
0.00665283203125,6.557597875595093,-12.86338567733765,38,-7
0.007628202438354492,6.565226078033447,-12.91678309440613,38,-7
0.00675201416015625,6.571978092193604,-12.97079920768738,37,-8
0.006747007369995117,6.578725099563599,-13.02477526664734,37,-8
0.006535768508911133,6.58526086807251,-13.07706141471863,37,-8
0.006449222564697266,6.591710090637207,-13.12865519523621,37,-8
0.006394863128662109,6.598104953765869,-13.1798141002655,37,-8
0.007270097732543945,6.605375051498413,-13.23797488212586,37,-8
0.007238864898681641,6.612613916397095,-13.29588580131531,37,-8
0.004815101623535156,6.61742901802063,-13.33440661430359,37,-8
0.007150888442993164,6.624579906463623,-13.38446283340454,38,-7
0.00531005859375,6.629889965057373,-13.42163324356079,38,-7
0.005574941635131836,6.635464906692505,-13.46065783500672,38,-7
0.006091117858886719,6.641556024551392,-13.50329566001892,38,-7
0.007044076919555664,6.648600101470947,-13.55964827537537,37,-8
0.006231784820556641,6.654831886291504,-13.60327076911926,38,-7
0.006838083267211914,6.661669969558716,-13.65797543525696,37,-8
0.009726047515869141,6.671396017074585,-13.72605776786804,38,-7
0.007607936859130859,6.679003953933716,-13.77931332588196,38,-7
0.006982088088989258,6.685986042022705,-13.82818794250488,38,-7
0.006580829620361328,6.692566871643066,-13.87425374984741,38,-7
0.00669407844543457,6.699260950088501,-13.92111229896545,38,-7
0.005929946899414063,6.705190896987915,-13.96262192726135,38,-7
0.006944179534912109,6.712135076522827,-14.01123118400574,38,-7
0.005918025970458984,6.718053102493286,-14.05265736579895,38,-7
0.006805896759033203,6.724858999252319,-14.10029864311218,38,-7
0.004667997360229492,6.729526996612549,-14.13297462463379,38,-7
0.005598068237304688,6.735125064849854,-14.16656303405762,39,-6
0.00612187385559082,6.741246938705444,-14.20329427719116,39,-6
0.005820035934448242,6.747066974639893,-14.23821449279785,39,-6
0.005825042724609375,6.752892017364502,-14.27316474914551,39,-6
0.005933046340942383,6.758825063705444,-14.30876302719116,39,-6
0.006377935409545898,6.76520299911499,-14.34703063964844,39,-6
0.006578922271728516,6.771781921386719,-14.38650417327881,39,-6
0.00693202018737793,6.778713941574097,-14.4211642742157,40,-5
0.006583929061889648,6.785297870635986,-14.45408391952515,40,-5
0.006410121917724609,6.791707992553711,-14.48613452911377,40,-5
0.00769495964050293,6.799402952194214,-14.51691436767578,41,-4
0.006577014923095703,6.80597996711731,-14.54322242736817,41,-4
0.006734132766723633,6.812714099884033,-14.57015895843506,41,-4
0.00739288330078125,6.820106983184814,-14.59973049163819,41,-4
0.007448911666870117,6.827555894851685,-14.62207722663879,42,-3
0.006038188934326172,6.833594083786011,-14.64019179344177,42,-3
0.005461931228637695,6.839056015014648,-14.65657758712769,42,-3
0.006223917007446289,6.845279932022095,-14.67524933815002,42,-3
0.006869077682495117,6.85214900970459,-14.69585657119751,42,-3
0.006916046142578125,6.859065055847168,-14.70968866348267,43,-2
0.006196022033691406,6.865261077880859,-14.72208070755005,43,-2
0.006402969360351563,6.871664047241211,-14.73488664627075,43,-2
0.006229877471923828,6.877893924713135,-14.7473464012146,43,-2
0.007055997848510742,6.884949922561646,-14.76145839691162,43,-2
0.003771066665649414,6.888720989227295,-14.76900053024292,43,-2
0.006347894668579102,6.895068883895874,-14.78169631958008,43,-2
0.005972146987915039,6.901041030883789,-14.79364061355591,43,-2
0.00609898567199707,6.907140016555786,-14.8058385848999,43,-2
0.005800962448120117,6.912940979003906,-14.81163954734802,44,-1
0.005768060684204102,6.91870903968811,-14.81740760803223,44,-1
0.006527900695800781,6.925236940383911,-14.82393550872803,44,-1
0.007311105728149414,6.932548046112061,-14.82393550872803,45,0
0.006211042404174805,6.938759088516235,-14.82393550872803,45,0
0.006520986557006836,6.945280075073242,-14.82393550872803,45,0
0.006541013717651367,6.951821088790894,-14.82393550872803,45,0
0.00629878044128418,6.958119869232178,-14.81763672828674,46,1
0.007264137268066406,6.965384006500244,-14.81037259101868,46,1
0.007375001907348633,6.972759008407593,-14.79562258720398,47,2
0.006552934646606445,6.979311943054199,-14.78251671791077,47,2
0.005254983901977539,6.984566926956177,-14.77200675010681,47,2
0.004817962646484375,6.989384889602661,-14.76237082481384,47,2
0.005748987197875977,6.995133876800537,-14.75087285041809,47,2
0.00623011589050293,7.00136399269104,-14.73218250274658,48,3
0.006233930587768555,7.007597923278809,-14.71348071098328,48,3
0.006904125213623047,7.014502048492432,-14.69276833534241,48,3
0.004596948623657227,7.019098997116089,-14.67897748947144,48,3
0.006035089492797852,7.025134086608887,-14.66087222099304,48,3
0.006465911865234375,7.031599998474121,-14.64147448539734,48,3
0.006535053253173828,7.038135051727295,-14.62186932563782,48,3
0.004915952682495117,7.04305100440979,-14.60220551490784,49,4
0.006504058837890625,7.049555063247681,-14.57618927955628,49,4
0.005257844924926758,7.054812908172607,-14.55515789985657,49,4
0.005309104919433594,7.060122013092041,-14.53392148017883,49,4
0.006918907165527344,7.067040920257568,-14.50624585151672,49,4
0.005980968475341797,7.07302188873291,-14.47634100914001,50,5
0.006618022918701172,7.079639911651611,-14.44325089454651,50,5
0.006515979766845703,7.086155891418457,-14.40415501594543,51,6
0.005609035491943359,7.0917649269104,-14.37050080299378,51,6
0.004697084426879883,7.09646201133728,-14.3423182964325,51,6
0.006332874298095703,7.102794885635376,-14.30432105064392,51,6
0.005971193313598633,7.108766078948975,-14.26849389076233,51,6
0.006232976913452148,7.114999055862427,-14.23109602928162,51,6
0.005846023559570313,7.120845079421997,-14.1960198879242,51,6
0.006284952163696289,7.127130031585693,-14.15831017494202,51,6
0.00577998161315918,7.132910013198853,-14.12363028526306,51,6
0.006511926651000977,7.139421939849854,-14.08455872535706,51,6
0.00764012336730957,7.147062063217163,-14.0387179851532,51,6
0.00382685661315918,7.150888919830322,-14.01575684547424,51,6
0.005941152572631836,7.156830072402954,-13.98605108261108,50,5
0.008572816848754883,7.165402889251709,-13.94318699836731,50,5
0.006780147552490234,7.172183036804199,-13.90928626060486,50,5
0.007036924362182617,7.179219961166382,-13.87410163879395,50,5
0.006473064422607422,7.185693025588989,-13.84173631668091,50,5
0.006887912750244141,7.192580938339233,-13.80729675292969,50,5
0.005888938903808594,7.198469877243042,-13.77785205841064,50,5
0.008121013641357422,7.206590890884399,-13.73724699020386,50,5
0.006499052047729492,7.213089942932129,-13.70475172996521,50,5
0.006850004196166992,7.219939947128296,-13.67735171318054,49,4
0.006025075912475586,7.225965023040771,-13.65325140953064,49,4
0.004665851593017578,7.230630874633789,-13.63458800315857,49,4
0.005817174911499023,7.236448049545288,-13.61131930351257,49,4
0.008334875106811523,7.2447829246521,-13.58631467819214,48,3
0.004069089889526367,7.248852014541626,-13.57410740852356,48,3
0.006404876708984375,7.25525689125061,-13.55489277839661,48,3
0.006149053573608398,7.261405944824219,-13.54259467124939,47,2
0.005851030349731445,7.26725697517395,-13.53089261054993,47,2
0.007905006408691406,7.275161981582642,-13.51508259773254,47,2
0.005850076675415039,7.281012058258057,-13.50923252105713,46,1
0.005642890930175781,7.286654949188232,-13.50358963012695,46,1
0.006072998046875,7.292727947235107,-13.49751663208008,46,1
0.007447004318237305,7.300174951553345,-13.49751663208008,45,0
0.008582115173339844,7.308757066726685,-13.49751663208008,45,0
0.006165027618408203,7.314922094345093,-13.49751663208008,45,0
0.005032777786254883,7.319954872131348,-13.49751663208008,45,0
0.006082057952880859,7.326036930084229,-13.50359869003296,44,-1
0.006405115127563477,7.332442045211792,-13.51000380516052,44,-1
0.006186008453369141,7.338628053665161,-13.51618981361389,44,-1
0.006140947341918945,7.34476900100708,-13.52847170829773,43,-2
0.003931999206542969,7.348701000213623,-13.53633570671082,43,-2
0.006186008453369141,7.354887008666992,-13.54870772361755,43,-2
0.005147933959960938,7.360034942626953,-13.55900359153748,43,-2
0.005281925201416016,7.365316867828369,-13.57484936714172,42,-3
0.006651163101196289,7.371968030929565,-13.59480285644531,42,-3
0.004835844039916992,7.376803874969482,-13.60931038856506,42,-3
0.007981061935424805,7.384784936904907,-13.64123463630676,41,-4
0.00398707389831543,7.388772010803223,-13.65718293190002,41,-4
0.00636601448059082,7.395138025283813,-13.68264698982239,41,-4
0.006444931030273438,7.401582956314087,-13.70842671394348,41,-4
0.01114702224731445,7.412729978561401,-13.76416182518005,40,-5
0.004148006439208984,7.41687798500061,-13.7849018573761,40,-5
0.005773067474365234,7.422651052474976,-13.81376719474793,40,-5
0.00610804557800293,7.428759098052979,-13.85041546821594,39,-6
0.007833003997802734,7.436592102050781,-13.90524649620056,38,-7
0.005475997924804688,7.442068099975586,-13.94357848167419,38,-7
0.006485939025878906,7.448554039001465,-13.98898005485535,38,-7
0.006999969482421875,7.455554008483887,-14.04497981071472,37,-8
0.007062911987304688,7.462616920471191,-14.10148310661316,37,-8
0.005941152572631836,7.468558073043823,-14.14901232719421,37,-8
0.007428884506225586,7.475986957550049,-14.21587228775024,36,-9
0.006693124771118164,7.482680082321167,-14.27611041069031,36,-9
0.005373001098632813,7.4880530834198,-14.324467420578,36,-9
0.007306814193725586,7.495359897613525,-14.39753556251526,35,-10
0.00667119026184082,7.502031087875366,-14.46424746513367,35,-10
0.005913972854614258,7.50794506072998,-14.52338719367981,35,-10
0.007462024688720703,7.515407085418701,-14.60546946525574,34,-11
0.003546953201293945,7.518954038619995,-14.64448595046997,34,-11
0.007627964019775391,7.526582002639771,-14.7283935546875,34,-11
0.006474018096923828,7.533056020736694,-14.80608177185059,33,-12
0.006917953491210938,7.539973974227905,-14.88909721374512,33,-12
0.007179021835327148,7.547152996063232,-14.97524547576904,33,-12
0.005656957626342773,7.552809953689575,-15.04312896728516,33,-12
0.006294012069702148,7.559103965759277,-15.11865711212158,33,-12
0.00757598876953125,7.566679954528809,-15.21714496612549,32,-13
0.006261110305786133,7.572941064834595,-15.29853940010071,32,-13
0.007237911224365234,7.58017897605896,-15.39263224601746,32,-13
0.006746053695678711,7.586925029754639,-15.48707699775696,31,-14
0.005795001983642578,7.592720031738281,-15.56820702552796,31,-14
0.006384849548339844,7.599104881286621,-15.65759491920471,31,-14
0.005508184432983398,7.604613065719604,-15.73470950126648,31,-14
0.007061958312988281,7.611675024032593,-15.83357691764832,31,-14
0.004308938980102539,7.615983963012695,-15.89390206336975,31,-14
0.005299091339111328,7.621283054351807,-15.96808934211731,31,-14
0.006013870239257813,7.627296924591064,-16.05228352546692,31,-14
0.00551295280456543,7.63280987739563,-16.12946486473084,31,-14
0.005976200103759766,7.63878607749939,-16.21313166618347,31,-14
0.006354808807373047,7.645140886306763,-16.3020989894867,31,-14
0.01044106483459473,7.655581951141357,-16.45871496200562,30,-15
0.007216930389404297,7.662798881530762,-16.56696891784668,30,-15
0.006968021392822266,7.669766902923584,-16.67148923873901,30,-15
0.006863117218017578,7.676630020141602,-16.77443599700928,30,-15
0.005970954895019531,7.682600975036621,-16.86400032043457,30,-15
0.005909919738769531,7.688510894775391,-16.95264911651611,30,-15
0.006772041320800781,7.695282936096191,-17.05422973632813,30,-15
0.006417036056518555,7.70169997215271,-17.14406824111939,31,-14
0.007090091705322266,7.708790063858032,-17.2433295249939,31,-14
0.006790876388549805,7.715580940246582,-17.3384017944336,31,-14
0.004308938980102539,7.719889879226685,-17.39872694015503,31,-14
0.00799107551574707,7.727880954742432,-17.51060199737549,31,-14
0.00686192512512207,7.734742879867554,-17.6066689491272,31,-14
0.004157066345214844,7.738899946212769,-17.66486787796021,31,-14
0.006482124328613281,7.745382070541382,-17.76209974288941,30,-15
0.006086826324462891,7.751468896865845,-17.84731531143189,31,-14
0.005836009979248047,7.757304906845093,-17.92901945114136,31,-14
0.005918979644775391,7.763223886489868,-18.01188516616821,31,-14
0.00598907470703125,7.769212961196899,-18.09573221206665,31,-14
0.006493091583251953,7.775706052780151,-18.18014240264893,32,-13
0.006242036819458008,7.781948089599609,-18.26128888130188,32,-13
0.006043910980224609,7.787992000579834,-18.3398597240448,32,-13
0.008540868759155273,7.796532869338989,-18.45089101791382,32,-13
0.006512165069580078,7.803045034408569,-18.52903699874878,33,-12
0.006697893142700195,7.80974292755127,-18.60941171646118,33,-12
0.00693511962890625,7.816678047180176,-18.69263315200806,33,-12
0.007938861846923828,7.8246169090271,-18.78789949417114,33,-12
0.005589008331298828,7.830205917358398,-18.84937858581543,34,-11
0.004951953887939453,7.835157871246338,-18.90385007858276,34,-11
0.009846210479736328,7.845004081726074,-19.00231218338013,35,-10
0.004307985305786133,7.84931206703186,-19.04539203643799,35,-10
0.005980968475341797,7.855293035507202,-19.09922075271607,36,-9
0.005553007125854492,7.860846042633057,-19.14919781684875,36,-9
0.006065845489501953,7.866911888122559,-19.20379042625427,36,-9
0.008268117904663086,7.875180006027222,-19.26993536949158,37,-8
0.005702018737792969,7.880882024765015,-19.31555151939392,37,-8
0.007776975631713867,7.888659000396729,-19.37776732444763,37,-8
0.006505012512207031,7.895164012908936,-19.42330241203308,38,-7
0.006511926651000977,7.901675939559937,-19.46888589859009,38,-7
0.006227016448974609,7.907902956008911,-19.51247501373291,38,-7
0.007709980010986328,7.915612936019897,-19.56644487380982,38,-7
0.003139019012451172,7.918751955032349,-19.58527898788452,39,-6
0.01237201690673828,7.931123971939087,-19.65951108932495,39,-6
0.005959033966064453,7.937083005905151,-19.69526529312134,39,-6
0.007551908493041992,7.944634914398193,-19.73302483558655,40,-5
0.005469083786010742,7.950103998184204,-19.7603702545166,40,-5
0.006586074829101563,7.956690073013306,-19.79330062866211,40,-5
0.004313945770263672,7.961004018783569,-19.81055641174317,41,-4
0.007593870162963867,7.968597888946533,-19.84093189239502,41,-4
0.006127119064331055,7.974725008010864,-19.85931324958801,42,-3
0.005728960037231445,7.980453968048096,-19.87650012969971,42,-3
0.00522613525390625,7.985680103302002,-19.89217853546143,42,-3
0.006788969039916992,7.992469072341919,-19.90575647354126,43,-2
0.005738973617553711,7.998208045959473,-19.91723442077637,43,-2
0.007321834564208984,8.005529880523682,-19.92455625534058,44,-1
0.007125139236450195,8.012655019760132,-19.93168139457703,44,-1
0.006099939346313477,8.018754959106445,-19.93778133392334,44,-1
0.006636142730712891,8.025391101837158,-19.93778133392334,45,0
0.004597902297973633,8.029989004135132,-19.93778133392334,45,0
0.005203962326049805,8.035192966461182,-19.93257737159729,46,1
0.006779909133911133,8.041972875595093,-19.91901755332947,47,2
0.005303144454956055,8.047276020050049,-19.90841126441956,47,2
0.005872964859008789,8.053148984909058,-19.89079236984253,48,3
0.007643938064575195,8.060792922973633,-19.86021661758423,49,4
0.006165027618408203,8.066957950592041,-19.8355565071106,49,4
0.008733034133911133,8.075690984725952,-19.79189133644104,50,5
0.005820035934448242,8.0815110206604,-19.7627911567688,50,5
0.005552053451538086,8.087063074111938,-19.72947883605957,51,6
0.005795001983642578,8.092858076095581,-19.69470882415772,51,6
0.006057024002075195,8.098915100097656,-19.65836668014527,51,6
0.007651805877685547,8.106566905975342,-19.60480403900147,52,7
0.005570173263549805,8.112137079238892,-19.56581282615662,52,7
0.00606989860534668,8.118206977844238,-19.51725363731384,53,8
0.0123589038848877,8.130565881729126,-19.40602350234985,54,9
0.006213188171386719,8.136779069900513,-19.34389162063599,55,10
0.007797956466674805,8.144577026367188,-19.26591205596924,55,10
0.005614995956420898,8.150192022323608,-19.20976209640503,55,10
0.004992961883544922,8.155184984207153,-19.15483951568604,56,11
0.009830951690673828,8.165015935897827,-19.04669904708862,56,11
0.003576040267944336,8.168591976165771,-19.00378656387329,57,12
0.009171962738037109,8.177763938903809,-18.88455104827881,58,13
0.007200002670288086,8.184963941574097,-18.79095101356507,58,13
0.004676103591918945,8.189640045166016,-18.7254855632782,59,14
0.005348920822143555,8.194988965988159,-18.65060067176819,59,14
0.005805015563964844,8.200793981552124,-18.56933045387268,59,14
0.006045103073120117,8.206839084625244,-18.484699010849,59,14
0.005759954452514648,8.212599039077759,-18.4040596485138,59,14
0.006305932998657227,8.218904972076416,-18.31577658653259,59,14
0.006233930587768555,8.225138902664185,-18.22850155830383,59,14
0.007731199264526367,8.232870101928711,-18.12026476860046,59,14
0.006348848342895508,8.239218950271606,-18.03138089179993,59,14
0.005479097366333008,8.244698047637939,-17.95467352867127,59,14
0.007822990417480469,8.25252103805542,-17.83732867240906,60,15
0.004214048385620117,8.25673508644104,-17.77411794662476,60,15
0.00830388069152832,8.265038967132568,-17.65786361694336,59,14
0.002573966979980469,8.267612934112549,-17.62182807922363,59,14
0.006943941116333008,8.274556875228882,-17.52461290359497,59,14
0.004502058029174805,8.279058933258057,-17.46158409118652,59,14
0.006170034408569336,8.285228967666626,-17.37520360946655,59,14
0.006614923477172852,8.291843891143799,-17.28259468078613,59,14
0.007945060729980469,8.299788951873779,-17.17930889129639,58,13
0.007246017456054688,8.307034969329834,-17.08511066436768,58,13
0.007801055908203125,8.314836025238037,-16.98369693756104,58,13
0.005267858505249023,8.320103883743286,-16.9152147769928,58,13
0.005946159362792969,8.326050043106079,-16.83791470527649,58,13
0.005764961242675781,8.331815004348755,-16.76297020912171,58,13
0.004831075668334961,8.33664608001709,-16.70499730110168,57,12
0.005918979644775391,8.342565059661865,-16.63396954536438,57,12
0.005133867263793945,8.347698926925659,-16.57749700546265,56,11
0.005901098251342773,8.353600025177002,-16.51258492469788,56,11
0.005250930786132813,8.358850955963135,-16.45482468605042,56,11
0.006477117538452148,8.365328073501587,-16.39005351066589,55,10
0.006700992584228516,8.372029066085815,-16.32304358482361,55,10
0.005944013595581055,8.377973079681396,-16.2636034488678,55,10
0.009271860122680664,8.387244939804077,-16.18015670776367,54,9
0.008067131042480469,8.395312070846558,-16.10755252838135,54,9
0.005779027938842773,8.4010910987854,-16.05554127693176,54,9
0.006172895431518555,8.407263994216919,-16.00615811347962,53,8
0.004090070724487305,8.411354064941406,-15.97343754768372,53,8
0.005738019943237305,8.417092084884644,-15.93327140808106,52,7
0.006107807159423828,8.423199892044067,-15.89662456512451,51,6
0.005825996398925781,8.429025888442993,-15.86166858673096,51,6
0.008037090301513672,8.437062978744507,-15.82148313522339,50,5
0.005793094635009766,8.442856073379517,-15.79831075668335,49,4
0.006290912628173828,8.44914698600769,-15.77314710617066,49,4
0.005644083023071289,8.454791069030762,-15.75621485710144,48,3
0.006848812103271484,8.461639881134033,-15.73566842079163,48,3
0.005138158798217773,8.466778039932251,-15.72539210319519,47,2
0.004792928695678711,8.47157096862793,-15.71580624580383,47,2
0.00757598876953125,8.479146957397461,-15.7082302570343,46,1
0.00565791130065918,8.48480486869812,-15.70257234573364,46,1
0.006288051605224609,8.491092920303345,-15.69628429412842,46,1
0.00539398193359375,8.496486902236938,-15.69628429412842,45,0
0.00510716438293457,8.501594066619873,-15.69628429412842,45,0
0.00653386116027832,8.508127927780151,-15.7028181552887,44,-1
0.004907131195068359,8.51303505897522,-15.70772528648376,44,-1
0.005777835845947266,8.518812894821167,-15.71350312232971,44,-1
0.006179094314575195,8.524991989135742,-15.71968221664429,44,-1
0.006370067596435547,8.531362056732178,-15.73242235183716,43,-2
0.006453990936279297,8.537816047668457,-15.74533033370972,43,-2
0.006639003753662109,8.544455051422119,-15.7652473449707,42,-3
0.004576921463012695,8.549031972885132,-15.77897810935974,42,-3
0.007622957229614258,8.556654930114746,-15.8094699382782,41,-4
0.006569147109985352,8.563224077224731,-15.84231567382813,40,-5
0.00639796257019043,8.569622039794922,-15.87430548667908,40,-5
0.00640106201171875,8.576023101806641,-15.90631079673767,40,-5
0.004744768142700195,8.580767869949341,-15.93477940559387,39,-6
0.005765199661254883,8.586533069610596,-15.9693706035614,39,-6
0.004768848419189453,8.591301918029785,-15.99798369407654,39,-6
0.005692958831787109,8.596994876861572,-16.03783440589905,38,-7
0.006000995635986328,8.602995872497559,-16.07984137535095,38,-7
0.005877017974853516,8.608872890472412,-16.12098050117493,38,-7
0.006396055221557617,8.61526894569397,-16.17214894294739,37,-8
0.007916927337646484,8.623185873031616,-16.23548436164856,37,-8
0.006228208541870117,8.629414081573486,-16.29153823852539,36,-9
0.006738901138305664,8.636152982711792,-16.35218834877014,36,-9
0.006828069686889648,8.642981052398682,-16.41364097595215,36,-9
0.004051923751831055,8.647032976150513,-16.45416021347046,35,-10
0.005741119384765625,8.652774095535278,-16.51157140731812,35,-10
0.006340980529785156,8.659115076065063,-16.58132219314575,34,-11
0.005959987640380859,8.665075063705444,-16.64688205718994,34,-11
0.005777835845947266,8.670852899551392,-16.71621608734131,33,-12
0.005722999572753906,8.676575899124146,-16.78489208221436,33,-12
0.007517099380493164,8.684092998504639,-16.88261437416077,32,-13
0.004973888397216797,8.689066886901855,-16.94727492332459,32,-13
0.007117986679077148,8.696184873580933,-17.04692673683167,31,-14
0.005608081817626953,8.70179295539856,-17.12543988227844,31,-14
0.00671696662902832,8.708509922027588,-17.21947741508484,31,-14
0.00893712043762207,8.71744704246521,-17.35353422164917,30,-15
0.007653951644897461,8.725100994110107,-17.46834349632263,30,-15
0.004215002059936523,8.729315996170044,-17.53156852722168,30,-15
0.00768589973449707,8.737001895904541,-17.64685702323914,30,-15
0.006011009216308594,8.74301290512085,-17.73702216148377,30,-15
0.005751132965087891,8.748764038085938,-17.82328915596008,30,-15
0.006630897521972656,8.75539493560791,-17.92275261878967,30,-15
0.00763702392578125,8.763031959533691,-18.03730797767639,30,-15
0.003989934921264648,8.767021894454956,-18.10114693641663,29,-16
0.00577998161315918,8.772801876068115,-18.19362664222717,29,-16
0.00620722770690918,8.779009103775024,-18.29294228553772,29,-16
0.006656885147094727,8.785665988922119,-18.40610933303833,28,-17
0.005706071853637695,8.791372060775757,-18.50311255455017,28,-17
0.008697986602783203,8.80007004737854,-18.65097832679749,28,-17
0.006103992462158203,8.806174039840698,-18.74864220619202,29,-16
0.006610870361328125,8.812784910202026,-18.8610270023346,28,-17
0.007416963577270508,8.820201873779297,-18.97969841957092,29,-16
0.007722139358520508,8.827924013137817,-19.10325264930725,29,-16
0.008122920989990234,8.836046934127808,-19.23321938514709,29,-16
0.008769035339355469,8.844815969467163,-19.37352395057678,29,-16
0.004225969314575195,8.849041938781738,-19.44113945960999,29,-16
0.006157159805297852,8.855199098587036,-19.53965401649475,29,-16
0.00792694091796875,8.863126039505005,-19.65855813026428,30,-15
0.007362842559814453,8.870488882064819,-19.7690007686615,30,-15
0.007563114166259766,8.878051996231079,-19.89001059532166,29,-16
0.008080005645751953,8.886132001876831,-20.01121068000793,30,-15
0.006474018096923828,8.892606019973755,-20.10832095146179,30,-15
0.007899999618530273,8.900506019592285,-20.21892094612121,31,-14
0.008028984069824219,8.908535003662109,-20.33935570716858,30,-15
0.00712895393371582,8.915663957595825,-20.4391610622406,31,-14
0.007157087326049805,8.922821044921875,-20.5393602848053,31,-14
0.004065036773681641,8.926886081695557,-20.59220576286316,32,-13
0.005878925323486328,8.932765007019043,-20.66863179206848,32,-13
0.006880044937133789,8.939645051956177,-20.75807237625122,32,-13
0.007109880447387695,8.946754932403564,-20.83628106117249,34,-11
0.006215095520019531,8.952970027923584,-20.9046471118927,34,-11
0.004483938217163086,8.957453966140747,-20.94948649406433,35,-10
0.00713801383972168,8.964591979980469,-21.02086663246155,35,-10
0.004477024078369141,8.969069004058838,-21.06563687324524,35,-10
0.006355047225952148,8.97542405128479,-21.12918734550476,35,-10
0.005965948104858398,8.981389999389648,-21.18288087844849,36,-9
0.006345033645629883,8.987735033035278,-21.23364114761352,37,-8
0.006855964660644531,8.994590997695923,-21.28848886489868,37,-8
0.0055999755859375,9.00019097328186,-21.33328866958618,37,-8
0.006664037704467773,9.006855010986328,-21.37993693351746,38,-7
0.005964040756225586,9.012819051742554,-21.42168521881104,38,-7
0.006070852279663086,9.018889904022217,-21.46418118476868,38,-7
0.00630497932434082,9.025194883346558,-21.50831604003906,38,-7
0.006814002990722656,9.03200888633728,-21.5492000579834,39,-6
0.006128072738647461,9.038136959075928,-21.58596849441528,39,-6
0.008012056350708008,9.046149015426636,-21.62602877616882,40,-5
0.006033897399902344,9.052182912826538,-21.65619826316834,40,-5
0.005558013916015625,9.057740926742554,-21.68398833274841,40,-5
0.005067110061645508,9.062808036804199,-21.70425677299499,41,-4
0.005708932876586914,9.068516969680786,-21.72709250450134,41,-4
0.00684809684753418,9.07536506652832,-21.74763679504395,42,-3
0.006476879119873047,9.081841945648193,-21.76706743240357,42,-3
0.00577998161315918,9.087621927261353,-21.78440737724304,42,-3
0.007148981094360352,9.094770908355713,-21.79870533943177,43,-2
0.003973960876464844,9.098744869232178,-21.80665326118469,43,-2
0.00613713264465332,9.104882001876831,-21.818927526474,43,-2
0.005913019180297852,9.110795021057129,-21.8248405456543,44,-1
0.005814075469970703,9.1166090965271,-21.83065462112427,44,-1
0.008278846740722656,9.124887943267822,-21.83065462112427,45,0
0.01184701919555664,9.136734962463379,-21.81880760192871,46,1
0.006242990493774414,9.142977952957153,-21.80632162094116,47,2
0.005964040756225586,9.148941993713379,-21.79439353942871,47,2
0.006468057632446289,9.155410051345825,-21.77498936653137,48,3
0.007060050964355469,9.162470102310181,-21.74674916267395,49,4
0.005402803421020508,9.167872905731201,-21.72513794898987,49,4
0.007043123245239258,9.17491602897644,-21.68287920951844,51,6
0.004134893417358398,9.179050922393799,-21.65393495559692,52,7
0.006932973861694336,9.185983896255493,-21.60540413856507,52,7
0.005454063415527344,9.191437959671021,-21.56177163124084,53,8
0.007503986358642578,9.198941946029663,-21.50173974037171,53,8
0.007135152816772461,9.206077098846436,-21.44465851783753,53,8
0.007605791091918945,9.213682889938354,-21.37620639801026,54,9
0.006402015686035156,9.22008490562439,-21.31858825683594,54,9
0.006967067718505859,9.227051973342896,-21.25588464736939,54,9
0.005980968475341797,9.233032941818237,-21.19607496261597,55,10
0.005627155303955078,9.238660097122192,-21.13980340957642,55,10
0.00677800178527832,9.245438098907471,-21.06524538993836,56,11
0.007142782211303711,9.252580881118774,-20.97953200340271,57,12
0.005246162414550781,9.257827043533325,-20.9165780544281,57,12
0.007439851760864258,9.265266895294189,-20.82729983329773,57,12
0.006368160247802734,9.271635055541992,-20.7445137500763,58,13
0.006062984466552734,9.277698040008545,-20.66569495201111,58,13
0.006949901580810547,9.284647941589355,-20.56839632987976,59,14
0.003968000411987305,9.288615942001343,-20.51284432411194,59,14
0.006726980209350586,9.295342922210693,-20.41193962097168,60,15
0.006029129028320313,9.301372051239014,-20.32150268554688,60,15
0.006434917449951172,9.307806968688965,-20.22497892379761,60,15
0.00586390495300293,9.313670873641968,-20.13702034950256,60,15
0.005351066589355469,9.319021940231323,-20.05675435066223,60,15
0.006297111511230469,9.325319051742554,-19.96229767799377,60,15
0.006830930709838867,9.332149982452393,-19.85983371734619,60,15
0.005520105361938477,9.337670087814331,-19.77703213691711,60,15
0.005136013031005859,9.342806100845337,-19.69999194145203,60,15
0.005816936492919922,9.348623037338257,-19.60692095756531,61,16
0.006517887115478516,9.355140924453735,-19.50915265083313,60,15
0.00805211067199707,9.363193035125732,-19.38031888008118,61,16
0.008085966110229492,9.371279001235962,-19.25902938842773,60,15
0.006429910659790039,9.377708911895752,-19.16258072853088,60,15
0.007537126541137695,9.38524603843689,-19.04952383041382,60,15
0.007302999496459961,9.39254903793335,-18.93997883796692,60,15
0.006779909133911133,9.399328947067261,-18.83828020095825,60,15
0.00622105598449707,9.405550003051758,-18.75118541717529,59,14
0.006969928741455078,9.412519931793213,-18.65360641479492,59,14
0.004508018493652344,9.417027950286865,-18.59049415588379,59,14
0.006636142730712891,9.423664093017578,-18.49758815765381,59,14
0.005318880081176758,9.428982973098755,-18.42312383651733,59,14
0.006356954574584961,9.43533992767334,-18.33412647247314,59,14
0.005954980850219727,9.44129490852356,-18.25671172142029,58,13
0.006328105926513672,9.447623014450073,-18.17444634437561,58,13
0.006031990051269531,9.453655004501343,-18.10206246376038,57,12
0.007932901382446289,9.461587905883789,-18.01480054855347,56,11
0.006528139114379883,9.468116044998169,-17.94951915740967,55,10
0.007504940032958984,9.475620985031128,-17.87446975708008,55,10
0.006210088729858398,9.481831073760986,-17.81857895851135,54,9
0.006191015243530273,9.488022089004517,-17.76285982131958,54,9
0.007286787033081055,9.495308876037598,-17.70456552505493,53,8
0.006336212158203125,9.501645088195801,-17.66021203994751,52,7
0.006394863128662109,9.508039951324463,-17.61544799804688,52,7
0.004785060882568359,9.512825012207031,-17.58673763275147,51,6
0.006198883056640625,9.519023895263672,-17.54954433441162,51,6
0.005880117416381836,9.524904012680054,-17.51426362991333,51,6
0.008311033248901367,9.533215045928955,-17.47270846366883,50,5
0.008963823318481445,9.542178869247437,-17.4368531703949,49,4
0.005755186080932617,9.547934055328369,-17.4195876121521,48,3
0.007033824920654297,9.554967880249023,-17.39848613739014,48,3
0.00446319580078125,9.559431076049805,-17.38955974578857,47,2
0.006093978881835938,9.565525054931641,-17.3773717880249,47,2
0.005699872970581055,9.571224927902222,-17.37167191505432,46,1
0.005814075469970703,9.577039003372192,-17.36585783958435,46,1
0.007472038269042969,9.584511041641235,-17.36585783958435,45,0
0.004612922668457031,9.589123964309692,-17.36585783958435,45,0
0.006206989288330078,9.595330953598022,-17.36585783958435,45,0
0.006382942199707031,9.601713895797729,-17.37224078178406,44,-1
0.005076169967651367,9.606790065765381,-17.37731695175171,44,-1
0.005256891250610352,9.612046957015991,-17.38783073425293,43,-2
0.00524592399597168,9.617292881011963,-17.39832258224487,43,-2
0.005832195281982422,9.623125076293945,-17.40998697280884,43,-2
0.005934000015258789,9.629059076309204,-17.42778897285461,42,-3
0.006322860717773438,9.635381937026978,-17.44675755500793,42,-3
0.007096052169799805,9.642477989196777,-17.46804571151733,42,-3
0.006385087966918945,9.648863077163696,-17.48720097541809,42,-3
0.006358861923217773,9.655221939086914,-17.50627756118774,42,-3
0.007394075393676758,9.662616014480591,-17.53585386276245,41,-4
0.006754875183105469,9.669370889663696,-17.56287336349487,41,-4
0.007230997085571289,9.676601886749268,-17.58456635475159,42,-3
0.005240201950073242,9.681842088699341,-17.60552716255188,41,-4
0.005697965621948242,9.687540054321289,-17.62831902503967,41,-4
0.005157947540283203,9.692698001861572,-17.64895081520081,41,-4
0.005057096481323242,9.697755098342896,-17.6691792011261,41,-4
0.005919933319091797,9.703675031661987,-17.69877886772156,40,-5
0.005204916000366211,9.708879947662354,-17.72480344772339,40,-5
0.006515026092529297,9.715394973754883,-17.75737857818604,40,-5
0.007402896881103516,9.722797870635986,-17.79439306259155,40,-5
0.004124164581298828,9.726922035217285,-17.81913805007935,39,-6
0.005759954452514648,9.7326819896698,-17.85369777679444,39,-6
0.006264925003051758,9.738946914672852,-17.89128732681275,39,-6
0.006057977676391602,9.745004892349243,-17.92763519287109,39,-6
0.005887985229492188,9.750892877578735,-17.96296310424805,39,-6
0.00563502311706543,9.756527900695801,-17.99677324295044,39,-6
0.006386995315551758,9.762914896011353,-18.03509521484375,39,-6
0.006595134735107422,9.76951003074646,-18.07466602325439,39,-6
0.006973981857299805,9.77648401260376,-18.11650991439819,39,-6
0.004319906234741211,9.780803918838501,-18.14242935180664,39,-6
0.005714178085327148,9.786518096923828,-18.17671442031861,39,-6
0.005104780197143555,9.791622877120972,-18.20734310150146,39,-6
0.005523204803466797,9.797146081924438,-18.24600553512573,38,-7
0.007605791091918945,9.804751873016357,-18.29924607276917,38,-7
0.006711006164550781,9.811462879180908,-18.34622311592102,38,-7
0.006494045257568359,9.817956924438477,-18.391681432724,38,-7
0.005041122436523438,9.822998046875,-18.43201041221619,37,-8
0.005748987197875977,9.828747034072876,-18.47800230979919,37,-8
0.007886886596679688,9.836633920669556,-18.53321051597595,38,-7
0.004909992218017578,9.841543912887573,-18.56758046150208,38,-7
0.005841970443725586,9.847385883331299,-18.60847425460816,38,-7
0.005639076232910156,9.853024959564209,-18.64794778823853,38,-7
0.007576942443847656,9.860601902008057,-18.70098638534546,38,-7
0.005131006240844727,9.865732908248901,-18.73690342903137,38,-7
0.006918191909790039,9.872651100158691,-18.7853307723999,38,-7
0.006218910217285156,9.878870010375977,-18.8288631439209,38,-7
0.006553888320922852,9.885423898696899,-18.86818647384644,39,-6
0.005187034606933594,9.890610933303833,-18.89930868148804,39,-6
0.005562067031860352,9.896173000335693,-18.9326810836792,39,-6
0.005431890487670898,9.901604890823364,-18.96527242660523,39,-6
0.005598068237304688,9.907202959060669,-18.99886083602905,39,-6
0.005732059478759766,9.912935018539429,-19.03325319290161,39,-6
0.005969047546386719,9.918904066085815,-19.06906747817993,39,-6
0.006722927093505859,9.925626993179321,-19.10940504074097,39,-6
0.0114738941192627,9.937100887298584,-19.17824840545654,39,-6
0.005690097808837891,9.942790985107422,-19.21238899230957,39,-6
0.006875038146972656,9.949666023254395,-19.25363922119141,39,-6
0.006510019302368164,9.956176042556763,-19.29269933700562,39,-6
0.004765033721923828,9.960941076278687,-19.31652450561524,40,-5
0.005932807922363281,9.96687388420105,-19.34618854522705,40,-5
0.006012201309204102,9.972886085510254,-19.37624955177307,40,-5
0.006831884384155273,9.979717969894409,-19.41040897369385,40,-5
0.0055389404296875,9.985256910324097,-19.4325647354126,41,-4
