Ts=calc,Tid=meas,Volum=calc,Lys=meas,Flow=calc
nullflow=58,Lys0=58
0.005,0,0,58,0
0.0170600414276123,0.0170600414276123,0,58,0
0.004988908767700195,0.0220489501953125,0,58,0
0.008629083633422852,0.03067803382873535,0,58,0
0.006323099136352539,0.03700113296508789,0,57,-1
0.008751869201660156,0.04575300216674805,-0.008751869201660156,57,-1
0.006066083908081055,0.0518190860748291,-0.01481795310974121,57,-1
0.006269931793212891,0.05808901786804199,-0.0210878849029541,57,-1
0.005236148834228516,0.06332516670227051,-0.02632403373718262,57,-1
0.006543874740600586,0.06986904144287109,-0.0328679084777832,56,-2
0.005993127822875977,0.07586216926574707,-0.04485416412353516,57,-1
0.005344867706298828,0.0812070369720459,-0.05019903182983398,56,-2
0.00616002082824707,0.08736705780029297,-0.06251907348632813,56,-2
0.009674072265625,0.09704113006591797,-0.08186721801757813,56,-2
0.007459878921508789,0.1045010089874268,-0.0967869758605957,55,-3
0.008718013763427734,0.1132190227508545,-0.1229410171508789,55,-3
0.007362127304077148,0.1205811500549316,-0.1450273990631104,55,-3
0.006525993347167969,0.1271071434020996,-0.1646053791046143,55,-3
0.007269859313964844,0.1343770027160645,-0.1864149570465088,55,-3
0.003906011581420898,0.1382830142974854,-0.1981329917907715,55,-3
0.008020162582397461,0.1463031768798828,-0.2221934795379639,54,-4
0.005553007125854492,0.1518561840057373,-0.2444055080413818,54,-4
0.006956815719604492,0.1588129997253418,-0.2722327709197998,54,-4
0.007732152938842773,0.1665451526641846,-0.3031613826751709,53,-5
0.003816843032836914,0.1703619956970215,-0.3222455978393555,53,-5
0.005884170532226563,0.176246166229248,-0.3516664505004883,53,-5
0.007207870483398438,0.1834540367126465,-0.3877058029174805,53,-5
0.0072479248046875,0.190701961517334,-0.423945426940918,52,-6
0.007842063903808594,0.1985440254211426,-0.4709978103637695,52,-6
0.006485939025878906,0.2050299644470215,-0.509913444519043,52,-6
0.006102085113525391,0.2111320495605469,-0.5465259552001953,52,-6
0.005634069442749023,0.2167661190032959,-0.5803303718566895,52,-6
0.007842063903808594,0.2246081829071045,-0.627382755279541,52,-6
0.006786823272705078,0.2313950061798096,-0.6681036949157715,51,-7
0.005056142807006836,0.2364511489868164,-0.7034966945648193,51,-7
0.006642818450927734,0.2430939674377441,-0.7499964237213135,51,-7
0.006079196929931641,0.2491731643676758,-0.792550802230835,51,-7
0.008013010025024414,0.2571861743927002,-0.8486418724060059,51,-7
0.007463932037353516,0.2646501064300537,-0.9008893966674805,51,-7
0.003991842269897461,0.2686419486999512,-0.9288322925567627,51,-7
0.006662130355834961,0.2753040790557861,-0.9754672050476074,51,-7
0.004963874816894531,0.2802679538726807,-1.010214328765869,51,-7
0.005986213684082031,0.2862541675567627,-1.052117824554443,51,-7
0.005747795104980469,0.2920019626617432,-1.092352390289307,51,-7
0.006166219711303711,0.2981681823730469,-1.135515928268433,51,-7
0.006438970565795898,0.3046071529388428,-1.180588722229004,51,-7
0.007179975509643555,0.3117871284484863,-1.230848550796509,51,-7
0.004338979721069336,0.3161261081695557,-1.261221408843994,51,-7
0.007613897323608398,0.3237400054931641,-1.314518690109253,52,-6
0.005465984344482422,0.3292059898376465,-1.347314596176147,52,-6
0.006186008453369141,0.3353919982910156,-1.384430646896362,52,-6
0.004842996597290039,0.3402349948883057,-1.413488626480103,52,-6
0.006337165832519531,0.3465721607208252,-1.45151162147522,52,-6
0.007258892059326172,0.3538310527801514,-1.495064973831177,52,-6
0.005347013473510742,0.3591780662536621,-1.527147054672241,52,-6
0.00696110725402832,0.3661391735076904,-1.568913698196411,52,-6
0.008916854858398438,0.3750560283660889,-1.622414827346802,52,-6
0.008073091506958008,0.3831291198730469,-1.67085337638855,52,-6
0.002771854400634766,0.3859009742736816,-1.687484502792358,53,-5
0.005559206008911133,0.3914601802825928,-1.715280532836914,53,-5
0.006966829299926758,0.3984270095825195,-1.750114679336548,53,-5
0.005665063858032227,0.4040920734405518,-1.778439998626709,53,-5
0.007416963577270508,0.4115090370178223,-1.815524816513062,53,-5
0.005506038665771484,0.4170150756835938,-1.843055009841919,53,-5
0.006881952285766602,0.4238970279693604,-1.877464771270752,53,-5
0.006272077560424805,0.4301691055297852,-1.908825159072876,53,-5
0.005720853805541992,0.4358899593353271,-1.937429428100586,53,-5
0.005479097366333008,0.4413690567016602,-1.964824914932251,53,-5
0.007498025894165039,0.4488670825958252,-2.002315044403076,53,-5
0.009212017059326172,0.4580790996551514,-2.048375129699707,53,-5
0.008306980133056641,0.466386079788208,-2.08991003036499,54,-4
0.007745027542114258,0.4741311073303223,-2.120890140533447,54,-4
0.009091854095458984,0.4832229614257813,-2.157257556915283,54,-4
0.002909183502197266,0.4861321449279785,-2.168894290924072,54,-4
0.008311986923217773,0.4944441318511963,-2.202142238616943,54,-4
0.00368189811706543,0.4981260299682617,-2.216869831085205,54,-4
0.00769805908203125,0.505824089050293,-2.24766206741333,54,-4
0.01161909103393555,0.5174431800842285,-2.294138431549072,54,-4
0.01794695854187012,0.5353901386260986,-2.365926265716553,54,-4
0.005735874176025391,0.541126012802124,-2.388869762420654,54,-4
0.008919000625610352,0.5500450134277344,-2.424545764923096,54,-4
0.005012989044189453,0.5550580024719238,-2.444597721099854,54,-4
0.005923986434936523,0.5609819889068604,-2.4682936668396,54,-4
0.006473064422607422,0.5674550533294678,-2.494185924530029,54,-4
0.008451938629150391,0.5759069919586182,-2.527993679046631,55,-3
0.009335994720458984,0.5852429866790771,-2.556001663208008,55,-3
0.00897216796875,0.5942151546478271,-2.582918167114258,55,-3
0.006558895111083984,0.6007740497589111,-2.60259485244751,55,-3
0.006510019302368164,0.6072840690612793,-2.622124910354614,55,-3
0.009727001190185547,0.6170110702514648,-2.651305913925171,55,-3
0.008239984512329102,0.6252510547637939,-2.676025867462158,56,-2
0.008934974670410156,0.6341860294342041,-2.693895816802979,56,-2
0.006094932556152344,0.6402809619903564,-2.706085681915283,56,-2
0.006661176681518555,0.646942138671875,-2.71940803527832,56,-2
0.008383989334106445,0.6553261280059814,-2.736176013946533,57,-1
0.008977890014648438,0.6643040180206299,-2.745153903961182,57,-1
0.009962081909179688,0.6742660999298096,-2.755115985870361,58,0
0.006357908248901367,0.6806240081787109,-2.755115985870361,58,0
0.006685018539428711,0.6873090267181396,-2.755115985870361,59,1
0.007169961929321289,0.6944789886474609,-2.74794602394104,59,1
0.004343986511230469,0.6988229751586914,-2.74360203742981,59,1
0.005306005477905273,0.7041289806365967,-2.738296031951904,59,1
0.006472110748291016,0.7106010913848877,-2.731823921203613,59,1
0.005547046661376953,0.7161481380462646,-2.726276874542236,59,1
0.007854938507080078,0.7240030765533447,-2.718421936035156,59,1
0.003896951675415039,0.7279000282287598,-2.714524984359741,59,1
0.006469964981079102,0.7343699932098389,-2.708055019378662,59,1
0.006406068801879883,0.7407760620117188,-2.701648950576782,60,2
0.005269050598144531,0.7460451126098633,-2.691110849380493,60,2
0.005333900451660156,0.7513790130615234,-2.680443048477173,60,2
0.009108066558837891,0.7604870796203613,-2.662226915359497,61,3
0.007499933242797852,0.7679870128631592,-2.639727115631104,61,3
0.006417036056518555,0.7744040489196777,-2.620476007461548,61,3
0.006129026412963867,0.7805330753326416,-2.602088928222656,62,4
0.005590915679931641,0.7861239910125732,-2.57972526550293,62,4
0.007043123245239258,0.7931671142578125,-2.551552772521973,62,4
0.005764007568359375,0.7989311218261719,-2.528496742248535,63,5
0.009886980056762695,0.8088181018829346,-2.479061841964722,63,5
0.01020193099975586,0.8190200328826904,-2.428052186965942,64,6
0.006747007369995117,0.8257670402526855,-2.387570142745972,64,6
0.007519006729125977,0.8332860469818115,-2.342456102371216,64,6
0.003755092620849609,0.8370411396026611,-2.319925546646118,65,7
0.006237983703613281,0.8432791233062744,-2.276259660720825,65,7
0.005719900131225586,0.8489990234375,-2.236220359802246,65,7
0.007637977600097656,0.8566370010375977,-2.182754516601563,65,7
0.007452011108398438,0.8640890121459961,-2.130590438842773,65,7
0.004748106002807617,0.8688371181488037,-2.09735369682312,66,8
0.005010843276977539,0.8738479614257813,-2.0572669506073,66,8
0.005398035049438477,0.8792459964752197,-2.014082670211792,66,8
0.007858991622924805,0.8871049880981445,-1.951210737228394,66,8
0.004755973815917969,0.8918609619140625,-1.91316294670105,66,8
0.01024317741394043,0.9021041393280029,-1.831217527389526,67,9
0.006763935089111328,0.9088680744171143,-1.770342111587524,67,9
0.006587982177734375,0.9154560565948486,-1.711050271987915,68,10
0.008423089981079102,0.9238791465759277,-1.626819372177124,68,10
0.006534814834594727,0.9304139614105225,-1.561471223831177,68,10
0.007629156112670898,0.9380431175231934,-1.485179662704468,68,10
0.006132841110229492,0.9441759586334229,-1.423851251602173,67,9
0.01089000701904297,0.9550659656524658,-1.325841188430786,67,9
0.009290218353271484,0.9643561840057373,-1.242229223251343,67,9
0.006294965744018555,0.9706511497497559,-1.185574531555176,67,9
0.006749868392944336,0.9774010181427002,-1.124825716018677,67,9
0.007007122039794922,0.9844081401824951,-1.061761617660522,67,9
0.006724834442138672,0.9911329746246338,-1.001238107681274,67,9
0.006793975830078125,0.9979269504547119,-0.9400923252105713,67,9
0.00620722770690918,1.004134178161621,-0.8842272758483887,67,9
0.006469964981079102,1.0106041431427,-0.8259975910186768,67,9
0.006491899490356445,1.017096042633057,-0.7675704956054688,67,9
0.007501125335693359,1.02459716796875,-0.7000603675842285,66,8
0.006623983383178711,1.031221151351929,-0.6470685005187988,67,9
0.006166934967041016,1.03738808631897,-0.5915660858154297,66,8
0.006924867630004883,1.044312953948975,-0.5361671447753906,66,8
0.006806135177612305,1.051119089126587,-0.4817180633544922,66,8
0.005753993988037109,1.056873083114624,-0.4356861114501953,66,8
0.007381916046142578,1.064254999160767,-0.3766307830810547,66,8
0.006489038467407227,1.070744037628174,-0.3247184753417969,66,8
0.007044076919555664,1.077788114547729,-0.2683658599853516,66,8
0.006502866744995117,1.084290981292725,-0.2163429260253906,66,8
0.004579067230224609,1.088870048522949,-0.1797103881835938,66,8
0.005670070648193359,1.094540119171143,-0.1343498229980469,66,8
0.005817890167236328,1.100358009338379,-0.08780670166015625,66,8
0.006072044372558594,1.106430053710938,-0.0392303466796875,66,8
0.007736921310424805,1.114166975021362,0.02266502380371094,65,7
0.006842136383056641,1.121009111404419,0.07055997848510742,66,8
0.006376028060913086,1.127385139465332,0.1215682029724121,66,8
0.007037878036499023,1.134423017501831,0.1778712272644043,66,8
0.007421016693115234,1.141844034194946,0.2372393608093262,66,8
0.005430936813354492,1.147274971008301,0.2806868553161621,66,8
0.009340047836303711,1.156615018844604,0.3554072380065918,65,7
0.00543212890625,1.162047147750854,0.3934321403503418,65,7
0.005314826965332031,1.167361974716187,0.430635929107666,65,7
0.007030010223388672,1.174391984939575,0.4798460006713867,65,7
0.007063150405883789,1.181455135345459,0.5292880535125732,65,7
0.005347967147827148,1.186803102493286,0.5667238235473633,65,7
0.006600856781005859,1.193403959274292,0.6129298210144043,65,7
0.003603219985961914,1.197007179260254,0.6381523609161377,65,7
0.006455898284912109,1.203463077545166,0.6833436489105225,65,7
0.005601882934570313,1.209064960479736,0.7225568294525146,65,7
0.006318092346191406,1.215383052825928,0.7667834758758545,64,6
0.007981061935424805,1.223364114761353,0.8146698474884033,64,6
0.005173921585083008,1.228538036346436,0.8457133769989014,64,6
0.007364034652709961,1.235902070999146,0.8898975849151611,64,6
0.005537986755371094,1.241440057754517,0.9231255054473877,63,5
0.00659489631652832,1.248034954071045,0.9560999870300293,63,5
0.00708317756652832,1.255118131637573,0.9915158748626709,63,5
0.005581855773925781,1.260699987411499,1.0194251537323,63,5
0.005064964294433594,1.265764951705933,1.044749975204468,63,5
0.005316019058227539,1.27108097076416,1.071330070495605,63,5
0.005623102188110352,1.276704072952271,1.099445581436157,63,5
0.006390094757080078,1.283094167709351,1.131396055221558,63,5
0.005023956298828125,1.288118124008179,1.156515836715698,63,5
0.006310939788818359,1.294429063796997,1.18807053565979,63,5
0.008635997772216797,1.303065061569214,1.231250524520874,63,5
0.003143072128295898,1.30620813369751,1.246965885162354,63,5
0.006311893463134766,1.312520027160645,1.278525352478027,63,5
0.00636601448059082,1.318886041641235,1.310355424880981,63,5
0.009130954742431641,1.328016996383667,1.35601019859314,62,4
0.006618022918701172,1.334635019302368,1.382482290267944,62,4
0.004368066787719727,1.339003086090088,1.399954557418823,62,4
0.006845951080322266,1.34584903717041,1.427338361740112,61,3
0.005450963973999023,1.351300001144409,1.443691253662109,61,3
0.005769014358520508,1.35706901550293,1.460998296737671,61,3
0.00630497932434082,1.363373994827271,1.479913234710693,60,2
0.005041122436523438,1.368415117263794,1.48999547958374,60,2
0.006186008453369141,1.374601125717163,1.502367496490479,60,2
0.008893013000488281,1.383494138717651,1.520153522491455,60,2
0.002714872360229492,1.386209011077881,1.525583267211914,60,2
0.008164167404174805,1.394373178482056,1.541911602020264,59,1
0.004746913909912109,1.399120092391968,1.546658515930176,59,1
0.005539894104003906,1.404659986495972,1.55219841003418,59,1
0.006014108657836914,1.410674095153809,1.558212518692017,58,0
0.009260892868041992,1.419934988021851,1.558212518692017,58,0
0.005532026290893555,1.425467014312744,1.558212518692017,58,0
0.00779414176940918,1.433261156082153,1.558212518692017,57,-1
0.006097793579101563,1.439358949661255,1.552114725112915,57,-1
0.00531005859375,1.444669008255005,1.546804666519165,57,-1
0.004810094833374023,1.449479103088379,1.541994571685791,57,-1
0.009615898132324219,1.459095001220703,1.532378673553467,56,-2
0.007004022598266602,1.46609902381897,1.518370628356934,56,-2
0.005258083343505859,1.471357107162476,1.507854461669922,56,-2
0.007083892822265625,1.478440999984741,1.493686676025391,55,-3
0.005439996719360352,1.483880996704102,1.47736668586731,55,-3
0.005618095397949219,1.489499092102051,1.460512399673462,55,-3
0.005544900894165039,1.495043992996216,1.443877696990967,55,-3
0.006739139556884766,1.501783132553101,1.423660278320313,55,-3
0.006855964660644531,1.508639097213745,1.403092384338379,54,-4
0.006330013275146484,1.514969110488892,1.377772331237793,54,-4
0.006342887878417969,1.52131199836731,1.352400779724121,54,-4
0.006133079528808594,1.527445077896118,1.327868461608887,54,-4
0.007129907608032227,1.53457498550415,1.299348831176758,53,-5
0.009242057800292969,1.543817043304443,1.253138542175293,54,-4
0.002638101577758789,1.546455144882202,1.242586135864258,54,-4
0.005656003952026367,1.552111148834229,1.219962120056152,53,-5
0.008208990097045898,1.560320138931274,1.178917169570923,53,-5
0.005817890167236328,1.566138029098511,1.149827718734741,53,-5
0.008054018020629883,1.574192047119141,1.109557628631592,52,-6
0.005890130996704102,1.580082178115845,1.074216842651367,52,-6
0.00577998161315918,1.585862159729004,1.039536952972412,52,-6
0.005940914154052734,1.591803073883057,1.003891468048096,52,-6
0.007024049758911133,1.598827123641968,0.9617471694946289,52,-6
0.00442194938659668,1.603249073028564,0.9352154731750488,52,-6
0.004975080490112305,1.608224153518677,0.905364990234375,51,-7
0.007593870162963867,1.615818023681641,0.8522078990936279,51,-7
0.006690025329589844,1.62250804901123,0.805377721786499,51,-7
0.006525993347167969,1.629034042358398,0.7596957683563232,50,-8
0.0083770751953125,1.637411117553711,0.6926791667938232,50,-8
0.005936861038208008,1.643347978591919,0.6451842784881592,50,-8
0.006156206130981445,1.6495041847229,0.5959346294403076,50,-8
0.006997823715209961,1.65650200843811,0.5399520397186279,50,-8
0.004022121429443359,1.660524129867554,0.5077750682830811,50,-8
0.007922887802124023,1.668447017669678,0.4443919658660889,50,-8
0.005460977554321289,1.673907995223999,0.4007041454315186,50,-8
0.005584001541137695,1.679491996765137,0.356032133102417,50,-8
0.006232976913452148,1.685724973678589,0.3061683177947998,50,-8
0.005648136138916016,1.691373109817505,0.2609832286834717,51,-7
0.006829023361206055,1.698202133178711,0.2131800651550293,51,-7
0.006067991256713867,1.704270124435425,0.1707041263580322,51,-7
0.006512880325317383,1.710783004760742,0.1251139640808105,51,-7
0.006206035614013672,1.716989040374756,0.08167171478271484,51,-7
0.009089946746826172,1.726078987121582,0.01804208755493164,51,-7
0.008222103118896484,1.734301090240479,-0.03951263427734375,52,-6
0.002389907836914063,1.736690998077393,-0.05385208129882813,52,-6
0.006531000137329102,1.743221998214722,-0.09303808212280273,52,-6
0.004889965057373047,1.748111963272095,-0.122377872467041,52,-6
0.00640106201171875,1.754513025283813,-0.1607842445373535,52,-6
0.007405996322631836,1.761919021606445,-0.2052202224731445,52,-6
0.006941080093383789,1.768860101699829,-0.2468667030334473,52,-6
0.007094860076904297,1.775954961776733,-0.289435863494873,52,-6
0.008179187774658203,1.784134149551392,-0.3385109901428223,52,-6
0.007776021957397461,1.791910171508789,-0.385167121887207,53,-5
0.006986856460571289,1.79889702796936,-0.4201014041900635,53,-5
0.007094144821166992,1.805991172790527,-0.4555721282958984,53,-5
0.005901813507080078,1.811892986297607,-0.4850811958312988,53,-5
0.005460977554321289,1.817353963851929,-0.5123860836029053,53,-5
0.00681614875793457,1.824170112609863,-0.5464668273925781,53,-5
0.006913900375366211,1.831084012985229,-0.5810363292694092,54,-4
0.006695032119750977,1.83777904510498,-0.6078164577484131,54,-4
0.006453037261962891,1.844232082366943,-0.6336286067962646,54,-4
0.006295919418334961,1.850528001785278,-0.6588122844696045,54,-4
0.00636601448059082,1.856894016265869,-0.6842763423919678,54,-4
0.007140159606933594,1.864034175872803,-0.7128369808197021,54,-4
0.006935834884643555,1.870970010757446,-0.7405803203582764,54,-4
0.006533145904541016,1.877503156661987,-0.7667129039764404,54,-4
0.006755828857421875,1.884258985519409,-0.7937362194061279,54,-4
0.009765148162841797,1.894024133682251,-0.8327968120574951,54,-4
0.003928899765014648,1.897953033447266,-0.8485124111175537,54,-4
0.00640106201171875,1.904354095458984,-0.8741166591644287,54,-4
0.005061864852905273,1.90941596031189,-0.8943641185760498,54,-4
0.005461215972900391,1.91487717628479,-0.9162089824676514,54,-4
0.006245851516723633,1.921123027801514,-0.9411923885345459,54,-4
0.006104946136474609,1.927227973937988,-0.9656121730804443,55,-3
0.007372140884399414,1.934600114822388,-0.9877285957336426,54,-4
0.006047964096069336,1.940648078918457,-1.01192045211792,55,-3
0.006390094757080078,1.947038173675537,-1.03109073638916,55,-3
0.007412910461425781,1.954451084136963,-1.053329467773438,55,-3
0.005986928939819336,1.960438013076782,-1.071290254592896,55,-3
0.007426023483276367,1.967864036560059,-1.093568325042725,55,-3
0.006803035736083984,1.974667072296143,-1.113977432250977,56,-2
0.004429101943969727,1.979096174240112,-1.122835636138916,56,-2
0.005291938781738281,1.984388113021851,-1.133419513702393,56,-2
0.006047964096069336,1.99043607711792,-1.145515441894531,56,-2
0.006211042404174805,1.996647119522095,-1.157937526702881,57,-1
0.006538867950439453,2.003185987472534,-1.16447639465332,57,-1
0.005064010620117188,2.008249998092651,-1.169540405273438,57,-1
0.006278038024902344,2.014528036117554,-1.17581844329834,57,-1
0.008886098861694336,2.023414134979248,-1.184704542160034,57,-1
0.002600908279418945,2.026015043258667,-1.187305450439453,57,-1
0.007359981536865234,2.033375024795532,-1.194665431976318,58,0
0.006710052490234375,2.040085077285767,-1.194665431976318,59,1
0.005919933319091797,2.046005010604858,-1.188745498657227,59,1
0.005475044250488281,2.051480054855347,-1.183270454406738,59,1
0.00648808479309082,2.057968139648438,-1.176782369613647,59,1
0.006201982498168945,2.064170122146606,-1.170580387115479,59,1
0.004509925842285156,2.068680047988892,-1.166070461273193,60,2
0.005589008331298828,2.07426905632019,-1.154892444610596,60,2
0.006371021270751953,2.080640077590942,-1.142150402069092,60,2
0.007432937622070313,2.088073015213013,-1.127284526824951,59,1
0.006431102752685547,2.094504117965698,-1.120853424072266,60,2
0.007477998733520508,2.101982116699219,-1.105897426605225,60,2
0.007014989852905273,2.108997106552124,-1.091867446899414,60,2
0.01201891899108887,2.121016025543213,-1.067829608917236,61,3
0.006220102310180664,2.127236127853394,-1.049169301986694,61,3
0.008096933364868164,2.135333061218262,-1.02487850189209,62,4
0.006578922271728516,2.14191198348999,-0.9985628128051758,62,4
0.006287097930908203,2.148199081420898,-0.973414421081543,62,4
0.005732059478759766,2.153931140899658,-0.9504861831665039,63,5
0.005205869674682617,2.159137010574341,-0.9244568347930908,63,5
0.005469083786010742,2.164606094360352,-0.8971114158630371,63,5
0.005934953689575195,2.170541048049927,-0.8674366474151611,63,5
0.006426095962524414,2.176967144012451,-0.8353061676025391,64,6
0.008095979690551758,2.185063123703003,-0.7867302894592285,64,6
0.007460832595825195,2.192523956298828,-0.7419652938842773,65,7
0.006429195404052734,2.198953151702881,-0.6969609260559082,65,7
0.007079839706420898,2.206032991409302,-0.6474020481109619,65,7
0.008391141891479492,2.214424133300781,-0.5886640548706055,65,7
0.005997896194458008,2.220422029495239,-0.5466787815093994,65,7
0.006341934204101563,2.226763963699341,-0.5022852420806885,66,8
0.007355213165283203,2.234119176864624,-0.4434435367584229,66,8
0.006532907485961914,2.240652084350586,-0.3911802768707275,66,8
0.006746053695678711,2.247398138046265,-0.3372118473052979,66,8
0.008525848388671875,2.255923986434937,-0.2690050601959229,66,8
0.002966165542602539,2.258890151977539,-0.2452757358551025,67,9
0.00539398193359375,2.264284133911133,-0.1967298984527588,67,9
0.005911827087402344,2.270195960998535,-0.1435234546661377,67,9
0.005860090255737305,2.276056051254272,-0.09078264236450195,67,9
0.005775928497314453,2.281831979751587,-0.03879928588867188,67,9
0.006078004837036133,2.287909984588623,0.01590275764465332,68,10
0.007145166397094727,2.295055150985718,0.08735442161560059,68,10
0.006816864013671875,2.30187201499939,0.1555230617523193,68,10
0.005362987518310547,2.3072350025177,0.2091529369354248,68,10
0.007003068923950195,2.31423807144165,0.2791836261749268,68,10
0.004374027252197266,2.318612098693848,0.3229238986968994,68,10
0.005434036254882813,2.32404613494873,0.3772642612457275,68,10
0.005972862243652344,2.330018997192383,0.436992883682251,68,10
0.007908105850219727,2.337927103042603,0.5160739421844482,68,10
0.006567001342773438,2.344494104385376,0.5817439556121826,67,9
0.006192922592163086,2.350687026977539,0.6374802589416504,68,10
0.004287958145141602,2.354974985122681,0.6803598403930664,67,9
0.005388021469116211,2.360363006591797,0.7288520336151123,67,9
0.006100177764892578,2.366463184356689,0.7837536334991455,67,9
0.007918834686279297,2.374382019042969,0.8550231456756592,67,9
0.005047082901000977,2.37942910194397,0.900446891784668,67,9
0.006402969360351563,2.385832071304321,0.958073616027832,67,9
0.006697893142700195,2.392529964447021,1.018354654312134,67,9
0.006417989730834961,2.398947954177856,1.076116561889648,67,9
0.007542133331298828,2.406490087509155,1.143995761871338,67,9
0.008751869201660156,2.415241956710815,1.222762584686279,67,9
0.00805211067199707,2.423294067382813,1.295231580734253,66,8
0.006653070449829102,2.429947137832642,1.348456144332886,66,8
0.005422830581665039,2.435369968414307,1.391838788986206,66,8
0.006000041961669922,2.441370010375977,1.439839124679565,66,8
0.00676417350769043,2.448134183883667,1.493952512741089,65,7
0.007288932800292969,2.45542311668396,1.54497504234314,65,7
0.00771784782409668,2.463140964508057,1.598999977111816,65,7
0.003341197967529297,2.466482162475586,1.622388362884521,65,7
0.006085872650146484,2.472568035125732,1.664989471435547,65,7
0.006086111068725586,2.478654146194458,1.707592248916626,65,7
0.005714893341064453,2.484369039535522,1.747596502304077,65,7
0.005922079086303711,2.490291118621826,1.789051055908203,65,7
0.005760908126831055,2.496052026748657,1.829377412796021,65,7
0.00740504264831543,2.503457069396973,1.881212711334229,65,7
0.004965066909790039,2.508422136306763,1.915968179702759,65,7
0.006620883941650391,2.515043020248413,1.962314367294312,65,7
0.008785009384155273,2.523828029632568,2.023809432983398,65,7
0.006389141082763672,2.530217170715332,2.068533420562744,66,8
0.004440784454345703,2.534657955169678,2.10405969619751,66,8
0.005751132965087891,2.540409088134766,2.150068759918213,65,7
0.005609989166259766,2.546019077301025,2.189338684082031,65,7
0.00584101676940918,2.551860094070435,2.230225801467896,65,7
0.006059885025024414,2.557919979095459,2.272644996643066,65,7
0.006761074066162109,2.564681053161621,2.319972515106201,65,7
0.006558895111083984,2.571239948272705,2.365884780883789,65,7
0.01070618629455566,2.581946134567261,2.440828084945679,64,6
0.005839824676513672,2.587785959243774,2.475867033004761,64,6
0.006505012512207031,2.594290971755981,2.514897108078003,64,6
0.007778167724609375,2.602069139480591,2.561566114425659,63,5
0.007014989852905273,2.609084129333496,2.596641063690186,63,5
0.00692296028137207,2.616007089614868,2.631255865097046,63,5
0.004324913024902344,2.620332002639771,2.652880430221558,63,5
0.00560307502746582,2.625935077667236,2.680895805358887,63,5
0.005486965179443359,2.63142204284668,2.708330631256104,63,5
0.00639796257019043,2.63782000541687,2.740320444107056,63,5
0.005606174468994141,2.643426179885864,2.768351316452026,63,5
0.005811929702758789,2.649238109588623,2.79741096496582,63,5
0.006100893020629883,2.655339002609253,2.82791543006897,64,6
0.008708000183105469,2.664047002792358,2.880163431167603,63,5
0.00598597526550293,2.670032978057861,2.910093307495117,63,5
0.005792140960693359,2.675825119018555,2.939054012298584,63,5
0.006141901016235352,2.68196702003479,2.969763517379761,63,5
0.006309986114501953,2.688277006149292,3.001313447952271,63,5
0.007215023040771484,2.695492029190063,3.037388563156128,62,4
0.003907918930053711,2.699399948120117,3.053020238876343,62,4
0.006007194519042969,2.70540714263916,3.077049016952515,62,4
0.005550861358642578,2.710958003997803,3.099252462387085,62,4
0.006868124008178711,2.717826128005981,3.1267249584198,61,3
0.005688905715942383,2.723515033721924,3.143791675567627,61,3
0.005650997161865234,2.729166030883789,3.160744667053223,61,3
0.006798028945922852,2.735964059829712,3.181138753890991,60,2
0.006114006042480469,2.742078065872192,3.193366765975952,60,2
0.006575107574462891,2.748653173446655,3.206516981124878,60,2
0.006801843643188477,2.755455017089844,3.220120668411255,60,2
0.007862091064453125,2.763317108154297,3.235844850540161,59,1
0.006566047668457031,2.769883155822754,3.242410898208618,59,1
0.006320953369140625,2.776204109191895,3.248731851577759,59,1
0.005193948745727539,2.781398057937622,3.253925800323486,58,0
0.005724906921386719,2.787122964859009,3.253925800323486,59,1
0.006127119064331055,2.79325008392334,3.260052919387817,58,0
0.005707979202270508,2.79895806312561,3.260052919387817,58,0
0.007149934768676758,2.806107997894287,3.260052919387817,58,0
0.005382061004638672,2.811490058898926,3.260052919387817,57,-1
0.008398056030273438,2.819888114929199,3.251654863357544,57,-1
0.006330013275146484,2.826218128204346,3.245324850082397,56,-2
0.004271984100341797,2.830490112304688,3.236780881881714,56,-2
0.005743026733398438,2.836233139038086,3.225294828414917,56,-2
0.005668878555297852,2.841902017593384,3.213957071304321,56,-2
0.005286931991577148,2.847188949584961,3.203383207321167,56,-2
0.009456157684326172,2.856645107269287,3.184470891952515,56,-2
0.006521940231323242,2.86316704750061,3.171427011489868,55,-3
0.00528407096862793,2.868451118469238,3.155574798583984,55,-3
0.006788969039916992,2.875240087509155,3.135207891464233,55,-3
0.006208896636962891,2.881448984146118,3.116581201553345,55,-3
0.006534099578857422,2.887983083724976,3.096978902816772,55,-3
0.009118080139160156,2.897101163864136,3.069624662399292,55,-3
0.006796836853027344,2.903898000717163,3.04923415184021,54,-4
0.004462957382202148,2.908360958099365,3.031382322311401,54,-4
0.005679130554199219,2.914040088653564,3.008665800094604,54,-4
0.01246786117553711,2.926507949829102,2.958794355392456,53,-5
0.007401227951049805,2.933909177780151,2.921788215637207,53,-5
0.005515813827514648,2.939424991607666,2.894209146499634,53,-5
0.00693202018737793,2.946357011795044,2.859549045562744,53,-5
0.004295110702514648,2.950652122497559,2.838073492050171,53,-5
0.005759000778198242,2.956411123275757,2.80927848815918,53,-5
0.006788015365600586,2.963199138641357,2.775338411331177,53,-5
0.005570888519287109,2.968770027160645,2.747483968734741,53,-5
0.008477926254272461,2.977247953414917,2.705094337463379,52,-6
0.008025169372558594,2.985273122787476,2.656943321228027,52,-6
0.004098892211914063,2.98937201499939,2.632349967956543,52,-6
0.005215167999267578,2.994587182998657,2.601058959960938,52,-6
0.006556987762451172,3.001144170761108,2.56171703338623,51,-7
0.005533933639526367,3.006678104400635,2.522979497909546,51,-7
0.007159948348999023,3.013838052749634,2.472859859466553,51,-7
0.004687070846557617,3.018525123596191,2.440050363540649,51,-7
0.006921052932739258,3.025446176528931,2.391602993011475,50,-8
0.006636857986450195,3.032083034515381,2.338508129119873,49,-9
0.006717920303344727,3.038800954818726,2.278046846389771,49,-9
0.004650115966796875,3.043451070785522,2.236195802688599,49,-9
0.005734920501708984,3.049185991287231,2.184581518173218,49,-9
0.00611114501953125,3.055297136306763,2.129581212997437,49,-9
0.005239963531494141,3.060537099838257,2.082421541213989,48,-10
0.005990982055664063,3.066528081893921,2.022511720657349,48,-10
0.006859064102172852,3.073387145996094,1.95392107963562,48,-10
0.005556821823120117,3.078943967819214,1.898352861404419,48,-10
0.007194042205810547,3.086138010025024,1.826412439346313,48,-10
0.00811314582824707,3.094251155853271,1.745280981063843,48,-10
0.00724482536315918,3.101495981216431,1.672832727432251,48,-10
0.005774021148681641,3.107270002365112,1.615092515945435,49,-9
0.006991147994995117,3.114261150360107,1.552172183990479,49,-9
0.004007816314697266,3.118268966674805,1.516101837158203,49,-9
0.005846023559570313,3.124114990234375,1.46348762512207,49,-9
0.006409168243408203,3.130524158477783,1.405805110931396,49,-9
0.00583195686340332,3.136356115341187,1.353317499160767,49,-9
0.006608963012695313,3.142965078353882,1.293836832046509,49,-9
0.005192995071411133,3.148158073425293,1.247099876403809,49,-9
0.007944107055664063,3.156102180480957,1.175602912902832,49,-9
0.005817890167236328,3.161920070648193,1.123241901397705,50,-8
0.005386114120483398,3.167306184768677,1.080152988433838,50,-8
0.007999897003173828,3.175306081771851,1.016153812408447,51,-7
0.007287025451660156,3.182593107223511,0.9651446342468262,51,-7
0.005620956420898438,3.188214063644409,0.9257979393005371,51,-7
0.005059957504272461,3.193274021148682,0.8903782367706299,51,-7
0.005282163619995117,3.198556184768677,0.8534030914306641,51,-7
0.005493879318237305,3.204050064086914,0.8149459362030029,51,-7
0.005342006683349609,3.209392070770264,0.7775518894195557,51,-7
0.005873918533325195,3.215265989303589,0.7364344596862793,51,-7
0.006596088409423828,3.221862077713013,0.6902618408203125,52,-6
0.00556492805480957,3.227427005767822,0.6568722724914551,52,-6
0.007079124450683594,3.234506130218506,0.6143975257873535,52,-6
0.006971836090087891,3.241477966308594,0.5725665092468262,52,-6
0.007348060607910156,3.248826026916504,0.5284781455993652,52,-6
0.006263017654418945,3.255089044570923,0.4909000396728516,52,-6
0.005842924118041992,3.260931968688965,0.4558424949645996,52,-6
0.005802154541015625,3.26673412322998,0.4210295677185059,52,-6
0.005033016204833984,3.271767139434814,0.390831470489502,52,-6
0.005138874053955078,3.27690601348877,0.3599982261657715,52,-6
0.006579160690307617,3.283485174179077,0.3205232620239258,52,-6
0.005666971206665039,3.289152145385742,0.2865214347839355,52,-6
0.005769968032836914,3.294922113418579,0.2519016265869141,52,-6
0.005513906478881836,3.300436019897461,0.218818187713623,52,-6
0.006268978118896484,3.306704998016357,0.1812043190002441,52,-6
0.007249116897583008,3.31395411491394,0.1377096176147461,52,-6
0.004133939743041992,3.318088054656982,0.1129059791564941,52,-6
0.006829023361206055,3.324917078018188,0.07193183898925781,53,-5
0.009453058242797852,3.334370136260986,0.02466654777526855,53,-5
0.006122827529907227,3.340492963790894,-0.005947589874267578,53,-5
0.006285190582275391,3.346778154373169,-0.03737354278564453,53,-5
0.007437944412231445,3.3542160987854,-0.07456326484680176,53,-5
0.004019021987915039,3.358235120773315,-0.09465837478637695,53,-5
0.005692005157470703,3.363927125930786,-0.1231184005737305,53,-5
0.005167961120605469,3.369095087051392,-0.1489582061767578,54,-4
0.007505893707275391,3.376600980758667,-0.1789817810058594,54,-4
0.00784611701965332,3.38444709777832,-0.2103662490844727,54,-4
0.003994941711425781,3.388442039489746,-0.2263460159301758,54,-4
0.005964040756225586,3.394406080245972,-0.2502021789550781,54,-4
0.006006956100463867,3.400413036346436,-0.2742300033569336,55,-3
0.006006956100463867,3.406419992446899,-0.2922508716583252,55,-3
0.005498170852661133,3.411918163299561,-0.3087453842163086,55,-3
0.005313873291015625,3.417232036590576,-0.3246870040893555,55,-3
0.006927013397216797,3.424159049987793,-0.3454680442810059,55,-3
0.006849050521850586,3.431008100509644,-0.3660151958465576,56,-2
0.006917953491210938,3.437926054000854,-0.3798511028289795,56,-2
0.01396012306213379,3.451886177062988,-0.4077713489532471,57,-1
0.004436969757080078,3.456323146820068,-0.4122083187103271,57,-1
0.005666017532348633,3.461989164352417,-0.4178743362426758,57,-1
0.006155014038085938,3.468144178390503,-0.4240293502807617,57,-1
0.006372928619384766,3.474517107009888,-0.4304022789001465,58,0
0.005828857421875,3.480345964431763,-0.4304022789001465,58,0
0.006618022918701172,3.486963987350464,-0.4304022789001465,58,0
0.008095026016235352,3.495059013366699,-0.4304022789001465,59,1
0.006322145462036133,3.501381158828735,-0.4240801334381104,59,1
0.005571842193603516,3.506953001022339,-0.4185082912445068,60,2
0.007449150085449219,3.514402151107788,-0.4036099910736084,60,2
0.006793975830078125,3.521196126937866,-0.3900220394134521,60,2
0.006104946136474609,3.527301073074341,-0.3778121471405029,60,2
0.009739875793457031,3.537040948867798,-0.3583323955535889,60,2
0.006329059600830078,3.543370008468628,-0.3456742763519287,61,3
0.006507158279418945,3.549877166748047,-0.3261528015136719,61,3
0.006887912750244141,3.556765079498291,-0.3054890632629395,61,3
0.008579015731811523,3.565344095230103,-0.2797520160675049,62,4
0.005840063095092773,3.571184158325195,-0.2563917636871338,62,4
0.004282951354980469,3.575467109680176,-0.2392599582672119,62,4
0.01293206214904785,3.588399171829224,-0.1875317096710205,63,5
0.006546974182128906,3.594946146011353,-0.154796838760376,63,5
0.006994009017944336,3.601940155029297,-0.1198267936706543,64,6
0.004524946212768555,3.606465101242065,-0.09267711639404297,64,6
0.00554203987121582,3.612007141113281,-0.05942487716674805,64,6
0.005334854125976563,3.617341995239258,-0.02741575241088867,64,6
0.006680011749267578,3.624022006988525,0.0126643180847168,64,6
0.007354974746704102,3.631376981735229,0.05679416656494141,64,6
0.00748896598815918,3.638865947723389,0.1017279624938965,65,7
0.005514144897460938,3.64438009262085,0.140326976776123,65,7
0.005887031555175781,3.650267124176025,0.1815361976623535,66,8
0.00642085075378418,3.65668797492981,0.232903003692627,66,8
0.004824161529541016,3.661512136459351,0.2714962959289551,66,8
0.005304813385009766,3.66681694984436,0.3139348030090332,66,8
0.007638216018676758,3.674455165863037,0.3750405311584473,67,9
0.004129886627197266,3.678585052490234,0.4122095108032227,67,9
0.006032943725585938,3.68461799621582,0.4665060043334961,67,9
0.005712985992431641,3.690330982208252,0.5179228782653809,68,10
0.005987167358398438,3.69631814956665,0.5777945518493652,68,10
0.006273031234741211,3.702591180801392,0.6405248641967773,68,10
0.004853963851928711,3.70744514465332,0.6890645027160645,68,10
0.007537841796875,3.714982986450195,0.7644429206848145,68,10
0.01381802558898926,3.728801012039185,0.902623176574707,68,10
0.006446123123168945,3.735247135162354,0.9670844078063965,68,10
0.006645917892456055,3.74189305305481,1.033543586730957,68,10
0.004338979721069336,3.746232032775879,1.07693338394165,68,10
0.00796198844909668,3.754194021224976,1.156553268432617,68,10
0.005098104476928711,3.759292125701904,1.207534313201904,68,10
0.007629871368408203,3.766921997070313,1.283833026885986,69,11
0.008001089096069336,3.774923086166382,1.371845006942749,68,10
0.003311872482299805,3.778234958648682,1.404963731765747,68,10
0.005713224411010742,3.783948183059692,1.462095975875854,68,10
0.008043766021728516,3.791991949081421,1.54253363609314,68,10
0.006421089172363281,3.798413038253784,1.606744527816772,68,10
0.005808115005493164,3.804221153259277,1.664825677871704,68,10
0.01003789901733398,3.814259052276611,1.765204668045044,68,10
0.00634002685546875,3.82059907913208,1.828604936599731,68,10
0.006610870361328125,3.827209949493408,1.894713640213013,68,10
0.00725102424621582,3.834460973739624,1.967223882675171,68,10
0.006862163543701172,3.841323137283325,2.035845518112183,68,10
0.004787921905517578,3.846111059188843,2.083724737167358,68,10
0.006004095077514648,3.852115154266357,2.143765687942505,67,9
0.005812883377075195,3.857928037643433,2.196081638336182,67,9
0.005890130996704102,3.863818168640137,2.249092817306519,67,9
0.006578922271728516,3.870397090911865,2.308303117752075,66,8
0.006020069122314453,3.87641716003418,2.356463670730591,66,8
0.00692296028137207,3.883340120315552,2.411847352981567,66,8
0.006070852279663086,3.889410972595215,2.460414171218872,66,8
0.007980108261108398,3.897391080856323,2.524255037307739,66,8
0.005100011825561523,3.902491092681885,2.565055131912231,65,7
0.00596308708190918,3.908454179763794,2.606796741485596,65,7
0.005715847015380859,3.914170026779175,2.646807670593262,65,7
0.00728607177734375,3.921456098556519,2.697810173034668,65,7
0.005930900573730469,3.927386999130249,2.739326477050781,65,7
0.007752180099487305,3.935139179229736,2.793591737747192,65,7
0.0080718994140625,3.943211078643799,2.85009503364563,65,7
0.005620002746582031,3.948831081390381,2.889435052871704,65,7
0.008436918258666992,3.957267999649048,2.948493480682373,65,7
0.007264137268066406,3.964532136917114,2.999342441558838,65,7
0.007531881332397461,3.972064018249512,3.05206561088562,66,8
0.00634312629699707,3.978407144546509,3.102810621261597,65,7
0.007532835006713867,3.985939979553223,3.155540466308594,65,7
0.005434036254882813,3.991374015808105,3.193578720092773,65,7
0.007771015167236328,3.999145030975342,3.247975826263428,65,7
0.007880926132202148,4.007025957107544,3.303142309188843,64,6
0.008069992065429688,4.015095949172974,3.351562261581421,65,7
0.003593206405639648,4.018689155578613,3.376714706420898,64,6
0.005555868148803711,4.024245023727417,3.410049915313721,64,6
0.006309032440185547,4.030554056167603,3.447904109954834,64,6
0.005853891372680664,4.036407947540283,3.483027458190918,63,5
0.005657196044921875,4.042065143585205,3.511313438415527,64,6
0.007093906402587891,4.049159049987793,3.553876876831055,63,5
0.006860971450805664,4.056020021438599,3.588181734085083,63,5
0.007853984832763672,4.063874006271362,3.627451658248901,63,5
0.00363612174987793,4.06751012802124,3.645632266998291,63,5
0.005986928939819336,4.07349705696106,3.675566911697388,63,5
0.005511999130249023,4.079009056091309,3.703126907348633,63,5
0.006483078002929688,4.085492134094238,3.735542297363281,63,5
0.00506901741027832,4.090561151504517,3.760887384414673,63,5
0.006500005722045898,4.097061157226563,3.793387413024902,63,5
0.007593870162963867,4.104655027389526,3.831356763839722,63,5
0.0104830265045166,4.115138053894043,3.883771896362305,62,4
0.006020069122314453,4.121158123016357,3.907852172851563,62,4
0.006152868270874023,4.127310991287231,3.932463645935059,62,4
0.005205154418945313,4.132516145706177,3.95328426361084,61,3
0.006167888641357422,4.138684034347534,3.971787929534912,61,3
0.007934093475341797,4.146618127822876,3.995590209960938,61,3
0.007611989974975586,4.154230117797852,4.018426179885864,60,2
0.007627964019775391,4.161858081817627,4.033682107925415,60,2
0.006304025650024414,4.168162107467651,4.046290159225464,60,2
0.007326841354370117,4.175488948822021,4.060943841934204,60,2
0.008831024169921875,4.184319972991943,4.078605890274048,59,1
0.003731012344360352,4.188050985336304,4.082336902618408,59,1
0.006088018417358398,4.194139003753662,4.088424921035767,59,1
0.007946968078613281,4.202085971832275,4.09637188911438,58,0
0.004569053649902344,4.206655025482178,4.09637188911438,58,0
0.008419036865234375,4.215074062347412,4.09637188911438,58,0
0.007508993148803711,4.222583055496216,4.09637188911438,57,-1
0.008868932723999023,4.231451988220215,4.087502956390381,57,-1
0.006286144256591797,4.237738132476807,4.081216812133789,57,-1
0.008376836776733398,4.24611496925354,4.072839975357056,56,-2
0.005365133285522461,4.251480102539063,4.062109708786011,56,-2
0.006531953811645508,4.258012056350708,4.04904580116272,56,-2
0.006242036819458008,4.264254093170166,4.036561727523804,56,-2
0.004958868026733398,4.269212961196899,4.026643991470337,55,-3
0.009784221649169922,4.278997182846069,3.997291326522827,55,-3
0.007350921630859375,4.286348104476929,3.975238561630249,55,-3
0.008183002471923828,4.294531106948853,3.950689554214478,55,-3
0.006891012191772461,4.301422119140625,3.93001651763916,54,-4
0.006397008895874023,4.307819128036499,3.904428482055664,54,-4
0.006675958633422852,4.314495086669922,3.877724647521973,54,-4
0.004823923110961914,4.319319009780884,3.858428955078125,54,-4
0.006514072418212891,4.325833082199097,3.832372665405273,54,-4
0.0047149658203125,4.330548048019409,3.813512802124023,53,-5
0.006235122680664063,4.336783170700073,3.782337188720703,53,-5
0.007089853286743164,4.343873023986816,3.746887922286987,53,-5
0.005605936050415039,4.349478960037231,3.718858242034912,53,-5
0.005530118942260742,4.355009078979492,3.691207647323608,53,-5
0.006149053573608398,4.361158132553101,3.660462379455566,52,-6
0.006193876266479492,4.36735200881958,3.623299121856689,52,-6
0.007625102996826172,4.374977111816406,3.577548503875732,52,-6
0.01084089279174805,4.385818004608154,3.512503147125244,51,-7
0.007622957229614258,4.393440961837769,3.459142446517944,51,-7
0.006422996520996094,4.399863958358765,3.414181470870972,51,-7
0.007059097290039063,4.406923055648804,3.364767789840698,51,-7
0.008495092391967773,4.415418148040771,3.305302143096924,50,-8
0.00341796875,4.418836116790771,3.277958393096924,50,-8
0.005769968032836914,4.424606084823608,3.231798648834229,50,-8
0.009958982467651367,4.43456506729126,3.152126789093018,50,-8
0.003499031066894531,4.438064098358154,3.124134540557861,50,-8
0.005742073059082031,4.443806171417236,3.078197956085205,50,-8
0.005483865737915039,4.449290037155151,3.034327030181885,51,-7
0.009263992309570313,4.458554029464722,2.969479084014893,51,-7
0.008865118026733398,4.467419147491455,2.907423257827759,51,-7
0.006760835647583008,4.474179983139038,2.860097408294678,51,-7
0.006556987762451172,4.480736970901489,2.81419849395752,51,-7
0.007521152496337891,4.488258123397827,2.761550426483154,51,-7
0.007004976272583008,4.49526309967041,2.712515592575073,51,-7
0.007809877395629883,4.50307297706604,2.657846450805664,51,-7
0.003800153732299805,4.50687313079834,2.631245374679565,52,-6
0.007149934768676758,4.514023065567017,2.588345766067505,52,-6
0.005352020263671875,4.519375085830688,2.556233644485474,52,-6
0.006021976470947266,4.525397062301636,2.52010178565979,52,-6
0.008629083633422852,4.534026145935059,2.468327283859253,52,-6
0.0099029541015625,4.543929100036621,2.408909559249878,52,-6
0.00718998908996582,4.551119089126587,2.365769624710083,52,-6
0.00669407844543457,4.557813167572021,2.325605154037476,52,-6
0.006671905517578125,4.5644850730896,2.285573720932007,52,-6
0.004878044128417969,4.569363117218018,2.256305456161499,52,-6
0.005919933319091797,4.575283050537109,2.220785856246948,53,-5
0.005060911178588867,4.580343961715698,2.195481300354004,53,-5
0.006350994110107422,4.586694955825806,2.163726329803467,53,-5
0.008381128311157227,4.595076084136963,2.121820688247681,53,-5
0.008249044418334961,4.603325128555298,2.080575466156006,53,-5
0.00302886962890625,4.606353998184204,2.065431118011475,53,-5
0.005427122116088867,4.611781120300293,2.03829550743103,54,-4
0.005714893341064453,4.617496013641357,2.015435934066772,53,-5
0.006454944610595703,4.623950958251953,1.983161211013794,53,-5
0.006296157836914063,4.630247116088867,1.951680421829224,54,-4
0.007050037384033203,4.6372971534729,1.923480272293091,53,-5
0.006753921508789063,4.644051074981689,1.889710664749146,53,-5
0.00669407844543457,4.650745153427124,1.856240272521973,53,-5
0.005638837814331055,4.656383991241455,1.828046083450317,54,-4
0.005697011947631836,4.662081003189087,1.80525803565979,54,-4
0.005033016204833984,4.667114019393921,1.785125970840454,54,-4
0.007799148559570313,4.674913167953491,1.753929376602173,54,-4
0.00632786750793457,4.681241035461426,1.728617906570435,54,-4
0.005440950393676758,4.686681985855103,1.706854104995728,54,-4
0.007977008819580078,4.694658994674683,1.674946069717407,54,-4
0.00855708122253418,4.703216075897217,1.640717744827271,54,-4
0.003479957580566406,4.706696033477783,1.626797914505005,54,-4
0.006431102752685547,4.713127136230469,1.601073503494263,55,-3
0.005112886428833008,4.718240022659302,1.585734844207764,55,-3
0.007158041000366211,4.725398063659668,1.564260721206665,55,-3
0.005151033401489258,4.730549097061157,1.548807621002197,55,-3
0.005559921264648438,4.736109018325806,1.532127857208252,56,-2
0.008469104766845703,4.744578123092651,1.515189647674561,56,-2
0.006747007369995117,4.751325130462646,1.50169563293457,56,-2
0.006853818893432617,4.758178949356079,1.487987995147705,57,-1
0.005063056945800781,4.76324200630188,1.482924938201904,57,-1
0.005576133728027344,4.768818140029907,1.477348804473877,57,-1
0.005323886871337891,4.774142026901245,1.472024917602539,57,-1
0.007765054702758789,4.781907081604004,1.46425986289978,57,-1
0.005009889602661133,4.786916971206665,1.459249973297119,58,0
0.007565021514892578,4.794481992721558,1.459249973297119,58,0
0.004162073135375977,4.798644065856934,1.459249973297119,59,1
0.005417108535766602,4.8040611743927,1.464667081832886,59,1
0.006349802017211914,4.810410976409912,1.471016883850098,59,1
0.006138086318969727,4.816549062728882,1.477154970169067,60,2
0.007621049880981445,4.824170112609863,1.49239706993103,60,2
0.007039070129394531,4.831209182739258,1.506475210189819,60,2
0.006253957748413086,4.837463140487671,1.518983125686646,60,2
0.008586883544921875,4.846050024032593,1.536156892776489,60,2
0.007984161376953125,4.854034185409546,1.552125215530396,61,3
0.005159854888916016,4.859194040298462,1.567604780197144,61,3
0.0057830810546875,4.864977121353149,1.584954023361206,61,3
0.006479978561401367,4.871457099914551,1.60439395904541,61,3
0.005156993865966797,4.876614093780518,1.619864940643311,62,4
0.00958704948425293,4.886201143264771,1.658213138580322,62,4
0.003103017807006836,4.889304161071777,1.67062520980835,63,5
0.005774974822998047,4.895079135894775,1.69950008392334,63,5
0.006904840469360352,4.901983976364136,1.734024286270142,63,5
0.006651163101196289,4.908635139465332,1.767280101776123,63,5
0.008723974227905273,4.917359113693237,1.810899972915649,63,5
0.006825923919677734,4.924185037612915,1.845029592514038,64,6
0.009581089019775391,4.93376612663269,1.90251612663269,65,7
0.004897832870483398,4.938663959503174,1.936800956726074,65,7
0.006721019744873047,4.945384979248047,1.983848094940186,65,7
0.004631996154785156,4.950016975402832,2.016272068023682,65,7
0.006283998489379883,4.956300973892212,2.060260057449341,65,7
0.007165193557739258,4.963466167449951,2.110416412353516,66,8
0.005769014358520508,4.969235181808472,2.15656852722168,66,8
0.006584882736206055,4.975820064544678,2.209247589111328,67,9
0.008218050003051758,4.984038114547729,2.283210039138794,68,10
0.003005027770996094,4.987043142318726,2.313260316848755,68,10
0.006222963333129883,4.993266105651855,2.375489950180054,68,10
0.006573915481567383,4.999840021133423,2.441229104995728,68,10
0.006821155548095703,5.006661176681519,2.509440660476685,68,10
0.005155801773071289,5.01181697845459,2.560998678207397,68,10
0.006036043167114258,5.017853021621704,2.62135910987854,68,10
0.005527973175048828,5.023380994796753,2.676638841629028,68,10
0.007102012634277344,5.03048300743103,2.747658967971802,68,10
0.00619816780090332,5.036681175231934,2.809640645980835,69,11
0.006394863128662109,5.043076038360596,2.879984140396118,68,10
0.007409095764160156,5.050485134124756,2.95407509803772,69,11
0.005717992782592773,5.056203126907349,3.01697301864624,69,11
0.008877038955688477,5.065080165863037,3.114620447158813,69,11
0.008235931396484375,5.073316097259521,3.205215692520142,69,11
0.006505966186523438,5.079822063446045,3.276781320571899,69,11
0.006962060928344727,5.08678412437439,3.353363990783691,69,11
0.007124900817871094,5.093909025192261,3.431737899780273,69,11
0.004351139068603516,5.098260164260864,3.479600429534912,69,11
0.007635831832885742,5.10589599609375,3.563594579696655,69,11
0.008134126663208008,5.114030122756958,3.653069972991943,69,11
0.007225990295410156,5.121256113052368,3.732555866241455,68,10
0.006949901580810547,5.128206014633179,3.802054882049561,68,10
0.00693511962890625,5.135141134262085,3.871406078338623,68,10
0.006798982620239258,5.141940116882324,3.939395904541016,68,10
0.005111932754516602,5.147052049636841,3.990515232086182,68,10
0.006684064865112305,5.153736114501953,4.057355880737305,68,10
0.006217002868652344,5.159953117370605,4.119525909423828,67,9
0.004667043685913086,5.164620161056519,4.161529302597046,67,9
0.005693912506103516,5.170314073562622,4.212774515151978,67,9
0.005799055099487305,5.176113128662109,4.264966011047363,67,9
0.008360862731933594,5.184473991394043,4.340213775634766,67,9
0.007265090942382813,5.191739082336426,4.405599594116211,66,8
0.006355047225952148,5.198094129562378,4.456439971923828,67,9
0.008229970932006836,5.206324100494385,4.53050971031189,67,9
0.003129959106445313,5.20945405960083,4.558679342269897,66,8
0.005887985229492188,5.215342044830322,4.605783224105835,66,8
0.006145954132080078,5.221487998962402,4.654950857162476,66,8
0.005414962768554688,5.226902961730957,4.698270559310913,67,9
0.007320165634155273,5.234223127365112,4.764152050018311,66,8
0.006468057632446289,5.240691184997559,4.815896511077881,66,8
0.006658792495727539,5.247349977493286,4.869166851043701,66,8
0.009128093719482422,5.256478071212769,4.942191600799561,66,8
0.008029937744140625,5.264508008956909,5.006431102752686,66,8
0.008057117462158203,5.272565126419067,5.070888042449951,65,7
0.006382942199707031,5.278948068618774,5.1155686378479,65,7
0.00716710090637207,5.286115169525146,5.165738344192505,65,7
0.008380889892578125,5.294496059417725,5.224404573440552,65,7
0.008491992950439453,5.302988052368164,5.283848524093628,65,7
0.004756927490234375,5.307744979858398,5.317147016525269,65,7
0.007361173629760742,5.315106153488159,5.368675231933594,65,7
0.009166955947875977,5.324273109436035,5.432843923568726,64,6
0.008408069610595703,5.332681179046631,5.4832923412323,64,6
0.004052877426147461,5.336734056472778,5.507609605789185,64,6
0.006413936614990234,5.343147993087769,5.546093225479126,63,5
0.005017995834350586,5.348165988922119,5.571183204650879,63,5
0.005956172943115234,5.354122161865234,5.600964069366455,63,5
0.006013870239257813,5.360136032104492,5.631033420562744,63,5
0.008858919143676758,5.368994951248169,5.675328016281128,64,6
0.005694150924682617,5.374689102172852,5.709492921829224,64,6
0.01063704490661621,5.385326147079468,5.773315191268921,63,5
0.006111860275268555,5.391438007354736,5.803874492645264,63,5
0.006756067276000977,5.398194074630737,5.837654829025269,63,5
0.004980087280273438,5.403174161911011,5.862555265426636,63,5
0.004973888397216797,5.408148050308228,5.88742470741272,62,4
0.005955934524536133,5.414103984832764,5.911248445510864,62,4
0.006191015243530273,5.420295000076294,5.936012506484985,62,4
0.006070137023925781,5.42636513710022,5.960293054580688,61,3
0.005578041076660156,5.43194317817688,5.977027177810669,61,3
0.006126880645751953,5.438070058822632,5.995407819747925,61,3
0.007322072982788086,5.44539213180542,6.017374038696289,60,2
0.008786916732788086,5.454179048538208,6.034947872161865,60,2
0.009727954864501953,5.46390700340271,6.054403781890869,59,1
0.006004095077514648,5.469911098480225,6.060407876968384,59,1
0.007258892059326172,5.477169990539551,6.06766676902771,59,1
0.008224964141845703,5.485394954681396,6.075891733169556,58,0
0.009982109069824219,5.495377063751221,6.075891733169556,58,0
0.008002996444702148,5.503380060195923,6.075891733169556,58,0
0.005218029022216797,5.50859808921814,6.075891733169556,57,-1
0.007288932800292969,5.515887022018433,6.068602800369263,57,-1
0.007365942001342773,5.523252964019775,6.06123685836792,56,-2
0.006255149841308594,5.529508113861084,6.048726558685303,56,-2
0.006760835647583008,5.536268949508667,6.035204887390137,56,-2
0.004522085189819336,5.540791034698486,6.026160717010498,56,-2
0.005648136138916016,5.546439170837402,6.014864444732666,55,-3
0.008212804794311523,5.554651975631714,5.990226030349731,55,-3
0.008658170700073242,5.563310146331787,5.964251518249512,55,-3
0.002828836441040039,5.566138982772827,5.955765008926392,55,-3
0.00589299201965332,5.57203197479248,5.938086032867432,54,-4
0.005740165710449219,5.57777214050293,5.915125370025635,54,-4
0.006328821182250977,5.584100961685181,5.889810085296631,54,-4
0.006257057189941406,5.590358018875122,5.864781856536865,54,-4
0.006364107131958008,5.59672212600708,5.839325428009033,54,-4
0.007256984710693359,5.603979110717773,5.81029748916626,54,-4
0.00551295280456543,5.609492063522339,5.788245677947998,53,-5
0.006808996200561523,5.6163010597229,5.75420069694519,53,-5
0.01177000999450684,5.628071069717407,5.695350646972656,52,-6
0.007071971893310547,5.635143041610718,5.652918815612793,52,-6
0.006675004959106445,5.641818046569824,5.612868785858154,52,-6
0.007165908813476563,5.648983955383301,5.569873332977295,51,-7
0.006952047348022461,5.655936002731323,5.521209001541138,51,-7
0.007970094680786133,5.663906097412109,5.465418338775635,51,-7
0.01040387153625488,5.674309968948364,5.392591238021851,50,-8
0.007529020309448242,5.681838989257813,5.332359075546265,51,-7
0.004348993301391602,5.686187982559204,5.301916122436523,50,-8
0.009672164916992188,5.695860147476196,5.224538803100586,50,-8
0.006163835525512695,5.702023983001709,5.175228118896484,50,-8
0.006620168685913086,5.708644151687622,5.12226676940918,50,-8
0.007232904434204102,5.715877056121826,5.064403533935547,51,-7
0.007302045822143555,5.72317910194397,5.013289213180542,51,-7
0.01000189781188965,5.733180999755859,4.943275928497314,51,-7
0.003971099853515625,5.737152099609375,4.915478229522705,51,-7
0.006672859191894531,5.74382495880127,4.868768215179443,51,-7
0.01021814346313477,5.754043102264404,4.7972412109375,52,-6
0.003380060195922852,5.757423162460327,4.776960849761963,52,-6
0.006538867950439453,5.763962030410767,4.737727642059326,52,-6
0.006279945373535156,5.770241975784302,4.700047969818115,52,-6
0.006144046783447266,5.776386022567749,4.663183689117432,52,-6
0.008075952529907227,5.784461975097656,4.614727973937988,52,-6
0.006466150283813477,5.79092812538147,4.575931072235107,52,-6
0.006157875061035156,5.797086000442505,4.538983821868896,52,-6
0.007166147232055664,5.804252147674561,4.495986938476563,52,-6
0.003120899200439453,5.807373046875,4.477261543273926,52,-6
0.006844997406005859,5.814218044281006,4.436191558837891,52,-6
0.006519079208374023,5.82073712348938,4.397077083587646,53,-5
0.005209922790527344,5.825947046279907,4.37102746963501,53,-5
0.005455970764160156,5.831403017044067,4.343747615814209,53,-5
0.006395101547241211,5.837798118591309,4.311772108078003,53,-5
0.006428956985473633,5.844227075576782,4.279627323150635,53,-5
0.007196903228759766,5.851423978805542,4.243642807006836,53,-5
0.004891157150268555,5.856315135955811,4.219187021255493,53,-5
0.00580286979675293,5.862118005752563,4.190172672271729,53,-5
0.005872964859008789,5.867990970611572,4.160807847976685,53,-5
0.006009101867675781,5.874000072479248,4.130762338638306,53,-5
0.006476879119873047,5.880476951599121,4.09837794303894,53,-5
0.005650997161865234,5.886127948760986,4.070122957229614,54,-4
0.005986213684082031,5.892114162445068,4.046178102493286,54,-4
0.006747961044311523,5.89886212348938,4.01918625831604,53,-5
0.007598876953125,5.906461000442505,3.981191873550415,54,-4
0.00748896598815918,5.913949966430664,3.951236009597778,54,-4
0.004047155380249023,5.917997121810913,3.935047388076782,54,-4
0.007268905639648438,5.925266027450562,3.905971765518188,55,-3
0.005142927169799805,5.930408954620361,3.890542984008789,55,-3
0.005690097808837891,5.936099052429199,3.873472690582275,55,-3
0.005937099456787109,5.942036151885986,3.855661392211914,55,-3
0.007403850555419922,5.949440002441406,3.833449840545654,55,-3
0.006919145584106445,5.956359148025513,3.812692403793335,56,-2
0.006724834442138672,5.963083982467651,3.799242734909058,56,-2
0.00593113899230957,5.969015121459961,3.787380456924438,57,-1
0.007978916168212891,5.976994037628174,3.779401540756226,57,-1
0.007584095001220703,5.984578132629395,3.771817445755005,57,-1
0.003347873687744141,5.987926006317139,3.768469572067261,57,-1
0.005957126617431641,5.99388313293457,3.762512445449829,57,-1
0.00616002082824707,6.000043153762817,3.756352424621582,57,-1
0.006745815277099609,6.006788969039917,3.749606609344482,58,0
0.009788990020751953,6.016577959060669,3.749606609344482,58,0
0.00347900390625,6.020056962966919,3.749606609344482,59,1
0.005846023559570313,6.025902986526489,3.755452632904053,59,1
0.007200002670288086,6.033102989196777,3.762652635574341,60,2
0.006721019744873047,6.03982400894165,3.776094675064087,60,2
0.00740504264831543,6.047229051589966,3.790904760360718,60,2
0.008906126022338867,6.056135177612305,3.808717012405396,60,2
0.007281780242919922,6.063416957855225,3.823280572891235,61,3
0.006736040115356445,6.070152997970581,3.843488693237305,61,3
0.008378028869628906,6.07853102684021,3.868622779846191,61,3
0.006071090698242188,6.084602117538452,3.886836051940918,62,4
0.009902000427246094,6.094504117965698,3.926444053649902,62,4
0.006680965423583984,6.101185083389282,3.953167915344238,62,4
0.006116867065429688,6.107301950454712,3.977635383605957,63,5
0.007011175155639648,6.114313125610352,4.012691259384155,63,5
0.004858970642089844,6.119172096252441,4.036986112594604,64,6
0.005248069763183594,6.124420166015625,4.068474531173706,64,6
0.01230478286743164,6.136724948883057,4.142303228378296,64,6
0.01008200645446777,6.146806955337524,4.202795267105103,64,6
0.006471157073974609,6.153278112411499,4.24162220954895,64,6
0.006218910217285156,6.159497022628784,4.278935670852661,64,6
0.00716400146484375,6.166661024093628,4.321919679641724,65,7
0.004245996475219727,6.170907020568848,4.351641654968262,65,7
0.008475065231323242,6.179382085800171,4.410967111587524,65,7
0.007780075073242188,6.187162160873413,4.46542763710022,66,8
0.009030818939208984,6.196192979812622,4.537674188613892,67,9
0.005895137786865234,6.202088117599487,4.590730428695679,66,8
0.006551980972290039,6.208640098571777,4.643146276473999,67,9
0.006494045257568359,6.215134143829346,4.701592683792114,68,10
0.006760835647583008,6.221894979476929,4.769201040267944,68,10
0.004276037216186523,6.226171016693115,4.81196141242981,68,10
0.008819103240966797,6.234990119934082,4.900152444839478,68,10
0.003944873809814453,6.238934993743896,4.939601182937622,68,10
0.00780797004699707,6.246742963790894,5.017680883407593,68,10
0.007812023162841797,6.254554986953735,5.095801115036011,68,10
0.002912044525146484,6.257467031478882,5.124921560287476,67,9
0.005991935729980469,6.263458967208862,5.1788489818573,67,9
0.006042003631591797,6.269500970840454,5.233227014541626,68,10
0.006774187088012695,6.276275157928467,5.300968885421753,68,10
0.009015798568725586,6.285290956497192,5.391126871109009,68,10
0.005364179611206055,6.290655136108398,5.444768667221069,68,10
0.005983829498291016,6.296638965606689,5.504606962203979,68,10
0.004781007766723633,6.301419973373413,5.552417039871216,68,10
0.005304098129272461,6.306724071502686,5.60545802116394,68,10
0.0072479248046875,6.313971996307373,5.677937269210815,68,10
0.005969047546386719,6.31994104385376,5.737627744674683,68,10
0.006096124649047852,6.326037168502808,5.798588991165161,68,10
0.009855985641479492,6.335893154144287,5.897148847579956,67,9
0.006147861480712891,6.342041015625,5.952479600906372,67,9
0.006562948226928711,6.348603963851929,6.01154613494873,67,9
0.00590205192565918,6.354506015777588,6.064664602279663,67,9
0.008779048919677734,6.363285064697266,6.143676042556763,67,9
0.005759000778198242,6.369044065475464,6.195507049560547,66,8
0.006078958511352539,6.375123023986816,6.244138717651367,66,8
0.00557708740234375,6.38070011138916,6.288755416870117,65,7
0.006769895553588867,6.387470006942749,6.336144685745239,65,7
0.007136106491088867,6.394606113433838,6.386097431182861,65,7
0.007144927978515625,6.401751041412354,6.436111927032471,64,6
0.006834030151367188,6.408585071563721,6.477116107940674,64,6
0.006686925888061523,6.415271997451782,6.517237663269043,64,6
0.009020090103149414,6.424292087554932,6.571358203887939,64,6
0.007701873779296875,6.431993961334229,6.617569446563721,63,5
0.00528717041015625,6.437281131744385,6.644005298614502,63,5
0.006686925888061523,6.443968057632446,6.67743992805481,63,5
0.004256963729858398,6.448225021362305,6.698724746704102,63,5
0.006046056747436523,6.454271078109741,6.728955030441284,63,5
0.00625300407409668,6.460524082183838,6.760220050811768,63,5
0.008080005645751953,6.46860408782959,6.800620079040527,63,5
0.005609035491943359,6.474213123321533,6.828665256500244,63,5
0.00626683235168457,6.480479955673218,6.859999418258667,63,5
0.005589008331298828,6.486068964004517,6.887944459915161,63,5
0.007688999176025391,6.493757963180542,6.926389455795288,63,5
0.006217002868652344,6.499974966049194,6.95747447013855,63,5
0.00705718994140625,6.507032155990601,6.992760419845581,63,5
0.009405851364135742,6.516438007354736,7.03978967666626,62,4
0.007734060287475586,6.524172067642212,7.070725917816162,62,4
0.007801055908203125,6.531973123550415,7.101930141448975,61,3
0.004156827926635742,6.536129951477051,7.114400625228882,61,3
0.006567001342773438,6.542696952819824,7.134101629257202,60,2
0.005219221115112305,6.547916173934937,7.144540071487427,60,2
0.006325960159301758,6.554242134094238,7.15719199180603,60,2
0.008863925933837891,6.563106060028076,7.174919843673706,60,2
0.006227016448974609,6.569333076477051,7.187373876571655,60,2
0.006691932678222656,6.576025009155273,7.200757741928101,59,1
0.008443117141723633,6.584468126296997,7.209200859069824,59,1
0.004878044128417969,6.589346170425415,7.214078903198242,58,0
0.0084228515625,6.597769021987915,7.214078903198242,58,0
0.00672602653503418,6.604495048522949,7.214078903198242,58,0
0.00477910041809082,6.60927414894104,7.214078903198242,57,-1
0.005637884140014648,6.614912033081055,7.208441019058228,57,-1
0.006303071975708008,6.621215105056763,7.20213794708252,57,-1
0.005568027496337891,6.626783132553101,7.196569919586182,57,-1
0.008445024490356445,6.635228157043457,7.188124895095825,56,-2
0.0132138729095459,6.648442029953003,7.161697149276733,55,-3
0.007017135620117188,6.65545916557312,7.140645742416382,55,-3
0.005796909332275391,6.661256074905396,7.123255014419556,55,-3
0.005649089813232422,6.666905164718628,7.106307744979858,55,-3
0.00728297233581543,6.674188137054443,7.084458827972412,54,-4
0.006702899932861328,6.680891036987305,7.057647228240967,54,-4
0.009377956390380859,6.690268993377686,7.020135402679443,54,-4
0.005501031875610352,6.695770025253296,6.998131275177002,54,-4
0.007275104522705078,6.703045129776001,6.969030857086182,54,-4
0.005569934844970703,6.708615064620972,6.946751117706299,53,-5
0.006737947463989258,6.715353012084961,6.913061380386353,53,-5
0.007187128067016602,6.722540140151978,6.87712574005127,53,-5
0.004729986190795898,6.727270126342773,6.85347580909729,52,-6
0.007362842559814453,6.734632968902588,6.809298753738403,52,-6
0.006765127182006836,6.741398096084595,6.768707990646362,52,-6
0.006550073623657227,6.747948169708252,6.729407548904419,51,-7
0.007071971893310547,6.755020141601563,6.679903745651245,51,-7
0.006978988647460938,6.761999130249023,6.631050825119019,51,-7
0.006996870040893555,6.768996000289917,6.582072734832764,51,-7
0.006042003631591797,6.775038003921509,6.539778709411621,50,-8
0.004183053970336914,6.779221057891846,6.506314277648926,50,-8
0.006150007247924805,6.785371065139771,6.457114219665527,50,-8
0.005256891250610352,6.790627956390381,6.415059089660645,50,-8
0.00590205192565918,6.79653000831604,6.367842674255371,50,-8
0.006500959396362305,6.803030967712402,6.315834999084473,50,-8
0.005506992340087891,6.80853796005249,6.27177906036377,50,-8
0.005994081497192383,6.814532041549683,6.22382640838623,50,-8
0.007389068603515625,6.821921110153198,6.164713859558105,49,-9
0.00414586067199707,6.826066970825195,6.127401113510132,50,-8
0.005427122116088867,6.831494092941284,6.083984136581421,50,-8
0.006237030029296875,6.837731122970581,6.034087896347046,50,-8
0.006500959396362305,6.844232082366943,5.982080221176147,50,-8
0.007679939270019531,6.851912021636963,5.920640707015991,51,-7
0.006965160369873047,6.858877182006836,5.87188458442688,50,-8
0.006066799163818359,6.864943981170654,5.823350191116333,51,-7
0.004961967468261719,6.869905948638916,5.788616418838501,51,-7
0.005868196487426758,6.875774145126343,5.747539043426514,51,-7
0.005714893341064453,6.881489038467407,5.707534790039063,51,-7
0.006428956985473633,6.887917995452881,5.662532091140747,51,-7
0.009363174438476563,6.897281169891357,5.596989870071411,52,-6
0.007058858871459961,6.904340028762817,5.554636716842651,52,-6
0.006679058074951172,6.911019086837769,5.514562368392944,51,-7
0.005598068237304688,6.916617155075073,5.475375890731812,52,-6
0.004886865615844727,6.921504020690918,5.446054697036743,52,-6
0.005697011947631836,6.92720103263855,5.411872625350952,52,-6
0.01070904731750488,6.937910079956055,5.347618341445923,52,-6
0.005886077880859375,6.943796157836914,5.312301874160767,52,-6
0.006453990936279297,6.950250148773193,5.273577928543091,52,-6
0.007616996765136719,6.95786714553833,5.227875947952271,53,-5
0.00616002082824707,6.964027166366577,5.197075843811035,52,-6
0.007846832275390625,6.971873998641968,5.149994850158691,53,-5
0.008289098739624023,6.980163097381592,5.108549356460571,52,-6
0.006350040435791016,6.986513137817383,5.070449113845825,52,-6
0.004598855972290039,6.991111993789673,5.042855978012085,52,-6
0.005247116088867188,6.99635910987854,5.011373281478882,52,-6
0.007586002349853516,7.003945112228394,4.965857267379761,52,-6
0.006685018539428711,7.010630130767822,4.925747156143188,53,-5
0.005820989608764648,7.016451120376587,4.896642208099365,53,-5
0.006527900695800781,7.022979021072388,4.864002704620361,53,-5
0.005063056945800781,7.028042078018188,4.838687419891357,53,-5
0.006124019622802734,7.034166097640991,4.808067321777344,53,-5
0.006571054458618164,7.040737152099609,4.775212049484253,54,-4
0.006578922271728516,7.047316074371338,4.748896360397339,54,-4
0.007209062576293945,7.054525136947632,4.720060110092163,54,-4
0.004405021667480469,7.058930158615112,4.702440023422241,54,-4
0.006829023361206055,7.065759181976318,4.675123929977417,55,-3
0.005338907241821289,7.07109808921814,4.659107208251953,55,-3
0.005465030670166016,7.076563119888306,4.642712116241455,55,-3
0.006669044494628906,7.083232164382935,4.622704982757568,55,-3
0.004898786544799805,7.088130950927734,4.608008623123169,55,-3
0.006878137588500977,7.095009088516235,4.587374210357666,56,-2
0.004410982131958008,7.099420070648193,4.57855224609375,56,-2
0.007319927215576172,7.10673999786377,4.563912391662598,56,-2
0.004353046417236328,7.111093044281006,4.555206298828125,56,-2
0.005903959274291992,7.116997003555298,4.543398380279541,57,-1
0.006132125854492188,7.12312912940979,4.537266254425049,57,-1
0.004832983016967773,7.127962112426758,4.532433271408081,57,-1
0.006595849990844727,7.134557962417603,4.525837421417236,57,-1
0.00737309455871582,7.141931056976318,4.518464326858521,58,0
0.006726980209350586,7.148658037185669,4.518464326858521,58,0
0.006680011749267578,7.155338048934937,4.518464326858521,59,1
0.006088018417358398,7.161426067352295,4.524552345275879,59,1
0.006676912307739258,7.168102979660034,4.531229257583618,60,2
0.008175134658813477,7.176278114318848,4.547579526901245,60,2
0.007945060729980469,7.184223175048828,4.563469648361206,60,2
0.003839969635009766,7.188063144683838,4.571149587631226,60,2
0.00626683235168457,7.194329977035522,4.583683252334595,61,3
0.007503032684326172,7.201833009719849,4.606192350387573,61,3
0.006389141082763672,7.208222150802612,4.625359773635864,62,4
0.00844883918762207,7.216670989990234,4.659155130386353,63,5
0.007256031036376953,7.223927021026611,4.695435285568237,63,5
0.007317066192626953,7.231244087219238,4.732020616531372,64,6
0.006574869155883789,7.237818956375122,4.771469831466675,64,6
0.006378173828125,7.244197130203247,4.809738874435425,64,6
0.006412982940673828,7.250610113143921,4.848216772079468,64,6
0.006057024002075195,7.256667137145996,4.884558916091919,65,7
0.007469892501831055,7.264137029647827,4.936848163604736,65,7
0.007797956466674805,7.271934986114502,4.99143385887146,65,7
0.006280183792114258,7.278215169906616,5.03539514541626,65,7
0.006281852722167969,7.284497022628784,5.079368114471436,66,8
0.006700038909912109,7.291197061538696,5.132968425750732,66,8
0.006720066070556641,7.297917127609253,5.186728954315186,66,8
0.007068872451782227,7.304986000061035,5.243279933929443,66,8
0.006143093109130859,7.311129093170166,5.29242467880249,67,9
0.006046056747436523,7.317175149917603,5.346839189529419,67,9
0.004570960998535156,7.321746110916138,5.387977838516235,68,10
0.005584955215454102,7.327331066131592,5.443827390670776,68,10
0.009936094284057617,7.337267160415649,5.543188333511353,68,10
0.008123874664306641,7.345391035079956,5.624427080154419,68,10
0.003835916519165039,7.349226951599121,5.662786245346069,69,11
0.005194187164306641,7.354421138763428,5.719922304153442,69,11
0.005831003189086914,7.360252141952515,5.784063339233398,69,11
0.006073951721191406,7.366326093673706,5.850876808166504,69,11
0.007037878036499023,7.373363971710205,5.928293466567993,69,11
0.005235195159912109,7.378599166870117,5.985880613327026,69,11
0.00673985481262207,7.385339021682739,6.060019016265869,70,12
0.006039142608642578,7.391378164291382,6.13248872756958,70,12
0.006441831588745117,7.397819995880127,6.209790706634521,70,12
0.006312131881713867,7.404132127761841,6.285536289215088,70,12
0.006517887115478516,7.410650014877319,6.36375093460083,70,12
0.006175994873046875,7.416826009750366,6.437862873077393,70,12
0.004981040954589844,7.421807050704956,6.497635364532471,70,12
0.005167961120605469,7.426975011825562,6.559650897979736,70,12
0.006802082061767578,7.433777093887329,6.641275882720947,70,12
0.005409955978393555,7.439187049865723,6.70619535446167,70,12
0.006895065307617188,7.44608211517334,6.788936138153076,70,12
0.005691051483154297,7.451773166656494,6.857228755950928,70,12
0.006375789642333984,7.458148956298828,6.933738231658936,69,11
0.008256196975708008,7.466405153274536,7.024556398391724,69,11
0.008239984512329102,7.474645137786865,7.115196228027344,69,11
0.006765842437744141,7.481410980224609,7.189620494842529,69,11
0.005820035934448242,7.487231016159058,7.25364089012146,69,11
0.00769495964050293,7.494925975799561,7.338285446166992,68,10
0.006855010986328125,7.501780986785889,7.406835556030273,68,10
0.005521059036254883,7.507302045822144,7.462046146392822,68,10
0.007133007049560547,7.514435052871704,7.533376216888428,67,9
0.007441043853759766,7.521876096725464,7.600345611572266,67,9
0.006088018417358398,7.527964115142822,7.655137777328491,67,9
0.007380008697509766,7.535344123840332,7.721557855606079,67,9
0.006496906280517578,7.54184103012085,7.780030012130737,66,8
0.00416111946105957,7.546002149581909,7.813318967819214,67,9
0.005497932434082031,7.551500082015991,7.862800359725952,67,9
0.007364034652709961,7.558864116668701,7.929076671600342,66,8
0.006547927856445313,7.565412044525146,7.981460094451904,66,8
0.004993915557861328,7.570405960083008,8.021411418914795,66,8
0.006326198577880859,7.576732158660889,8.072021007537842,66,8
0.006744861602783203,7.583477020263672,8.125979900360107,66,8
0.006387948989868164,7.58986496925354,8.177083492279053,66,8
0.005601167678833008,7.595466136932373,8.221892833709717,66,8
0.005554914474487305,7.60102105140686,8.266332149505615,66,8
0.005820989608764648,7.606842041015625,8.312900066375732,65,7
0.007435083389282227,7.614277124404907,8.364945650100708,65,7
0.004482030868530273,7.618759155273438,8.39631986618042,65,7
0.005656957626342773,7.62441611289978,8.435918569564819,65,7
0.005697011947631836,7.630113124847412,8.475797653198242,65,7
0.005705833435058594,7.635818958282471,8.515738487243652,65,7
0.005990028381347656,7.641808986663818,8.557668685913086,64,6
0.00611114501953125,7.64792013168335,8.594335556030273,64,6
0.006639957427978516,7.654560089111328,8.634175300598145,64,6
0.004761934280395508,7.659322023391724,8.662746906280518,64,6
0.005151987075805664,7.664474010467529,8.693658828735352,63,5
0.006242990493774414,7.670717000961304,8.724873781204224,63,5
0.006608963012695313,7.677325963973999,8.7579185962677,63,5
0.007108211517333984,7.684434175491333,8.79345965385437,63,5
0.004709959030151367,7.689144134521484,8.817009449005127,64,6
0.005903005599975586,7.69504714012146,8.85242748260498,64,6
0.005466938018798828,7.700514078140259,8.885229110717773,63,5
0.005986928939819336,7.706501007080078,8.91516375541687,63,5
0.005993127822875977,7.712494134902954,8.94512939453125,63,5
0.005640029907226563,7.718134164810181,8.973329544067383,63,5
0.007108926773071289,7.725243091583252,9.008874177932739,62,4
0.006097078323364258,7.731340169906616,9.033262491226196,62,4
0.009630918502807617,7.740971088409424,9.071786165237427,61,3
0.006326913833618164,7.747298002243042,9.090766906738281,61,3
0.00767207145690918,7.754970073699951,9.113783121109009,60,2
0.00628209114074707,7.761252164840698,9.126347303390503,60,2
0.006583929061889648,7.767836093902588,9.139515161514282,60,2
0.006844997406005859,7.774681091308594,9.153205156326294,60,2
0.003468036651611328,7.778149127960205,9.160141229629517,59,1
0.006050825119018555,7.784199953079224,9.166192054748535,59,1
0.006566047668457031,7.790766000747681,9.172758102416992,58,0
0.005824089050292969,7.796590089797974,9.172758102416992,59,1
0.007202863693237305,7.803792953491211,9.179960966110229,58,0
0.006301164627075195,7.810094118118286,9.179960966110229,58,0
0.0064239501953125,7.816518068313599,9.179960966110229,57,-1
0.008042097091674805,7.824560165405273,9.171918869018555,57,-1
0.003345966339111328,7.827906131744385,9.168572902679443,57,-1
0.006604909896850586,7.834511041641235,9.161967992782593,56,-2
0.007319927215576172,7.841830968856812,9.14732813835144,56,-2
0.005998134613037109,7.847829103469849,9.135331869125366,56,-2
0.008620023727416992,7.856449127197266,9.118091821670532,56,-2
0.003600835800170898,7.860049962997437,9.11089015007019,55,-3
0.005859136581420898,7.865909099578857,9.093312740325928,55,-3
0.008301019668579102,7.874210119247437,9.06840968132019,55,-3
0.005995035171508789,7.880205154418945,9.050424575805664,54,-4
0.006722927093505859,7.886928081512451,9.023532867431641,54,-4
0.007596969604492188,7.894525051116943,8.993144989013672,54,-4
0.007297039031982422,7.901822090148926,8.963956832885742,54,-4
0.004519939422607422,7.906342029571533,8.945877075195313,53,-5
0.005573034286499023,7.911915063858032,8.918011903762817,53,-5
0.005932092666625977,7.917847156524658,8.888351440429688,53,-5
0.006523847579956055,7.924371004104614,8.855732202529907,52,-6
0.00495600700378418,7.929327011108398,8.825996160507202,52,-6
0.005999088287353516,7.935326099395752,8.790001630783081,52,-6
0.01055192947387695,7.945878028869629,8.726690053939819,51,-7
0.005893945693969727,7.951771974563599,8.685432434082031,51,-7
