Ts=calc,Tid=meas,Volum=calc,Lys=meas,Flow=calc
Lys0=81
0.005,0,0,81,0
0.002040863037109375,0.002040863037109375,0,81,0
0.01949000358581543,0.0215308666229248,0,81,0
0.006990909576416016,0.02852177619934082,0,81,0
0.009157180786132813,0.03767895698547363,0,81,0
0.006436824798583984,0.04411578178405762,0,81,0
0.004963159561157227,0.04907894134521484,0,81,0
0.005137920379638672,0.05421686172485352,0,81,0
0.006732940673828125,0.06094980239868164,0,81,0
0.005562067031860352,0.06651186943054199,0,81,0
0.005261898040771484,0.07177376747131348,0,81,0
0.006336212158203125,0.0781099796295166,0,81,0
0.006426811218261719,0.08453679084777832,0,81,0
0.005402088165283203,0.08993887901306152,0,81,0
0.005580902099609375,0.0955197811126709,0,81,0
0.005613088607788086,0.101132869720459,0,81,0
0.005875110626220703,0.1070079803466797,0,81,0
0.006030797958374023,0.1130387783050537,0,81,0
0.005330085754394531,0.1183688640594482,0,81,0
0.006644010543823242,0.1250128746032715,0,81,0
0.007596969604492188,0.1326098442077637,0,81,0
0.006408929824829102,0.1390187740325928,0,81,0
0.006174087524414063,0.1451928615570068,0,81,0
0.005274057388305664,0.1504669189453125,0,81,0
0.005153894424438477,0.155620813369751,0,81,0
0.005686044692993164,0.1613068580627441,0,81,0
0.007014989852905273,0.1683218479156494,0,81,0
0.005707979202270508,0.1740298271179199,0,81,0
0.006571054458618164,0.1806008815765381,0,81,0
0.004651069641113281,0.1852519512176514,0,81,0
0.007012844085693359,0.1922647953033447,0,81,0
0.006368160247802734,0.1986329555511475,0,81,0
0.00630497932434082,0.2049379348754883,0,81,0
0.006834983825683594,0.2117729187011719,0,81,0
0.007621049880981445,0.2193939685821533,0,81,0
0.005827903747558594,0.2252218723297119,0,81,0
0.006304025650024414,0.2315258979797363,0,81,0
0.006484031677246094,0.2380099296569824,0,81,0
0.006331920623779297,0.2443418502807617,0,81,0
0.006978988647460938,0.2513208389282227,0,81,0
0.003914117813110352,0.255234956741333,0,81,0
0.007413864135742188,0.2626488208770752,0,81,0
0.005273103713989258,0.2679219245910645,0,81,0
0.006056070327758789,0.2739779949188232,0,81,0
0.005499839782714844,0.2794778347015381,0,81,0
0.00740504264831543,0.2868828773498535,0,81,0
0.006644964218139648,0.2935278415679932,0,81,0
0.006919145584106445,0.3004469871520996,0,81,0
0.004570960998535156,0.3050179481506348,0,81,0
0.006023883819580078,0.3110418319702148,0,81,0
0.00545501708984375,0.3164968490600586,0,81,0
0.007324934005737305,0.3238217830657959,0,81,0
0.007472038269042969,0.3312938213348389,0,81,0
0.00601506233215332,0.3373088836669922,0,81,0
0.006392955780029297,0.3437018394470215,0,81,0
0.004819154739379883,0.3485209941864014,0,81,0
0.005643844604492188,0.3541648387908936,0,81,0
0.006842136383056641,0.3610069751739502,0,81,0
0.005450010299682617,0.3664569854736328,0,81,0
0.005508899688720703,0.3719658851623535,0,81,0
0.006300926208496094,0.3782668113708496,0,81,0
0.006334066390991211,0.3846008777618408,0,81,0
0.007215023040771484,0.3918159008026123,0,81,0
0.004582881927490234,0.3963987827301025,0,81,0
0.00649714469909668,0.4028959274291992,0,81,0
0.005099058151245117,0.4079949855804443,0,81,0
0.006563901901245117,0.4145588874816895,0,81,0
0.008574008941650391,0.4231328964233398,0.008574008941650391,82,1
0.006232023239135742,0.4293649196624756,0.008574008941650391,81,0
0.00615692138671875,0.4355218410491943,0.008574008941650391,81,0
0.009038925170898438,0.4445607662200928,0.01761293411254883,82,1
0.008650064468383789,0.4532108306884766,0.02626299858093262,82,1
0.00608515739440918,0.4592959880828857,0.02626299858093262,81,0
0.005953788757324219,0.46524977684021,0.02626299858093262,81,0
0.007902145385742188,0.4731519222259521,0.0341651439666748,82,1
0.004621982574462891,0.477773904800415,0.0341651439666748,81,0
0.005949020385742188,0.4837229251861572,0.04011416435241699,82,1
0.005619049072265625,0.4893419742584229,0.04011416435241699,81,0
0.006139993667602539,0.4954819679260254,0.04011416435241699,81,0
0.006950855255126953,0.5024328231811523,0.04706501960754395,82,1
0.01644706726074219,0.5188798904418945,0.04706501960754395,81,0
0.009021997451782227,0.5279018878936768,0.04706501960754395,81,0
0.007059097290039063,0.5349609851837158,0.04706501960754395,81,0
0.006779909133911133,0.541740894317627,0.05384492874145508,82,1
0.004864931106567383,0.5466058254241943,0.05384492874145508,81,0
0.009413003921508789,0.5560188293457031,0.05384492874145508,81,0
0.007467031478881836,0.563485860824585,0.05384492874145508,81,0
0.004667043685913086,0.568152904510498,0.05384492874145508,81,0
0.006331920623779297,0.5744848251342773,0.05384492874145508,81,0
0.008137941360473633,0.582622766494751,0.05384492874145508,81,0
0.006293058395385742,0.5889158248901367,0.05384492874145508,81,0
0.006678104400634766,0.5955939292907715,0.05384492874145508,81,0
0.004842042922973633,0.6004359722137451,0.05384492874145508,81,0
0.004786968231201172,0.6052229404449463,0.05384492874145508,81,0
0.007034063339233398,0.6122570037841797,0.06087899208068848,82,1
0.005253791809082031,0.6175107955932617,0.06087899208068848,81,0
0.006005048751831055,0.6235158443450928,0.06087899208068848,81,0
0.007668972015380859,0.6311848163604736,0.06087899208068848,81,0
0.006121158599853516,0.6373059749603271,0.06087899208068848,81,0
0.006744861602783203,0.6440508365631104,0.06087899208068848,81,0
0.004258155822753906,0.6483089923858643,0.06087899208068848,81,0
0.005567789077758789,0.653876781463623,0.06087899208068848,81,0
0.006681203842163086,0.6605579853057861,0.06087899208068848,81,0
0.005462884902954102,0.6660208702087402,0.06634187698364258,82,1
0.006990909576416016,0.6730117797851563,0.07333278656005859,82,1
0.008009195327758789,0.681020975112915,0.07333278656005859,81,0
0.006531000137329102,0.6875519752502441,0.07333278656005859,81,0
0.00638580322265625,0.6939377784729004,0.07333278656005859,81,0
0.0106961727142334,0.7046339511871338,0.08402895927429199,82,1
0.009274005889892578,0.7139079570770264,0.09330296516418457,82,1
0.006043910980224609,0.719951868057251,0.09330296516418457,81,0
0.005507946014404297,0.7254598140716553,0.09330296516418457,81,0
0.007577180862426758,0.733036994934082,0.1008801460266113,82,1
0.006392002105712891,0.7394289970397949,0.1072721481323242,82,1
0.006829977035522461,0.7462589740753174,0.1072721481323242,81,0
0.006695985794067383,0.7529549598693848,0.1139681339263916,82,1
0.006218910217285156,0.7591738700866699,0.1139681339263916,81,0
0.006460905075073242,0.7656347751617432,0.1139681339263916,81,0
0.008545160293579102,0.7741799354553223,0.1225132942199707,82,1
0.003581047058105469,0.7777609825134277,0.1260943412780762,82,1
0.005903005599975586,0.7836639881134033,0.1260943412780762,81,0
0.005554914474487305,0.7892189025878906,0.1260943412780762,81,0
0.007783889770507813,0.7970027923583984,0.1260943412780762,81,0
0.006414175033569336,0.8034169673919678,0.1325085163116455,82,1
0.008170843124389648,0.8115878105163574,0.1406793594360352,82,1
0.006245136260986328,0.8178329467773438,0.1469244956970215,82,1
0.006778955459594727,0.8246119022369385,0.1537034511566162,82,1
0.007237911224365234,0.8318498134613037,0.1609413623809814,82,1
0.009273052215576172,0.8411228656768799,0.1609413623809814,81,0
0.006079912185668945,0.8472027778625488,0.1609413623809814,81,0
0.006143093109130859,0.8533458709716797,0.1670844554901123,82,1
0.008341073989868164,0.8616869449615479,0.1754255294799805,82,1
0.006683826446533203,0.8683707714080811,0.1821093559265137,82,1
0.006224155426025391,0.8745949268341064,0.1883335113525391,82,1
0.007111072540283203,0.8817059993743896,0.1954445838928223,82,1
0.004332780838012695,0.8860387802124023,0.199777364730835,82,1
0.005814075469970703,0.891852855682373,0.2055914402008057,82,1
0.005942106246948242,0.8977949619293213,0.2115335464477539,82,1
0.005486965179443359,0.9032819271087646,0.2170205116271973,82,1
0.007848978042602539,0.9111309051513672,0.2248694896697998,82,1
0.006701946258544922,0.9178328514099121,0.2315714359283447,82,1
0.007281064987182617,0.9251139163970947,0.2388525009155273,82,1
0.00718998908996582,0.9323039054870605,0.2460424900054932,82,1
0.005825996398925781,0.9381299018859863,0.2460424900054932,81,0
0.004875898361206055,0.9430058002471924,0.2509183883666992,82,1
0.005151033401489258,0.9481568336486816,0.2560694217681885,82,1
0.005980014801025391,0.954136848449707,0.2620494365692139,82,1
0.006025075912475586,0.9601619243621826,0.2620494365692139,81,0
0.006201982498168945,0.9663639068603516,0.2620494365692139,81,0
0.006659984588623047,0.9730238914489746,0.2687094211578369,82,1
0.007539033889770508,0.9805629253387451,0.2762484550476074,82,1
0.006727933883666992,0.9872908592224121,0.2829763889312744,82,1
0.0040130615234375,0.9913039207458496,0.2829763889312744,81,0
0.005892038345336914,0.9971959590911865,0.2829763889312744,81,0
0.005317926406860352,1.002513885498047,0.2882943153381348,82,1
0.008100986480712891,1.01061487197876,0.2882943153381348,81,0
0.00640106201171875,1.017015933990479,0.2882943153381348,81,0
0.006614923477172852,1.023630857467651,0.2949092388153076,82,1
0.004527091979980469,1.028157949447632,0.2949092388153076,81,0
0.005667924880981445,1.033825874328613,0.2949092388153076,81,0
0.005651950836181641,1.039477825164795,0.2949092388153076,81,0
0.006597995758056641,1.046075820922852,0.2949092388153076,81,0
0.007078170776367188,1.053153991699219,0.2949092388153076,81,0
0.00627589225769043,1.059429883956909,0.2949092388153076,81,0
0.006289005279541016,1.06571888923645,0.2949092388153076,81,0
0.006691932678222656,1.072410821914673,0.2949092388153076,81,0
0.005563974380493164,1.077974796295166,0.2949092388153076,81,0
0.004647970199584961,1.082622766494751,0.2949092388153076,81,0
0.005186080932617188,1.087808847427368,0.2949092388153076,81,0
0.006179094314575195,1.093987941741943,0.2949092388153076,81,0
0.009037017822265625,1.103024959564209,0.2949092388153076,81,0
0.005843877792358398,1.108868837356567,0.2949092388153076,81,0
0.005296945571899414,1.114165782928467,0.2949092388153076,81,0
0.006749153137207031,1.120914936065674,0.2949092388153076,81,0
0.005597829818725586,1.126512765884399,0.2949092388153076,81,0
0.005920171737670898,1.13243293762207,0.2949092388153076,81,0
0.00698089599609375,1.139413833618164,0.2949092388153076,81,0
0.006142139434814453,1.145555973052979,0.2949092388153076,81,0
0.005430936813354492,1.150986909866333,0.2949092388153076,81,0
0.00590205192565918,1.156888961791992,0.2949092388153076,81,0
0.005527973175048828,1.162416934967041,0.2949092388153076,81,0
0.005472898483276367,1.167889833450317,0.2949092388153076,81,0
0.005903005599975586,1.173792839050293,0.2949092388153076,81,0
0.00619196891784668,1.17998480796814,0.2949092388153076,81,0
0.005372047424316406,1.185356855392456,0.2949092388153076,81,0
0.006595134735107422,1.191951990127563,0.2949092388153076,81,0
0.006078958511352539,1.198030948638916,0.2949092388153076,81,0
0.006935834884643555,1.20496678352356,0.2949092388153076,81,0
0.007034063339233398,1.212000846862793,0.2949092388153076,81,0
0.00385594367980957,1.215856790542603,0.2949092388153076,81,0
0.005887985229492188,1.221744775772095,0.2949092388153076,81,0
0.005896091461181641,1.227640867233276,0.2949092388153076,81,0
0.005803108215332031,1.233443975448608,0.2949092388153076,81,0
0.006075859069824219,1.239519834518433,0.2949092388153076,81,0
0.006807088851928711,1.246326923370361,0.2949092388153076,81,0
0.008955001831054688,1.255281925201416,0.2859542369842529,80,-1
0.006463050842285156,1.261744976043701,0.2794911861419678,80,-1
0.006764888763427734,1.268509864807129,0.27272629737854,80,-1
0.006119966506958008,1.274629831314087,0.266606330871582,80,-1
0.007158041000366211,1.281787872314453,0.2594482898712158,80,-1
0.005211114883422852,1.286998987197876,0.254237174987793,80,-1
0.006035804748535156,1.293034791946411,0.2482013702392578,80,-1
0.005324125289916992,1.298358917236328,0.2428772449493408,80,-1
0.005604028701782227,1.30396294593811,0.2372732162475586,80,-1
0.007483959197998047,1.311446905136108,0.2223052978515625,79,-2
0.005565881729125977,1.317012786865234,0.2111735343933105,79,-2
0.006330013275146484,1.323342800140381,0.1985135078430176,79,-2
0.005773067474365234,1.329115867614746,0.1869673728942871,79,-2
0.006889104843139648,1.336004972457886,0.1731891632080078,79,-2
0.006933927536010742,1.342938899993896,0.1593213081359863,79,-2
0.006165981292724609,1.349104881286621,0.1469893455505371,79,-2
0.007302999496459961,1.356407880783081,0.1323833465576172,79,-2
0.00689697265625,1.363304853439331,0.1185894012451172,79,-2
0.005891084671020508,1.369195938110352,0.1009161472320557,78,-3
0.006500959396362305,1.375696897506714,0.08141326904296875,78,-3
0.007380962371826172,1.38307785987854,0.05927038192749023,78,-3
0.005036115646362305,1.388113975524902,0.04416203498840332,78,-3
0.004300832748413086,1.392414808273315,0.03125953674316406,78,-3
0.005325078964233398,1.397739887237549,0.01528429985046387,78,-3
0.005903959274291992,1.403643846511841,-0.008331537246704102,77,-4
0.006950139999389648,1.41059398651123,-0.0361320972442627,77,-4
0.005812883377075195,1.416406869888306,-0.05357074737548828,78,-3
0.005985021591186523,1.422391891479492,-0.07751083374023438,77,-4
0.006572961807250977,1.428964853286743,-0.1038026809692383,77,-4
0.004713058471679688,1.433677911758423,-0.122654914855957,77,-4
0.005532026290893555,1.439209938049316,-0.1447830200195313,77,-4
0.005877971649169922,1.445087909698486,-0.1682949066162109,77,-4
0.006365060806274414,1.451452970504761,-0.1937551498413086,77,-4
0.00686192512512207,1.458314895629883,-0.2212028503417969,77,-4
0.005897998809814453,1.464212894439697,-0.2447948455810547,77,-4
0.007802009582519531,1.472014904022217,-0.2838048934936523,76,-5
0.007096052169799805,1.479110956192017,-0.3192851543426514,76,-5
0.006251811981201172,1.485362768173218,-0.3505442142486572,76,-5
0.006499052047729492,1.491861820220947,-0.3830394744873047,76,-5
0.006250143051147461,1.498111963272095,-0.414290189743042,76,-5
0.006853818893432617,1.504965782165527,-0.4485592842102051,76,-5
0.007007122039794922,1.511972904205322,-0.4835948944091797,76,-5
0.009368896484375,1.521341800689697,-0.5304393768310547,76,-5
0.002394199371337891,1.523736000061035,-0.5424103736877441,76,-5
0.00552678108215332,1.529262781143188,-0.5700442790985107,76,-5
0.006808042526245117,1.536070823669434,-0.6040844917297363,76,-5
0.00763702392578125,1.543707847595215,-0.6422696113586426,76,-5
0.008054018020629883,1.551761865615845,-0.682539701461792,76,-5
0.008135080337524414,1.559896945953369,-0.7313501834869385,75,-6
0.005473852157592773,1.565370798110962,-0.7641932964324951,75,-6
0.005203008651733398,1.570573806762695,-0.7954113483428955,75,-6
0.004920005798339844,1.575493812561035,-0.8249313831329346,75,-6
0.005949974060058594,1.581443786621094,-0.8606312274932861,75,-6
0.006058216094970703,1.587502002716064,-0.8969805240631104,75,-6
0.005626916885375977,1.59312891960144,-0.9307420253753662,75,-6
0.005980014801025391,1.599108934402466,-0.9666221141815186,75,-6
0.008118867874145508,1.607227802276611,-1.015335321426392,75,-6
0.006385087966918945,1.61361289024353,-1.053645849227905,75,-6
0.003663063049316406,1.617275953292847,-1.07928729057312,74,-7
0.005385875701904297,1.622661828994751,-1.11698842048645,74,-7
0.005305051803588867,1.62796688079834,-1.154123783111572,74,-7
0.005927085876464844,1.633893966674805,-1.195613384246826,74,-7
0.006584882736206055,1.640478849411011,-1.241707563400269,74,-7
0.004768133163452148,1.645246982574463,-1.275084495544434,74,-7
0.006749868392944336,1.651996850967407,-1.322333574295044,74,-7
0.006479024887084961,1.658475875854492,-1.374165773391724,73,-8
0.005806922912597656,1.66428279876709,-1.420621156692505,73,-8
0.007294178009033203,1.671576976776123,-1.478974580764771,73,-8
0.003757953643798828,1.675334930419922,-1.509038209915161,73,-8
0.005656957626342773,1.680991888046265,-1.554293870925903,73,-8
0.005069971084594727,1.686061859130859,-1.594853639602661,73,-8
0.005785942077636719,1.691847801208496,-1.641141176223755,73,-8
0.006079196929931641,1.697926998138428,-1.689774751663208,73,-8
0.007281780242919922,1.705208778381348,-1.755310773849487,72,-9
0.006750106811523438,1.711958885192871,-1.816061735153198,72,-9
0.006953954696655273,1.718912839889526,-1.878647327423096,72,-9
0.006176948547363281,1.72508978843689,-1.934239864349365,72,-9
0.006661176681518555,1.731750965118408,-1.994190454483032,72,-9
0.006801843643188477,1.738552808761597,-2.062208890914917,71,-10
0.005556106567382813,1.744108915328979,-2.117769956588745,71,-10
0.007008075714111328,1.751116991043091,-2.187850713729858,71,-10
0.008153915405273438,1.759270906448364,-2.269389867782593,71,-10
0.008394002914428711,1.767664909362793,-2.35332989692688,71,-10
0.004739046096801758,1.772403955459595,-2.400720357894897,71,-10
0.004252910614013672,1.776656866073608,-2.443249464035034,71,-10
0.005999088287353516,1.782655954360962,-2.503240346908569,71,-10
0.005703926086425781,1.788359880447388,-2.565983533859253,70,-11
0.005433082580566406,1.793792963027954,-2.625747442245483,70,-11
0.006860017776489258,1.800652980804443,-2.701207637786865,70,-11
0.005460977554321289,1.806113958358765,-2.761278390884399,70,-11
0.00556182861328125,1.811675786972046,-2.822458505630493,70,-11
0.006338119506835938,1.818013906478882,-2.892177820205688,70,-11
0.006218910217285156,1.824232816696167,-2.960585832595825,70,-11
0.007155179977416992,1.831387996673584,-3.046447992324829,69,-12
0.003271818161010742,1.834659814834595,-3.085709810256958,69,-12
0.006446123123168945,1.841105937957764,-3.163063287734985,69,-12
0.005101919174194336,1.846207857131958,-3.224286317825317,69,-12
0.005598068237304688,1.851805925369263,-3.291463136672974,69,-12
0.006111860275268555,1.857917785644531,-3.370917320251465,68,-13
0.00667119026184082,1.864588975906372,-3.457642793655396,68,-13
0.008519887924194336,1.873108863830566,-3.568401336669922,68,-13
0.00639796257019043,1.879506826400757,-3.651574850082397,68,-13
0.004349946975708008,1.883856773376465,-3.708124160766602,68,-13
0.006660223007202148,1.890516996383667,-3.801367282867432,67,-14
0.004734992980957031,1.895251989364624,-3.86765718460083,67,-14
0.006544828414916992,1.901796817779541,-3.959284782409668,67,-14
0.007218122482299805,1.909014940261841,-4.067556619644165,66,-15
0.004667043685913086,1.913681983947754,-4.137562274932861,66,-15
0.005669832229614258,1.919351816177368,-4.222609758377075,66,-15
0.005776166915893555,1.925127983093262,-4.309252262115479,66,-15
0.007962942123413086,1.933090925216675,-4.428696393966675,66,-15
0.006227970123291016,1.939318895339966,-4.528343915939331,65,-16
0.006017923355102539,1.945336818695068,-4.624630689620972,65,-16
0.006318092346191406,1.95165491104126,-4.725720167160034,65,-16
0.004610061645507813,1.956264972686768,-4.804091215133667,64,-17
0.007782936096191406,1.964047908782959,-4.936401128768921,64,-17
0.004281044006347656,1.968328952789307,-5.009178876876831,64,-17
0.006027936935424805,1.974356889724731,-5.117681741714478,63,-18
0.006228923797607422,1.980585813522339,-5.229802370071411,63,-18
0.004855155944824219,1.985440969467163,-5.317195177078247,63,-18
0.006505966186523438,1.991946935653687,-5.434302568435669,63,-18
0.006042957305908203,1.997989892959595,-5.549118757247925,62,-19
0.006334066390991211,2.004323959350586,-5.669466018676758,62,-19
0.006944894790649414,2.011268854141235,-5.801419019699097,62,-19
0.00368499755859375,2.014953851699829,-5.871433973312378,62,-19
0.006175994873046875,2.021129846572876,-5.988777875900269,62,-19
0.006403923034667969,2.027533769607544,-6.116856336593628,61,-20
0.005712032318115234,2.033245801925659,-6.231096982955933,61,-20
0.006223201751708984,2.039469003677368,-6.361784219741821,60,-21
0.005811929702758789,2.045280933380127,-6.483834743499756,60,-21
0.006518840789794922,2.051799774169922,-6.620730400085449,60,-21
0.006306171417236328,2.058105945587158,-6.753159999847412,60,-21
0.00577998161315918,2.063885927200317,-6.874539613723755,60,-21
0.007082939147949219,2.070968866348267,-7.030364274978638,59,-22
0.004723072052001953,2.075691938400269,-7.134271860122681,59,-22
0.005846023559570313,2.081537961959839,-7.262884378433228,59,-22
0.006002902984619141,2.087540864944458,-7.394948244094849,59,-22
0.005639076232910156,2.093179941177368,-7.524646997451782,58,-23
0.006122827529907227,2.099302768707275,-7.665472030639648,58,-23
0.006353139877319336,2.105655908584595,-7.811594247817993,58,-23
0.007000923156738281,2.112656831741333,-7.979616403579712,57,-24
0.005921125411987305,2.11857795715332,-8.121723413467407,57,-24
0.005475044250488281,2.124053001403809,-8.253124475479126,57,-24
0.004227876663208008,2.128280878067017,-8.354593515396118,57,-24
0.005674123764038086,2.133955001831055,-8.490772485733032,57,-24
0.007574796676635742,2.14152979850769,-8.67256760597229,57,-24
0.006119012832641602,2.147648811340332,-8.819423913955688,57,-24
0.00557398796081543,2.153222799301147,-8.958773612976074,56,-25
0.005828142166137695,2.159050941467285,-9.104477167129517,56,-25
0.006819963455200195,2.165870904922485,-9.274976253509521,56,-25
0.007051944732666016,2.172922849655151,-9.458326816558838,55,-26
0.00643610954284668,2.179358959197998,-9.625665664672852,55,-26
0.006645917892456055,2.186004877090454,-9.798459529876709,55,-26
0.007108926773071289,2.193113803863525,-9.983291625976563,55,-26
0.006359100341796875,2.199472904205322,-10.14862823486328,55,-26
0.004513025283813477,2.203985929489136,-10.27047991752625,54,-27
0.007519960403442383,2.211505889892578,-10.47351884841919,54,-27
0.006062984466552734,2.217568874359131,-10.63721942901611,54,-27
0.00568699836730957,2.22325587272644,-10.79076838493347,54,-27
0.005925893783569336,2.22918176651001,-10.95669341087341,53,-28
0.006925106048583984,2.236106872558594,-11.15059638023377,53,-28
0.005032062530517578,2.241138935089111,-11.29149413108826,53,-28
0.006908893585205078,2.248047828674316,-11.49185204505921,52,-29
0.005047082901000977,2.253094911575317,-11.63821744918823,52,-29
0.005074024200439453,2.258168935775757,-11.78536415100098,52,-29
0.0056610107421875,2.263829946517944,-11.94953346252442,52,-29
0.00671696662902832,2.270546913146973,-12.15104246139527,51,-30
0.005785942077636719,2.276332855224609,-12.32462072372437,51,-30
0.006953954696655273,2.283286809921265,-12.53323936462402,51,-30
0.005836009979248047,2.289122819900513,-12.70831966400147,51,-30
0.007189035415649414,2.296311855316162,-12.9311797618866,50,-31
0.006618022918701172,2.302929878234863,-13.13633847236633,50,-31
0.01006412506103516,2.312994003295898,-13.44832634925842,50,-31
0.006223917007446289,2.319217920303345,-13.6474916934967,49,-32
0.006769895553588867,2.325987815856934,-13.86412835121155,49,-32
0.007245063781738281,2.333232879638672,-14.09597039222717,49,-32
0.006154060363769531,2.339386940002441,-14.2929003238678,49,-32
0.00584101676940918,2.345227956771851,-14.47981286048889,49,-32
0.006291866302490234,2.351519823074341,-14.68744444847107,48,-33
0.006443023681640625,2.357962846755981,-14.90006422996521,48,-33
0.006530046463012695,2.364492893218994,-15.11555576324463,48,-33
0.00737309455871582,2.37186598777771,-15.35886788368225,48,-33
0.006728887557983398,2.378594875335693,-15.58765006065369,47,-34
0.005399942398071289,2.383994817733765,-15.77124810218811,47,-34
0.005134105682373047,2.389128923416138,-15.94580769538879,47,-34
0.005357980728149414,2.394486904144287,-16.12797904014587,47,-34
0.006556987762451172,2.401043891906738,-16.35091662406921,47,-34
0.004935979843139648,2.405979871749878,-16.51873993873596,47,-34
0.00716710090637207,2.41314697265625,-16.76958847045898,46,-35
0.006188869476318359,2.419335842132568,-16.98619890213013,46,-35
0.006430149078369141,2.425765991210938,-17.21125411987305,46,-35
0.006558895111083984,2.432324886322021,-17.44081544876099,46,-35
0.006179094314575195,2.438503980636597,-17.66326284408569,45,-36
0.006006002426147461,2.444509983062744,-17.879478931427,45,-36
0.007349014282226563,2.451858997344971,-18.14404344558716,45,-36
0.006538867950439453,2.45839786529541,-18.37944269180298,45,-36
0.005782127380371094,2.464179992675781,-18.58759927749634,45,-36
0.004951953887939453,2.469131946563721,-18.76586961746216,45,-36
0.005255937576293945,2.474387884140015,-18.95508337020874,45,-36
0.006624937057495117,2.48101282119751,-19.20020604133606,44,-37
0.006229162216186523,2.487241983413696,-19.43068504333496,44,-37
0.006721973419189453,2.493963956832886,-19.67939805984497,44,-37
0.00468897819519043,2.498652935028076,-19.85289025306702,44,-37
0.00568389892578125,2.504336833953857,-20.06319451332093,44,-37
0.006323099136352539,2.51065993309021,-20.29714918136597,44,-37
0.00627899169921875,2.516938924789429,-20.53575086593628,43,-38
0.006566047668457031,2.523504972457886,-20.78526067733765,43,-38
0.01294779777526855,2.536452770233154,-21.27727699279785,43,-38
0.006617069244384766,2.543069839477539,-21.52872562408447,43,-38
0.006045103073120117,2.549114942550659,-21.75843954086304,43,-38
0.007146835327148438,2.556261777877808,-22.03001928329468,43,-38
0.007845163345336914,2.564106941223145,-22.33598065376282,42,-39
0.007927894592285156,2.57203483581543,-22.64516854286194,42,-39
0.006585121154785156,2.578619956970215,-22.90198826789856,42,-39
0.004802942276000977,2.583422899246216,-23.0893030166626,42,-39
0.005786895751953125,2.589209794998169,-23.31499195098877,42,-39
0.00594019889831543,2.595149993896484,-23.54665970802307,42,-39
0.007243871688842773,2.602393865585327,-23.83641457557678,41,-40
0.005728960037231445,2.608122825622559,-24.06557297706604,41,-40
0.006356954574584961,2.614479780197144,-24.31985116004944,41,-40
0.007294178009033203,2.621773958206177,-24.61161828041077,41,-40
0.007236957550048828,2.629010915756226,-24.90109658241272,41,-40
0.00706791877746582,2.636078834533691,-25.18381333351135,41,-40
0.005908966064453125,2.641987800598145,-25.42608094215393,40,-41
0.005206108093261719,2.647193908691406,-25.63953137397766,40,-41
0.006088972091674805,2.653282880783081,-25.88917922973633,40,-41
0.007193088531494141,2.660475969314575,-26.18409585952759,40,-41
0.005092859268188477,2.665568828582764,-26.39290308952332,40,-41
0.005877971649169922,2.671446800231934,-26.63389992713928,40,-41
0.005998134613037109,2.677444934844971,-26.88582158088684,39,-42
0.006137847900390625,2.683582782745361,-27.14361119270325,39,-42
0.005800008773803711,2.689382791519165,-27.38721156120301,39,-42
0.005705118179321289,2.695087909698486,-27.6268265247345,39,-42
0.006614923477172852,2.701702833175659,-27.90465331077576,39,-42
0.01168107986450195,2.713383913040161,-28.39525866508484,39,-42
0.007902860641479492,2.721286773681641,-28.72717881202698,39,-42
0.005124092102050781,2.726410865783691,-28.94751477241516,38,-43
0.006045103073120117,2.732455968856812,-29.20745420455933,38,-43
0.005539894104003906,2.737995862960815,-29.44566965103149,38,-43
0.004509925842285156,2.742505788803101,-29.63959646224976,38,-43
0.005439996719360352,2.747945785522461,-29.87351632118225,38,-43
0.006453037261962891,2.754398822784424,-30.15744996070862,37,-44
0.006193161010742188,2.760591983795166,-30.42994904518128,37,-44
0.004536867141723633,2.76512885093689,-30.62957119941712,37,-44
0.006660938262939453,2.771789789199829,-30.92265248298645,37,-44
0.006507158279418945,2.778296947479248,-31.20896744728089,37,-44
0.005878925323486328,2.784175872802734,-31.46764016151428,37,-44
0.006814002990722656,2.790989875793457,-31.7742702960968,36,-45
0.006505966186523438,2.79749584197998,-32.06703877449036,36,-45
0.005013942718505859,2.802509784698486,-32.29768013954163,35,-46
0.005077123641967773,2.807586908340454,-32.53122782707214,35,-46
0.005632877349853516,2.813219785690308,-32.79034018516541,35,-46
0.006250143051147461,2.819469928741455,-33.07784676551819,35,-46
0.006295919418334961,2.82576584815979,-33.3674590587616,35,-46
0.006197929382324219,2.831963777542114,-33.65256381034851,35,-46
0.005144119262695313,2.83710789680481,-33.8891932964325,35,-46
0.006306886672973633,2.843414783477783,-34.18561697006226,34,-47
0.005057096481323242,2.848471879959106,-34.42330050468445,34,-47
0.006609916687011719,2.855081796646118,-34.733966588974,34,-47
0.009081125259399414,2.864162921905518,-35.16986060142517,33,-48
0.007591009140014648,2.871753931045532,-35.53422904014587,33,-48
0.003946065902709961,2.875699996948242,-35.72758626937866,32,-49
0.005542993545532227,2.881242990493774,-35.99919295310974,32,-49
0.006469964981079102,2.887712955474854,-36.31622123718262,32,-49
0.005445957183837891,2.893158912658691,-36.58307313919067,32,-49
0.005368947982788086,2.898527860641479,-36.84615159034729,32,-49
0.006057977676391602,2.904585838317871,-37.14299249649048,32,-49
0.009159088134765625,2.913744926452637,-37.60094690322876,31,-50
0.007780075073242188,2.921525001525879,-37.98995065689087,31,-50
0.006058931350708008,2.927583932876587,-38.29289722442627,31,-50
0.005822896957397461,2.933406829833984,-38.58404207229615,31,-50
0.006061077117919922,2.939467906951904,-38.88709592819214,31,-50
0.005739927291870117,2.945207834243774,-39.17409229278565,31,-50
0.007146120071411133,2.952353954315186,-39.5313982963562,31,-50
0.006152868270874023,2.95850682258606,-39.83904170989991,31,-50
0.005860090255737305,2.964366912841797,-40.13204622268677,31,-50
0.007575035095214844,2.971941947937012,-40.51079797744751,31,-50
0.00618290901184082,2.978124856948853,-40.81994342803955,31,-50
0.006817102432250977,2.984941959381104,-41.16761565208435,30,-51
0.006151914596557617,2.991093873977661,-41.48136329650879,30,-51
0.004213094711303711,2.995306968688965,-41.69623112678528,30,-51
0.005977869033813477,3.001284837722778,-42.00110244750976,30,-51
0.005741119384765625,3.007025957107544,-42.29389953613281,30,-51
0.005342960357666016,3.01236891746521,-42.56639051437378,30,-51
0.006207942962646484,3.018576860427856,-42.88299560546875,30,-51
0.005463123321533203,3.02403998374939,-43.16707801818848,29,-52
0.005498886108398438,3.029538869857788,-43.4530200958252,29,-52
0.005966901779174805,3.035505771636963,-43.76329898834229,29,-52
0.005880117416381836,3.041385889053345,-44.06906509399414,29,-52
0.006341934204101563,3.047727823257446,-44.39884567260743,29,-52
0.007811069488525391,3.055538892745972,-44.80502128601074,29,-52
0.005695104598999023,3.061233997344971,-45.1011667251587,29,-52
0.006146907806396484,3.067380905151367,-45.42080593109131,29,-52
0.005861043930053711,3.073241949081421,-45.72558021545411,29,-52
0.008055925369262695,3.081297874450684,-46.14448833465576,29,-52
0.004835128784179688,3.086133003234863,-46.40075016021728,28,-53
0.006347894668579102,3.092480897903442,-46.73718857765198,28,-53
0.004932880401611328,3.097413778305054,-46.99369835853576,29,-52
0.007142066955566406,3.10455584526062,-47.37222790718079,28,-53
0.01153206825256348,3.116087913513184,-47.98342752456665,28,-53
0.006226062774658203,3.122313976287842,-48.31340885162354,28,-53
0.006628990173339844,3.128942966461182,-48.66474533081055,28,-53
0.006318807601928711,3.13526177406311,-48.99964213371277,28,-53
0.006534099578857422,3.141795873641968,-49.35248351097107,27,-54
0.007146120071411133,3.148941993713379,-49.73837399482727,27,-54
0.006608963012695313,3.155550956726074,-50.09525799751282,27,-54
0.00647282600402832,3.162023782730103,-50.44479060173035,27,-54
0.006863117218017578,3.16888689994812,-50.8153989315033,27,-54
0.005500078201293945,3.174386978149414,-51.11240315437318,27,-54
0.007321834564208984,3.181708812713623,-51.50778222084046,27,-54
0.007271051406860352,3.188979864120483,-51.90041899681091,27,-54
0.006720066070556641,3.19569993019104,-52.26330256462098,27,-54
0.005950927734375,3.201650857925415,-52.58465266227723,27,-54
0.006397008895874023,3.208047866821289,-52.93009114265442,27,-54
0.006263017654418945,3.214310884475708,-53.26829409599305,27,-54
0.007426977157592773,3.221737861633301,-53.66935086250305,27,-54
0.009400129318237305,3.231137990951538,-54.17695784568787,27,-54
0.00668787956237793,3.237825870513916,-54.54479122161866,26,-55
0.006614923477172852,3.244440793991089,-54.90199708938599,27,-54
0.009160041809082031,3.253600835800171,-55.4057993888855,26,-55
0.008213043212890625,3.261813879013062,-55.85751676559449,26,-55
0.006738901138305664,3.268552780151367,-56.2281563282013,26,-55
0.006962060928344727,3.275514841079712,-56.60410761833191,27,-54
0.003587007522583008,3.279101848602295,-56.80139303207397,26,-55
0.005155086517333984,3.284256935119629,-57.08492279052734,26,-55
0.006403923034667969,3.290660858154297,-57.43713855743408,26,-55
0.004838943481445313,3.295499801635742,-57.70328044891357,26,-55
0.006227016448974609,3.301726818084717,-58.04576635360718,26,-55
0.007313966751098633,3.309040784835815,-58.4480345249176,26,-55
0.007383108139038086,3.316423892974854,-58.8541054725647,26,-55
0.006890058517456055,3.32331395149231,-59.23305869102478,26,-55
0.005849838256835938,3.329163789749146,-59.55479979515076,26,-55
0.006844043731689453,3.336007833480835,-59.93122220039368,26,-55
0.007053136825561523,3.343060970306396,-60.31914472579956,26,-55
0.00503087043762207,3.348091840744019,-60.59584259986877,26,-55
0.005955934524536133,3.354047775268555,-60.92341899871826,26,-55
0.005349159240722656,3.359396934509277,-61.21762275695801,26,-55
0.005897045135498047,3.365293979644775,-61.5419602394104,26,-55
0.007613897323608398,3.372907876968384,-61.96072459220886,26,-55
0.006370067596435547,3.379277944564819,-62.31107831001282,26,-55
0.006186008453369141,3.385463953018188,-62.65749478340149,25,-56
0.005555868148803711,3.391019821166992,-62.9686233997345,25,-56
0.004682064056396484,3.395701885223389,-63.23081898689271,25,-56
0.006145000457763672,3.401846885681152,-63.57493901252747,25,-56
0.006134986877441406,3.407981872558594,-63.91849827766419,25,-56
0.006244897842407227,3.414226770401001,-64.26821255683899,25,-56
0.00670313835144043,3.420929908752441,-64.64358830451966,25,-56
0.004417896270751953,3.425347805023193,-64.89099049568177,25,-56
0.006163120269775391,3.431510925292969,-65.23612523078919,25,-56
0.006459951400756836,3.437970876693726,-65.59788250923157,25,-56
0.006308078765869141,3.444278955459595,-65.95113492012024,25,-56
0.004850864410400391,3.449129819869995,-66.22278332710266,25,-56
0.005128145217895508,3.454257965087891,-66.50995945930481,25,-56
0.007506847381591797,3.461764812469482,-66.93034291267395,25,-56
0.005896091461181641,3.467660903930664,-67.26052403450012,25,-56
0.005832910537719727,3.473493814468384,-67.58716702461243,25,-56
0.005622148513793945,3.479115962982178,-67.90200734138489,25,-56
0.006346940994262695,3.48546290397644,-68.25743603706361,25,-56
0.006340980529785156,3.491803884506226,-68.61253094673157,25,-56
0.007714986801147461,3.499518871307373,-69.04457020759583,25,-56
0.005858898162841797,3.505377769470215,-69.37266850471497,25,-56
0.009978055953979492,3.515355825424194,-69.93143963813782,25,-56
0.006325006484985352,3.52168083190918,-70.285640001297,25,-56
0.009744167327880859,3.531424999237061,-70.83131337165833,25,-56
0.004265785217285156,3.535690784454346,-71.07446312904358,24,-57
0.006342172622680664,3.542032957077026,-71.4296247959137,25,-56
0.006850957870483398,3.54888391494751,-71.82012939453125,24,-57
0.004544973373413086,3.553428888320923,-72.07464790344239,25,-56
0.005749940872192383,3.559178829193115,-72.40239453315735,24,-57
0.006910085678100586,3.566088914871216,-72.78935933113098,25,-56
0.007175922393798828,3.573264837265015,-73.19838690757752,24,-57
0.007982015609741211,3.581246852874756,-73.65336179733276,24,-57
0.00722813606262207,3.588474988937378,-74.06536555290223,24,-57
0.004539012908935547,3.593014001846313,-74.32408928871155,24,-57
0.004891872406005859,3.597905874252319,-74.60292601585389,24,-57
0.005703926086425781,3.603609800338745,-74.92804980278016,24,-57
0.005542993545532227,3.609152793884277,-75.2440004348755,24,-57
0.006534099578857422,3.615686893463135,-75.61644411087037,24,-57
0.006231069564819336,3.621917963027954,-75.97161507606507,24,-57
0.005352973937988281,3.627270936965942,-76.2767345905304,24,-57
0.005177021026611328,3.632447957992554,-76.57182478904724,24,-57
0.005224943161010742,3.637672901153564,-76.86964654922486,24,-57
0.006260871887207031,3.643933773040771,-77.22651624679566,24,-57
0.005571126937866211,3.649504899978638,-77.54407048225403,24,-57
0.006892919540405273,3.656397819519043,-77.93696689605714,24,-57
0.007440090179443359,3.663837909698486,-78.36105203628541,24,-57
0.007365942001342773,3.671203851699829,-78.78091073036194,24,-57
0.004183053970336914,3.675386905670166,-79.01934480667115,24,-57
0.006147861480712891,3.681534767150879,-79.36977291107178,24,-57
0.006056070327758789,3.687590837478638,-79.71496891975403,24,-57
0.005792140960693359,3.693382978439331,-80.04512095451355,24,-57
0.005910873413085938,3.699293851852417,-80.38204073905945,24,-57
0.005363941192626953,3.704657793045044,-80.68778538703919,24,-57
0.006793022155761719,3.711450815200806,-81.0749876499176,24,-57
0.006632089614868164,3.718082904815674,-81.45301675796508,24,-57
0.00596308708190918,3.724045991897583,-81.79291272163391,24,-57
0.004355907440185547,3.728401899337769,-82.04119944572449,24,-57
0.005270004272460938,3.733671903610229,-82.34158968925476,24,-57
0.006793975830078125,3.740465879440308,-82.72884631156922,24,-57
0.004914045333862305,3.74537992477417,-83.00894689559938,24,-57
0.006469011306762695,3.751848936080933,-83.37768054008484,24,-57
0.007073879241943359,3.758922815322876,-83.78089165687561,24,-57
0.006177186965942383,3.765100002288818,-84.13299131393433,24,-57
0.007809877395629883,3.772909879684448,-84.57815432548523,24,-57
0.003529071807861328,3.77643895149231,-84.77931141853333,24,-57
0.006078958511352539,3.782517910003662,-85.12581205368042,24,-57
0.005182027816772461,3.787699937820435,-85.42636966705322,23,-58
0.006001949310302734,3.793701887130737,-85.76848077774049,24,-57
0.00555109977722168,3.799252986907959,-86.08489346504212,24,-57
0.005952835083007813,3.805205821990967,-86.42420506477356,24,-57
0.008489131927490234,3.813694953918457,-86.90808558464051,24,-57
0.00802302360534668,3.821717977523804,-87.37342095375061,23,-58
0.005920886993408203,3.827638864517212,-87.71683239936829,23,-58
0.0055999755859375,3.833238840103149,-88.04163098335266,23,-58
0.005715131759643555,3.838953971862793,-88.373108625412,23,-58
0.005996942520141602,3.844950914382935,-88.72093129158021,23,-58
0.007559061050415039,3.85250997543335,-89.15935683250428,23,-58
0.006021022796630859,3.85853099822998,-89.50857615470886,23,-58
0.005678892135620117,3.864209890365601,-89.83795189857483,23,-58
0.00754094123840332,3.871750831604004,-90.27532649040223,23,-58
0.006747961044311523,3.878498792648315,-90.6667082309723,23,-58
0.005698204040527344,3.884196996688843,-90.99720406532288,23,-58
0.007057905197143555,3.891254901885986,-91.40656256675721,23,-58
0.003370046615600586,3.894624948501587,-91.60202527046204,23,-58
0.00780487060546875,3.902429819107056,-92.05470776557922,23,-58
0.009220123291015625,3.911649942398071,-92.58947491645813,23,-58
0.004112005233764648,3.915761947631836,-92.82797122001648,23,-58
0.007583856582641602,3.923345804214478,-93.2678349018097,23,-58
0.004816055297851563,3.928161859512329,-93.54716610908509,23,-58
0.00535893440246582,3.933520793914795,-93.8579843044281,23,-58
0.006873130798339844,3.940393924713135,-94.25662589073182,23,-58
0.004997968673706055,3.945391893386841,-94.54650807380677,23,-58
0.006464004516601563,3.951855897903442,-94.92142033576966,23,-58
0.006104946136474609,3.957960844039917,-95.27550721168518,23,-58
0.006325006484985352,3.964285850524902,-95.64235758781434,23,-58
0.00484013557434082,3.969125986099243,-95.9230854511261,23,-58
0.005366802215576172,3.974492788314819,-96.23435997962952,23,-58
0.006633996963500977,3.98112678527832,-96.61913180351258,23,-58
0.006191015243530273,3.987317800521851,-96.97821068763734,23,-58
0.005753993988037109,3.993071794509888,-97.3119423389435,23,-58
0.006263971328735352,3.999335765838623,-97.67525267601014,23,-58
0.007040023803710938,4.006375789642334,-98.08357405662537,23,-58
0.007750034332275391,4.014125823974609,-98.53307604789734,23,-58
0.007709980010986328,4.021835803985596,-98.97254490852356,24,-57
0.006705999374389648,4.028541803359985,-99.35478687286377,24,-57
0.00605010986328125,4.034591913223267,-99.69964313507081,24,-57
0.007289886474609375,4.041881799697876,-100.1151666641235,24,-57
0.006520986557006836,4.048402786254883,-100.4868628978729,24,-57
0.006069183349609375,4.054471969604492,-100.8328063488007,24,-57
0.005511999130249023,4.059983968734741,-101.1469902992248,24,-57
0.005473852157592773,4.065457820892334,-101.4589998722076,24,-57
0.005877971649169922,4.071335792541504,-101.7940442562103,24,-57
0.0066070556640625,4.077942848205566,-102.1706464290619,24,-57
0.006567955017089844,4.084510803222656,-102.545019865036,24,-57
0.007348060607910156,4.091858863830566,-102.9638593196869,24,-57
0.006700038909912109,4.098558902740479,-103.3457615375519,24,-57
0.006951093673706055,4.105509996414185,-103.7419738769531,24,-57
0.007415771484375,4.11292576789856,-104.1572570800781,25,-56
0.006082057952880859,4.11900782585144,-104.4978523254394,25,-56
0.007945060729980469,4.126952886581421,-104.9427757263184,25,-56
0.006675004959106445,4.133627891540527,-105.3165760040283,25,-56
0.004146099090576172,4.137773990631104,-105.5487575531006,25,-56
0.005711793899536133,4.14348578453064,-105.8686180114746,25,-56
0.005993127822875977,4.149478912353516,-106.2042331695557,25,-56
0.007057905197143555,4.156536817550659,-106.5994758605957,25,-56
0.006905078887939453,4.163441896438599,-106.9861602783203,25,-56
0.006110906600952148,4.169552803039551,-107.3283710479736,25,-56
0.004551172256469727,4.174103975296021,-107.5832366943359,25,-56
0.006448984146118164,4.180552959442139,-107.9443798065186,25,-56
0.004920005798339844,4.185472965240479,-108.2199001312256,25,-56
0.006577014923095703,4.192049980163574,-108.5816359519959,26,-55
0.006553888320922852,4.198603868484497,-108.9420998096466,26,-55
0.006662130355834961,4.205265998840332,-109.3085169792175,26,-55
0.007768869400024414,4.213034868240356,-109.7358047962189,26,-55
0.00628209114074707,4.219316959381104,-110.08131980896,26,-55
0.006049871444702148,4.225366830825806,-110.4140627384186,26,-55
0.00616908073425293,4.231535911560059,-110.7533621788025,26,-55
0.004905939102172852,4.236441850662231,-111.023188829422,26,-55
0.00545811653137207,4.241899967193604,-111.3233852386475,26,-55
0.005766868591308594,4.247666835784912,-111.6405630111694,26,-55
0.005857944488525391,4.253524780273438,-111.9627499580383,26,-55
0.00596308708190918,4.259487867355347,-112.2907197475433,26,-55
0.00569605827331543,4.265183925628662,-112.6040029525757,26,-55
0.006403923034667969,4.27158784866333,-112.9562187194824,26,-55
0.006533145904541016,4.278120994567871,-113.3155417442322,26,-55
0.006488800048828125,4.284609794616699,-113.6724257469177,26,-55
0.007377147674560547,4.29198694229126,-114.0781688690186,26,-55
0.004454851150512695,4.296441793441772,-114.3231856822968,26,-55
0.005289077758789063,4.301730871200562,-114.6140849590302,26,-55
0.006241083145141602,4.307971954345703,-114.9573445320129,26,-55
0.01602792739868164,4.323999881744385,-115.8228526115417,27,-54
0.0110170841217041,4.335016965866089,-116.4177751541138,27,-54
0.006624937057495117,4.341641902923584,-116.7755217552185,27,-54
0.007332086563110352,4.348973989486694,-117.1714544296265,27,-54
0.006379842758178711,4.355353832244873,-117.5159659385681,27,-54
0.006636142730712891,4.361989974975586,-117.8743176460266,27,-54
0.006615877151489258,4.368605852127075,-118.231575012207,27,-54
0.005981922149658203,4.374587774276733,-118.5545988082886,27,-54
0.007218122482299805,4.381805896759033,-118.9443774223328,27,-54
0.007323026657104492,4.389128923416138,-119.3324978351593,28,-53
0.004101991653442383,4.39323091506958,-119.5540053844452,27,-54
0.005800962448120117,4.3990318775177,-119.8614563941956,28,-53
0.006203889846801758,4.405235767364502,-120.1902625560761,28,-53
0.006315231323242188,4.411550998687744,-120.5249698162079,28,-53
0.006295919418334961,4.417846918106079,-120.8586535453796,28,-53
0.006320953369140625,4.42416787147522,-121.1936640739441,28,-53
0.007188081741333008,4.431355953216553,-121.5674443244934,29,-52
0.006114006042480469,4.437469959259033,-121.8853726387024,29,-52
0.006783962249755859,4.444253921508789,-122.2381386756897,29,-52
0.007720947265625,4.451974868774414,-122.6396279335022,29,-52
0.007209062576293945,4.459183931350708,-123.0144991874695,29,-52
0.005425930023193359,4.464609861373901,-123.2912216186523,30,-51
0.007177114486694336,4.471786975860596,-123.6572544574738,30,-51
0.004835844039916992,4.476622819900513,-123.9038825035095,30,-51
0.00543212890625,4.482054948806763,-124.1809210777283,30,-51
0.005766868591308594,4.487821817398071,-124.475031375885,30,-51
0.008229970932006836,4.496051788330078,-124.8865299224853,31,-50
0.005288124084472656,4.501339912414551,-125.150936126709,31,-50
0.006167888641357422,4.507507801055908,-125.4593305587768,31,-50
0.005474090576171875,4.51298189163208,-125.7330350875854,31,-50
0.006046056747436523,4.519027948379517,-126.0353379249573,31,-50
0.007545948028564453,4.526573896408081,-126.4126353263855,31,-50
0.007977962493896484,4.534551858901978,-126.8035554885864,32,-49
0.007364988327026367,4.541916847229004,-127.1644399166107,32,-49
0.007100105285644531,4.549016952514648,-127.5123450756073,32,-49
0.007243871688842773,4.556260824203491,-127.8672947883606,32,-49
0.006204128265380859,4.562464952468872,-128.1712970733643,32,-49
0.005537033081054688,4.568001985549927,-128.442611694336,32,-49
0.004621982574462891,4.57262396812439,-128.6690888404846,32,-49
0.005897998809814453,4.578521966934204,-128.9580907821655,32,-49
0.004771947860717773,4.583293914794922,-129.18714427948,33,-48
0.008261919021606445,4.591555833816528,-129.5837163925171,33,-48
0.005908012390136719,4.597463846206665,-129.8673009872437,33,-48
0.007033109664916992,4.604496955871582,-130.1978571414947,34,-47
0.007951974868774414,4.612448930740356,-130.5715999603271,34,-47
0.006079912185668945,4.618528842926025,-130.8573558330536,34,-47
0.006060123443603516,4.624588966369629,-131.142181634903,34,-47
0.007246971130371094,4.6318359375,-131.4827892780304,34,-47
0.004766941070556641,4.636602878570557,-131.7068355083466,34,-47
0.005640983581542969,4.6422438621521,-131.9663207530975,35,-46
0.005355119705200195,4.6475989818573,-132.2126562595368,35,-46
0.006627798080444336,4.654226779937744,-132.5175349712372,35,-46
0.007014036178588867,4.661240816116333,-132.8401806354523,35,-46
0.006426095962524414,4.667666912078857,-133.1293549537659,36,-45
0.006603002548217773,4.674269914627075,-133.4330930709839,35,-46
0.007642984390258789,4.681912899017334,-133.7770273685455,36,-45
0.006644010543823242,4.688556909561157,-134.0760078430176,36,-45
0.006030082702636719,4.694586992263794,-134.3473615646362,36,-45
0.0073089599609375,4.701895952224731,-134.6762647628784,36,-45
0.007303953170776367,4.709199905395508,-134.9976387023926,37,-44
0.004266023635864258,4.713465929031372,-135.1853437423706,37,-44
0.008482933044433594,4.721948862075806,-135.5585927963257,37,-44
0.006097078323364258,4.72804594039917,-135.8268642425537,37,-44
0.006501913070678711,4.734547853469849,-136.1129484176636,37,-44
0.006987094879150391,4.741534948348999,-136.4203805923462,37,-44
0.007736921310424805,4.749271869659424,-136.7530682086945,38,-43
0.007097005844116211,4.75636887550354,-137.0582394599914,38,-43
0.009028911590576172,4.765397787094116,-137.4464826583862,38,-43
0.007737159729003906,4.77313494682312,-137.7714433670044,39,-42
0.006042003631591797,4.779176950454712,-138.0252075195312,39,-42
0.005952835083007813,4.78512978553772,-138.2752265930176,39,-42
0.006561040878295898,4.791690826416016,-138.550790309906,39,-42
0.008295059204101563,4.799985885620117,-138.8991827964783,39,-42
0.005743026733398438,4.805728912353516,-139.140389919281,39,-42
0.006927967071533203,4.812656879425049,-139.4313645362854,39,-42
0.008614063262939453,4.821270942687988,-139.7845411300659,40,-41
0.007231950759887695,4.828502893447876,-140.0810511112213,40,-41
0.006074905395507813,4.834577798843384,-140.3301222324371,40,-41
0.008524179458618164,4.843101978302002,-140.6796135902405,40,-41
0.003346920013427734,4.84644889831543,-140.816837310791,40,-41
0.005189895629882813,4.851638793945313,-141.0244331359863,41,-40
0.006165027618408203,4.857803821563721,-141.2710342407227,41,-40
0.005598068237304688,4.863401889801025,-141.4949569702148,41,-40
0.005639076232910156,4.869040966033936,-141.7205200195313,41,-40
0.006886959075927734,4.875927925109863,-141.9891114234924,42,-39
0.006109952926635742,4.882037878036499,-142.2273995876312,42,-39
0.006505966186523438,4.888543844223022,-142.4811322689056,42,-39
0.006052970886230469,4.894596815109253,-142.7171981334686,42,-39
0.009140968322753906,4.903737783432007,-143.073695898056,42,-39
0.007665157318115234,4.911402940750122,-143.3649718761444,43,-38
0.006585836410522461,4.917988777160645,-143.6152336597443,43,-38
0.006548166275024414,4.924536943435669,-143.8640639781952,43,-38
0.007340908050537109,4.931877851486206,-144.1430184841156,43,-38
0.006725072860717773,4.938602924346924,-144.3985712528229,43,-38
0.005321979522705078,4.943924903869629,-144.595484495163,44,-37
0.004611015319824219,4.948535919189453,-144.7660920619965,44,-37
0.005884885787963867,4.954420804977417,-144.9838328361511,44,-37
0.006175041198730469,4.960595846176147,-145.2123093605042,44,-37
0.00489497184753418,4.965490818023682,-145.3934233188629,44,-37
0.006348133087158203,4.97183895111084,-145.6283042430878,44,-37
0.00766301155090332,4.979501962661743,-145.9118356704712,44,-37
0.003788948059082031,4.983290910720825,-146.0520267486572,44,-37
0.005826950073242188,4.989117860794067,-146.2676239013672,44,-37
0.006250143051147461,4.995368003845215,-146.4926290512085,45,-36
0.005890846252441406,5.001258850097656,-146.7046995162964,45,-36
0.006654024124145508,5.007912874221802,-146.9442443847656,45,-36
0.008584976196289063,5.016497850418091,-147.253303527832,45,-36
0.005769968032836914,5.022267818450928,-147.4552524089813,46,-35
0.005592107772827148,5.027859926223755,-147.6509761810303,46,-35
0.005729913711547852,5.033589839935303,-147.8515231609345,46,-35
0.005609989166259766,5.039199829101563,-148.0422627925873,47,-34
0.005936145782470703,5.045135974884033,-148.2440917491913,47,-34
0.006752967834472656,5.051888942718506,-148.4736926555634,47,-34
0.007235050201416016,5.059123992919922,-148.7196843624115,47,-34
0.00550079345703125,5.064624786376953,-148.9067113399506,47,-34
0.007066011428833008,5.071690797805786,-149.1398897171021,48,-33
0.004326105117797852,5.076016902923584,-149.2826511859894,48,-33
0.005486011505126953,5.081502914428711,-149.4636895656586,48,-33
0.006238937377929688,5.087741851806641,-149.6695744991302,48,-33
0.005481958389282227,5.093223810195923,-149.8449971675873,49,-32
0.006112098693847656,5.099335908889771,-150.0405843257904,49,-32
0.007024049758911133,5.106359958648682,-150.2653539180756,49,-32
0.006003856658935547,5.112363815307617,-150.4574773311615,49,-32
0.01137113571166992,5.123734951019287,-150.8099825382233,50,-31
0.007904052734375,5.131639003753662,-151.0550081729889,50,-31
0.003495931625366211,5.135134935379028,-151.1633820533753,50,-31
0.006309986114501953,5.14144492149353,-151.3526816368103,51,-30
0.006213903427124023,5.147658824920654,-151.539098739624,51,-30
0.005814075469970703,5.153472900390625,-151.7135210037232,51,-30
0.006043910980224609,5.15951681137085,-151.8887944221497,52,-29
0.005613088607788086,5.165129899978638,-152.0515739917755,52,-29
0.007354974746704102,5.172484874725342,-152.2648682594299,52,-29
0.006134986877441406,5.178619861602783,-152.4427828788757,52,-29
0.005259037017822266,5.183878898620605,-152.5952949523926,52,-29
0.005431890487670898,5.189310789108276,-152.7473878860474,53,-28
0.005995035171508789,5.195305824279785,-152.9152488708496,53,-28
0.006381988525390625,5.201687812805176,-153.0939445495606,53,-28
0.006214141845703125,5.207901954650879,-153.2617263793945,54,-27
0.005760908126831055,5.21366286277771,-153.417270898819,54,-27
0.007744073867797852,5.221406936645508,-153.6186168193817,55,-26
0.007061958312988281,5.228468894958496,-153.8022277355194,55,-26
0.007103919982910156,5.235572814941406,-153.9869296550751,55,-26
0.005962133407592773,5.241534948348999,-154.1419451236725,55,-26
0.006453037261962891,5.247987985610962,-154.3097240924835,55,-26
0.007525920867919922,5.255513906478882,-154.4978721141815,56,-25
0.00675201416015625,5.262265920639038,-154.6666724681854,56,-25
0.006738901138305664,5.269004821777344,-154.8351449966431,56,-25
0.007308006286621094,5.276312828063965,-155.010537147522,57,-24
0.004825115203857422,5.281137943267822,-155.1263399124146,57,-24
0.005460977554321289,5.286598920822144,-155.2574033737183,57,-24
0.005791902542114258,5.292390823364258,-155.396409034729,57,-24
0.005716085433959961,5.298106908798218,-155.533595085144,57,-24
0.005899906158447266,5.304006814956665,-155.6692929267883,58,-23
0.006960153579711914,5.310966968536377,-155.8293764591217,58,-23
0.006467819213867188,5.317434787750244,-155.9781363010407,58,-23
0.007737159729003906,5.325171947479248,-156.1560909748077,58,-23
0.007287979125976563,5.332459926605225,-156.3164265155792,59,-22
0.008116960525512695,5.340576887130737,-156.486882686615,60,-21
0.00589299201965332,5.346469879150391,-156.6106355190277,60,-21
0.004815101623535156,5.351284980773926,-156.711752653122,60,-21
0.005828857421875,5.357113838195801,-156.8341586589813,60,-21
0.006202936172485352,5.363316774368286,-156.9644203186035,60,-21
0.007218122482299805,5.370534896850586,-157.1087827682495,61,-20
0.005918979644775391,5.376453876495361,-157.227162361145,61,-20
0.005562067031860352,5.382015943527222,-157.3384037017822,61,-20
0.00609588623046875,5.38811182975769,-157.4542255401611,62,-19
0.004820108413696289,5.392931938171387,-157.5458076000214,62,-19
0.005234956741333008,5.39816689491272,-157.6452717781067,62,-19
0.007294893264770508,5.40546178817749,-157.7838747501373,62,-19
0.006972074508666992,5.412433862686157,-157.916344165802,62,-19
0.00530695915222168,5.417740821838379,-158.011869430542,63,-18
0.008294105529785156,5.426034927368164,-158.1611633300781,63,-18
0.005441904067993164,5.431476831436157,-158.259117603302,63,-18
0.008435964584350586,5.439912796020508,-158.402529001236,64,-17
0.007822036743164063,5.447734832763672,-158.5276815891266,65,-16
0.007349014282226563,5.455083847045898,-158.6452658176422,65,-16
0.006639003753662109,5.461722850799561,-158.7448508739471,66,-15
0.004333019256591797,5.466055870056152,-158.809846162796,66,-15
0.006303071975708008,5.47235894203186,-158.9043922424317,66,-15
0.005251884460449219,5.47761082649231,-158.9831705093384,66,-15
0.00609898567199707,5.483709812164307,-159.0746552944183,66,-15
0.007857084274291992,5.491566896438599,-159.1846544742584,67,-14
0.004745006561279297,5.496311902999878,-159.2510845661163,67,-14
0.007075071334838867,5.503386974334717,-159.3501355648041,67,-14
0.005789995193481445,5.509176969528198,-159.4254055023193,68,-13
0.007371902465820313,5.516548871994019,-159.521240234375,68,-13
0.005279064178466797,5.521827936172485,-159.5898680686951,68,-13
0.005097866058349609,5.526925802230835,-159.6510424613953,69,-12
0.005530118942260742,5.532455921173096,-159.7174038887024,69,-12
0.006882905960083008,5.539338827133179,-159.7999987602234,69,-12
0.008365154266357422,5.547703981399536,-159.9003806114197,69,-12
0.007452964782714844,5.555156946182251,-159.9823632240295,70,-11
0.005841970443725586,5.560998916625977,-160.0466248989105,70,-11
0.006521940231323242,5.5675208568573,-160.1183662414551,70,-11
0.006762981414794922,5.574283838272095,-160.185996055603,71,-10
0.00757598876953125,5.581859827041626,-160.2617559432983,71,-10
0.009681940078735352,5.591541767120361,-160.3585753440857,71,-10
0.006496191024780273,5.598037958145142,-160.4235372543335,71,-10
0.007196903228759766,5.605234861373901,-160.4883093833923,72,-9
0.007977008819580078,5.613211870193481,-160.5601024627686,72,-9
0.008254051208496094,5.621465921401978,-160.6261348724365,73,-8
0.002398967742919922,5.623864889144897,-160.6477255821228,72,-9
0.007931947708129883,5.631796836853027,-160.7111811637878,73,-8
0.009623050689697266,5.641419887542725,-160.7881655693054,73,-8
0.006947994232177734,5.648367881774902,-160.8368015289307,74,-7
0.006969928741455078,5.655337810516357,-160.8855910301209,74,-7
0.006730079650878906,5.662067890167236,-160.932701587677,74,-7
0.009171009063720703,5.671238899230957,-160.9968986511231,74,-7
0.006063938140869141,5.677302837371826,-161.0332822799683,75,-6
0.006687164306640625,5.683990001678467,-161.0734052658081,75,-6
0.004285812377929688,5.688275814056396,-161.0991201400757,75,-6
0.005768060684204102,5.694043874740601,-161.1337285041809,75,-6
0.008376121520996094,5.702419996261597,-161.1839852333069,75,-6
0.00586390495300293,5.7082839012146,-161.2191686630249,75,-6
0.005842924118041992,5.714126825332642,-161.2542262077332,75,-6
0.007320165634155273,5.721446990966797,-161.2908270359039,76,-5
0.006049871444702148,5.727496862411499,-161.3210763931274,76,-5
0.005837917327880859,5.73333477973938,-161.3502659797668,76,-5
0.006038188934326172,5.739372968673706,-161.3804569244385,76,-5
0.007031917572021484,5.746404886245728,-161.4156165122986,76,-5
0.005529880523681641,5.751934766769409,-161.443265914917,76,-5
0.007513999938964844,5.759448766708374,-161.4733219146729,77,-4
0.00793910026550293,5.767387866973877,-161.5050783157349,77,-4
0.006670951843261719,5.774058818817139,-161.5317621231079,77,-4
0.007752180099487305,5.781810998916626,-161.5550186634064,78,-3
0.006692886352539063,5.788503885269165,-161.575097322464,78,-3
0.007769107818603516,5.796272993087769,-161.5906355381012,79,-2
0.008209943771362305,5.804482936859131,-161.6070554256439,79,-2
0.008888959884643555,5.813371896743774,-161.6159443855286,80,-1
0.004107952117919922,5.817479848861694,-161.6200523376465,80,-1
0.005707979202270508,5.823187828063965,-161.6257603168488,80,-1
0.006083965301513672,5.829271793365479,-161.6257603168488,81,0
0.008594036102294922,5.837865829467773,-161.6257603168488,81,0
0.006633996963500977,5.844499826431274,-161.6257603168488,81,0
0.007956981658935547,5.85245680809021,-161.6178033351898,82,1
0.006034135818481445,5.858490943908691,-161.6117691993713,82,1
0.006567955017089844,5.865058898925781,-161.6052012443542,82,1
0.004869937896728516,5.86992883682251,-161.6003313064575,82,1
0.005582094192504883,5.875510931015015,-161.594749212265,82,1
0.005903959274291992,5.881414890289307,-161.5829412937164,83,2
0.006092071533203125,5.88750696182251,-161.57075715065,83,2
0.005906820297241211,5.893413782119751,-161.5589435100556,83,2
0.009947061538696289,5.903360843658447,-161.5390493869782,83,2
0.007910013198852539,5.9112708568573,-161.5232293605805,83,2
0.007133007049560547,5.91840386390686,-161.5089633464813,83,2
0.00419306755065918,5.92259693145752,-161.4963841438293,84,3
0.008743047714233398,5.931339979171753,-161.4788980484009,83,2
0.004063844680786133,5.935403823852539,-161.4707703590393,83,2
0.008851051330566406,5.944254875183105,-161.4442172050476,84,3
0.008735895156860352,5.952990770339966,-161.4267454147339,83,2
0.00881505012512207,5.961805820465088,-161.4003002643585,84,3
0.007303953170776367,5.969109773635864,-161.385692358017,83,2
0.00716710090637207,5.976276874542236,-161.3713581562042,83,2
0.007035970687866211,5.983312845230103,-161.3502502441406,84,3
0.008458137512207031,5.99177098274231,-161.324875831604,84,3
0.007291793823242188,5.999062776565552,-161.3102922439575,83,2
0.007481098175048828,6.006543874740601,-161.2953300476074,83,2
0.01088500022888184,6.017428874969482,-161.2735600471497,83,2
0.00654911994934082,6.023977994918823,-161.260461807251,83,2
0.007854938507080078,6.031832933425903,-161.2447519302368,83,2
0.007256984710693359,6.039089918136597,-161.2302379608154,83,2
0.006193876266479492,6.045283794403076,-161.2178502082825,83,2
0.005243062973022461,6.050526857376099,-161.2073640823364,83,2
0.004940032958984375,6.055466890335083,-161.1974840164185,83,2
0.005903005599975586,6.061369895935059,-161.1856780052185,83,2
0.006151914596557617,6.067521810531616,-161.1733741760254,83,2
0.005707979202270508,6.073229789733887,-161.1619582176209,83,2
0.005750179290771484,6.078979969024658,-161.1504578590393,83,2
0.006686925888061523,6.08566689491272,-161.1303970813751,84,3
0.009535074234008789,6.095201969146729,-161.1017918586731,84,3
0.007419824600219727,6.102621793746948,-161.0795323848724,84,3
0.005472183227539063,6.108093976974487,-161.0685880184174,83,2
0.00427699089050293,6.11237096786499,-161.0557570457459,84,3
0.005707979202270508,6.118078947067261,-161.0443410873413,83,2
0.0081939697265625,6.126272916793823,-161.0197591781616,84,3
0.005707025527954102,6.131979942321777,-161.0026381015778,84,3
0.005751848220825195,6.137731790542603,-160.9853825569153,84,3
0.008718013763427734,6.14644980430603,-160.959228515625,84,3
0.006981134414672852,6.153430938720703,-160.938285112381,84,3
0.003911018371582031,6.157341957092285,-160.9265520572662,84,3
0.005906820297241211,6.163248777389526,-160.9088315963745,84,3
0.01065516471862793,6.173903942108154,-160.8768661022186,84,3
0.008590936660766602,6.182494878768921,-160.8510932922363,84,3
0.006745100021362305,6.189239978790283,-160.8308579921722,84,3
0.009305000305175781,6.198544979095459,-160.8029429912567,84,3
0.006013870239257813,6.204558849334717,-160.7849013805389,84,3
0.007353067398071289,6.211911916732788,-160.7628421783447,84,3
0.008656024932861328,6.220567941665649,-160.745530128479,83,2
0.002786874771118164,6.223354816436768,-160.7371695041657,84,3
0.008516073226928711,6.231870889663696,-160.7116212844849,84,3
0.006535053253173828,6.23840594291687,-160.6985511779785,83,2
0.006746053695678711,6.245151996612549,-160.6783130168915,84,3
0.006294965744018555,6.251446962356567,-160.6594281196594,84,3
0.005501985549926758,6.256948947906494,-160.6429221630096,84,3
0.006186008453369141,6.263134956359863,-160.6243641376495,84,3
0.008229970932006836,6.27136492729187,-160.5996742248535,84,3
0.006752967834472656,6.278117895126343,-160.5794153213501,84,3
0.006232023239135742,6.284349918365479,-160.5607192516327,84,3
0.007438898086547852,6.291788816452026,-160.5384025573731,84,3
0.003328084945678711,6.295116901397705,-160.528418302536,84,3
0.005999088287353516,6.301115989685059,-160.5104210376739,84,3
0.005311012268066406,6.306427001953125,-160.4944880008698,84,3
0.007445812225341797,6.313872814178467,-160.4721505641937,84,3
0.01009798049926758,6.323970794677734,-160.4418566226959,84,3
0.001118183135986328,6.325088977813721,-160.438502073288,84,3
0.006701946258544922,6.331790924072266,-160.4183962345123,84,3
0.009486913681030273,6.341277837753296,-160.3899354934692,84,3
0.002205133438110352,6.343482971191406,-160.3833200931549,84,3
0.007944822311401367,6.351427793502808,-160.3594856262207,84,3
0.00687098503112793,6.358298778533936,-160.3388726711273,84,3
0.006289005279541016,6.364587783813477,-160.3200056552887,84,3
0.007269144058227539,6.371856927871704,-160.298198223114,84,3
0.007443904876708984,6.379300832748413,-160.2758665084839,84,3
0.004661083221435547,6.383961915969849,-160.2618832588196,84,3
0.005101919174194336,6.389063835144043,-160.246577501297,84,3
0.005326032638549805,6.394389867782593,-160.2305994033814,84,3
0.009238958358764648,6.403628826141357,-160.2028825283051,84,3
0.008043050765991211,6.411671876907349,-160.1787533760071,84,3
0.003824949264526367,6.415496826171875,-160.1672785282135,84,3
0.006378173828125,6.421875,-160.1481440067291,84,3
0.005991935729980469,6.42786693572998,-160.1301681995392,84,3
0.005777835845947266,6.433644771575928,-160.1128346920014,84,3
0.005702018737792969,6.439346790313721,-160.095728635788,84,3
0.00719904899597168,6.446545839309692,-160.0741314888,84,3
0.01002407073974609,6.456569910049438,-160.0440592765808,84,3
0.007983922958374023,6.464553833007813,-160.0201075077057,84,3
0.007256031036376953,6.471809864044189,-159.9983394145966,84,3
0.007139921188354492,6.478949785232544,-159.9769196510315,84,3
0.005977153778076172,6.48492693901062,-159.9589881896973,84,3
0.007585048675537109,6.492511987686157,-159.9362330436707,84,3
0.005488872528076172,6.498000860214233,-159.9197664260864,84,3
0.005991935729980469,6.503992795944214,-159.9017906188965,84,3
0.004868984222412109,6.508861780166626,-159.8871836662292,84,3
0.005115032196044922,6.513976812362671,-159.8718385696411,84,3
0.009665012359619141,6.52364182472229,-159.8428435325623,84,3
0.005826950073242188,6.529468774795532,-159.8253626823425,84,3
0.005904197692871094,6.535372972488403,-159.8076500892639,84,3
0.00656580924987793,6.541938781738281,-159.7879526615143,84,3
0.006577014923095703,6.548515796661377,-159.768221616745,84,3
0.006013154983520508,6.554528951644897,-159.7501821517944,84,3
0.007266998291015625,6.561795949935913,-159.7283811569214,84,3
0.006717920303344727,6.568513870239258,-159.7082273960114,84,3
0.01101303100585938,6.579526901245117,-159.6751883029938,84,3
0.01213407516479492,6.591660976409912,-159.6387860774994,84,3
0.006029844284057617,6.59769082069397,-159.6206965446472,84,3
0.005784988403320313,6.60347580909729,-159.6033415794373,84,3
0.007801055908203125,6.611276865005493,-159.5799384117127,84,3
0.003834009170532227,6.615110874176025,-159.5684363842011,84,3
0.006197929382324219,6.62130880355835,-159.5498425960541,84,3
0.005871057510375977,6.627179861068726,-159.5322294235229,84,3
0.004883050918579102,6.632062911987305,-159.5175802707672,84,3
0.008931875228881836,6.640994787216187,-159.4907846450806,84,3
0.002674102783203125,6.64366888999939,-159.4854364395142,83,2
0.01730203628540039,6.66097092628479,-159.4508323669434,83,2
0.002606868743896484,6.663577795028687,-159.4430117607117,84,3
0.005930185317993164,6.66950798034668,-159.4252212047577,84,3
0.007134914398193359,6.676642894744873,-159.4038164615631,84,3
0.006516933441162109,6.683159828186035,-159.3842656612396,84,3
0.005465984344482422,6.688625812530518,-159.3678677082062,84,3
0.006366968154907227,6.694992780685425,-159.3551337718964,83,2
0.00601506233215332,6.701007843017578,-159.3431036472321,83,2
0.007130146026611328,6.708137989044189,-159.3359735012054,82,1
0.005327939987182617,6.713465929031372,-159.3306455612183,82,1
0.007732868194580078,6.721198797225952,-159.3229126930237,82,1
0.00780797004699707,6.729006767272949,-159.3229126930237,81,0
0.007915019989013672,6.736921787261963,-159.3308277130127,80,-1
0.007379055023193359,6.744300842285156,-159.3529648780823,78,-3
0.01001501083374023,6.754315853118896,-159.4130549430847,75,-6
0.02090001106262207,6.775215864181519,-159.8519551753998,60,-21
0.01666808128356934,6.791883945465088,-160.4186699390412,47,-34
0.005556821823120117,6.797440767288208,-160.6242723464966,44,-37
0.007632017135620117,6.805072784423828,-160.9448170661926,39,-42
0.008043050765991211,6.813115835189819,-161.3067543506622,36,-45
0.0101470947265625,6.823262929916382,-161.8242561817169,30,-51
0.01047492027282715,6.833737850189209,-162.3899018764496,27,-54
0.008737087249755859,6.842474937438965,-162.8879158496857,24,-57
0.006641864776611328,6.849116802215576,-163.2731440067291,23,-58
0.006208181381225586,6.855324983596802,-163.6394267082214,22,-59
0.006646871566772461,6.861971855163574,-164.0382390022278,21,-60
0.006680965423583984,6.868652820587158,-164.4457778930664,20,-61
0.004850149154663086,6.873502969741821,-164.7464871406555,19,-62
0.005633831024169922,6.879136800765991,-165.1014184951782,18,-63
0.00589299201965332,6.885029792785645,-165.4726769924164,18,-63
0.008108139038085938,6.89313793182373,-165.9915978908539,17,-64
0.004467010498046875,6.897604942321777,-166.2774865627289,17,-64
0.01003503799438477,6.907639980316162,-166.9297640323639,16,-65
0.006636857986450195,6.914276838302612,-167.3677966594696,15,-66
0.01003408432006836,6.924310922622681,-168.0300462245941,15,-66
0.009703874588012695,6.934014797210693,-168.680205821991,14,-67
0.00956416130065918,6.943578958511353,-169.3210046291351,14,-67
0.005546808242797852,6.94912576675415,-169.6926407814026,14,-67
0.006551027297973633,6.955676794052124,-170.1315596103668,14,-67
0.005396127700805664,6.96107292175293,-170.4984962940216,13,-68
0.006587982177734375,6.967660903930664,-170.9464790821075,13,-68
0.01043605804443359,6.978096961975098,-171.656131029129,13,-68
0.006347894668579102,6.984444856643677,-172.0814399719238,14,-67
0.007270097732543945,6.991714954376221,-172.5758066177368,13,-68
0.01029086112976074,7.002005815505981,-173.2755851745605,13,-68
0.01151204109191895,7.0135178565979,-174.0584039688111,13,-68
0.009122133255004883,7.022639989852905,-174.6787090301514,13,-68
0.008824825286865234,7.031464815139771,-175.2787971496582,13,-68
0.007163047790527344,7.038627862930298,-175.7658843994141,13,-68
0.005860090255737305,7.044487953186035,-176.1643705368042,13,-68
0.004928827285766602,7.049416780471802,-176.4995307922363,13,-68
0.005761146545410156,7.055177927017212,-176.8970499038696,12,-69
0.00637507438659668,7.061553001403809,-177.3305549621582,13,-68
0.008904933929443359,7.070457935333252,-177.9360904693604,13,-68
0.008018016815185547,7.078475952148438,-178.4893336296081,12,-69
0.007838010787963867,7.086313962936401,-179.0301563739777,12,-69
0.007403850555419922,7.093717813491821,-179.5336182117462,13,-68
0.009332180023193359,7.103049993515015,-180.1682064533234,13,-68
0.009369850158691406,7.112419843673706,-180.8053562641144,13,-68
0.008172035217285156,7.120591878890991,-181.3692266941071,12,-69
0.009450912475585938,7.130042791366577,-182.0213396549225,12,-69
0.003702163696289063,7.133744955062866,-182.2767889499664,12,-69
0.005667924880981445,7.139412879943848,-182.6678757667542,12,-69
0.006191015243530273,7.145603895187378,-183.0950558185577,12,-69
0.007596969604492188,7.15320086479187,-183.6192467212677,12,-69
0.008295059204101563,7.161495923995972,-184.1916058063507,12,-69
0.009784936904907227,7.171280860900879,-184.8667664527893,12,-69
0.007816076278686523,7.179096937179565,-185.4060757160187,12,-69
0.005877017974853516,7.184973955154419,-185.8115899562836,12,-69
0.004931926727294922,7.189905881881714,-186.1518929004669,12,-69
0.006405115127563477,7.196310997009277,-186.5938458442688,12,-69
0.005757808685302734,7.20206880569458,-186.9911346435547,12,-69
0.006016969680786133,7.208085775375366,-187.4063055515289,12,-69
0.007388114929199219,7.215473890304565,-187.9160854816437,12,-69
0.005930900573730469,7.221404790878296,-188.3253176212311,12,-69
0.006591081619262695,7.227995872497559,-188.7801022529602,12,-69
0.004934072494506836,7.232929944992065,-189.1205532550812,12,-69
0.006419897079467773,7.239349842071533,-189.5635261535645,12,-69
0.006742954254150391,7.246092796325684,-190.0287899971008,12,-69
0.007062196731567383,7.253154993057251,-190.516081571579,12,-69
0.007831811904907227,7.260986804962158,-191.0564765930176,12,-69
0.003451108932495117,7.264437913894653,-191.2946031093598,12,-69
0.004987001419067383,7.269424915313721,-191.6436932086945,11,-70
0.006190061569213867,7.275614976882935,-192.0708074569702,12,-69
0.006029844284057617,7.281644821166992,-192.4868667125702,12,-69
0.0073089599609375,7.28895378112793,-192.9911849498749,12,-69
0.006705045700073242,7.295658826828003,-193.4538331031799,12,-69
0.006345987319946289,7.302004814147949,-193.8917062282562,12,-69
0.00748896598815918,7.309493780136108,-194.4084448814392,12,-69
0.008657217025756836,7.318150997161865,-195.0057928562164,12,-69
0.00630497932434082,7.324455976486206,-195.440836429596,12,-69
0.008148908615112305,7.332604885101318,-196.0031111240387,12,-69
0.006757020950317383,7.339361906051636,-196.4693455696106,12,-69
0.006742954254150391,7.346104860305786,-196.934609413147,12,-69
0.006371974945068359,7.352476835250854,-197.3742756843567,12,-69
0.006026983261108398,7.358503818511963,-197.7901375293732,12,-69
0.005635976791381836,7.364139795303345,-198.1790199279785,12,-69
0.007318019866943359,7.371457815170288,-198.6839632987976,12,-69
0.003687143325805664,7.375144958496094,-198.9383761882782,12,-69
0.006865978240966797,7.382010936737061,-199.4121286869049,12,-69
0.01100301742553711,7.393013954162598,-200.171336889267,12,-69
0.006402969360351563,7.399416923522949,-200.6131417751312,12,-69
0.006648063659667969,7.406064987182617,-201.0718581676483,12,-69
0.006875991821289063,7.412940979003906,-201.5463016033173,12,-69
0.006361961364746094,7.419302940368652,-201.9852769374848,12,-69
0.006742954254150391,7.426045894622803,-202.4505407810211,12,-69
0.007531881332397461,7.4335777759552,-202.9702405929565,12,-69
0.00496220588684082,7.438539981842041,-203.3126327991486,12,-69
0.005524873733520508,7.444064855575562,-203.6938490867615,12,-69
0.00539708137512207,7.449461936950684,-204.0662477016449,12,-69
0.006465911865234375,7.455927848815918,-204.5123956203461,12,-69
0.006142139434814453,7.462069988250732,-204.9362032413483,12,-69
0.006894826889038086,7.468964815139771,-205.4119462966919,12,-69
0.006625175476074219,7.475589990615845,-205.869083404541,12,-69
0.006150960922241211,7.481740951538086,-206.2934997081757,12,-69
0.008203983306884766,7.489944934844971,-206.8595745563507,12,-69
0.006021976470947266,7.495966911315918,-207.2750909328461,12,-69
0.007428884506225586,7.503395795822144,-207.7951128482819,11,-70
0.008080005645751953,7.511475801467896,-208.3526332378387,12,-69
0.005695104598999023,7.517170906066895,-208.7455954551697,12,-69
0.006773948669433594,7.523944854736328,-209.2129979133606,12,-69
0.003770112991333008,7.527714967727661,-209.4731357097626,12,-69
0.005600929260253906,7.533315896987915,-209.8595998287201,12,-69
0.008671998977661133,7.541987895965576,-210.4579677581787,12,-69
0.006649017333984375,7.548636913299561,-210.9167499542236,12,-69
