abs_avik=calc,avvik=calc,PowerD=calc,joySide=meas,Ts=calc,Tid=meas,joyForward=meas,TvD=calc,Lys=meas,refferanse=calc,TvA=calc,MAEList=calc,IAEList=calc,PowerA=calc
Lys0=42
,0,6.9140625,-0.78125,0.005,0,13.28125,0,42,42,0,0,0,6.3671875
,0,11.2109375,-0.78125,0.02606606483459473,0.02606606483459473,21.875,4.296875,42,42,4.296875,0,0,10.6640625
,0,11.2109375,-0.78125,0.00513005256652832,0.03119611740112305,21.875,4.296875,42,42,4.296875,0,0,10.6640625
,-1,16.2890625,-0.78125,0.02082395553588867,0.05202007293701172,32.03125,9.375,43,42,9.375,0,0.02082395553588867,15.7421875
,0,17.36328125,-0.78125,0.011224985122680664,0.06324505805969238,34.1796875,10.44921875,42,42,10.44921875,-0.25,0.02082395553588867,16.81640625
,0,17.36328125,-0.78125,0.009010076522827148,0.07225513458251953,34.1796875,10.44921875,42,42,10.44921875,-0.2,0.02082395553588867,16.81640625
,-1,19.8046875,-0.78125,0.01104283332824707,0.0832979679107666,39.0625,12.890625,43,42,12.890625,-0.16666666666666666,0.03186678886413574,19.2578125
,0,19.8046875,-0.78125,0.007200002670288086,0.09049797058105469,39.0625,12.890625,42,42,12.890625,-0.2857142857142857,0.03186678886413574,19.2578125
,-1,22.5390625,-0.78125,0.025537014007568318,0.116034984588623,44.53125,15.625,43,42,15.625,-0.25,0.05740380287170406,21.9921875
,0,22.5390625,-0.78125,0.0060579776763916016,0.1220929622650146,44.53125,15.625,42,42,15.625,-0.3333333333333333,0.05740380287170406,21.9921875
,0,22.5390625,-0.78125,0.0031211376190185963,0.1252140998840332,44.53125,15.625,42,42,15.625,-0.3,0.05740380287170406,21.9921875
,0,22.5390625,-0.78125,0.02196002006530759,0.1471741199493408,44.53125,15.625,42,42,15.625,-0.2727272727272727,0.05740380287170406,21.9921875
,1,22.5390625,-0.78125,0.010317802429199219,0.15749192237854,44.53125,15.625,41,42,15.625,-0.25,0.06772160530090328,21.9921875
,1,22.5390625,-0.78125,0.005549192428588895,0.1630411148071289,44.53125,15.625,41,42,15.625,-0.15384615384615385,0.07327079772949217,21.9921875
,2,22.5390625,-0.78125,0.009500026702880887,0.1725411415100098,44.53125,15.625,40,42,15.625,-0.07142857142857142,0.09227085113525395,21.9921875
,3,22.5390625,-0.78125,0.006639003753662109,0.1791801452636719,44.53125,15.625,39,42,15.625,0.06666666666666667,0.11218786239624028,21.9921875
,4,23.3203125,-0.78125,0.016274929046630804,0.1954550743103027,46.09375,16.40625,38,42,16.40625,0.25,0.1772875785827635,22.7734375
,4,23.3203125,-0.78125,0.0067119598388671875,0.2021670341491699,46.09375,16.40625,38,42,16.40625,0.47058823529411764,0.20413541793823226,22.7734375
,5,23.3203125,-0.78125,0.01388692855834961,0.2160539627075195,46.09375,16.40625,37,42,16.40625,0.6666666666666666,0.2735700607299803,22.7734375
,4,23.3203125,-0.78125,0.011137008666992188,0.2271909713745117,46.09375,16.40625,38,42,16.40625,0.8947368421052632,0.31811809539794905,22.7734375
,5,23.3203125,-0.78125,0.004683971405029297,0.231874942779541,46.09375,16.40625,37,42,16.40625,1.05,0.34153795242309554,22.7734375
,5,24.1015625,-0.78125,0.01862502098083499,0.250499963760376,47.65625,17.1875,37,42,17.1875,1.2380952380952381,0.4346630573272705,23.5546875
,5,24.1015625,-0.78125,0.0065920352935791016,0.2570919990539551,47.65625,17.1875,37,42,17.1875,1.4090909090909092,0.467623233795166,23.5546875
,5,23.96484375,-0.390625,0.02108502388000494,0.27817702293396,47.65625,17.32421875,37,42,17.32421875,1.565217391304348,0.5730483531951907,23.69140625
,5,24.84375,-0.390625,0.008027076721191406,0.2862040996551514,49.4140625,18.203125,37,42,18.203125,1.7083333333333333,0.6131837368011477,24.5703125
,5,24.84375,-0.390625,0.0037970542907714844,0.2900011539459229,49.4140625,18.203125,37,42,18.203125,1.84,0.6321690082550051,24.5703125
,4,25.0390625,-0.390625,0.019236803054809515,0.3092379570007324,49.8046875,18.3984375,38,42,18.3984375,1.9615384615384615,0.7091162204742432,24.765625
,5,25.0390625,-0.390625,0.007606983184814453,0.3168449401855469,49.8046875,18.3984375,37,42,18.3984375,2.037037037037037,0.7471511363983154,24.765625
,5,25.0390625,-0.390625,0.009339094161987305,0.3261840343475342,49.8046875,18.3984375,37,42,18.3984375,2.142857142857143,0.793846607208252,24.765625
,6,26.50390625,-0.390625,0.021939039230346735,0.3481230735778809,52.734375,19.86328125,36,42,19.86328125,2.2413793103448274,0.9254808425903324,26.23046875
,7,26.50390625,-0.390625,0.009923934936523382,0.3580470085144043,52.734375,19.86328125,35,42,19.86328125,2.3666666666666667,0.9949483871459961,26.23046875
,7,26.50390625,-0.390625,0.009199142456054688,0.367246150970459,52.734375,19.86328125,35,42,19.86328125,2.5161290322580645,1.059342384338379,26.23046875
,8,27.08984375,-0.390625,0.006630897521972601,0.3738770484924316,53.90625,20.44921875,34,42,20.44921875,2.65625,1.1123895645141597,26.81640625
,8,27.08984375,-0.390625,0.006953954696655329,0.3808310031890869,53.90625,20.44921875,34,42,20.44921875,2.8181818181818183,1.1680212020874023,26.81640625
,10,27.08984375,-0.390625,0.0179290771484375,0.3987600803375244,53.90625,20.44921875,32,42,20.44921875,2.9705882352941178,1.3473119735717773,26.81640625
,10,26.89453125,-0.390625,0.02755904197692871,0.4263191223144531,53.515625,20.64453125,32,42,20.64453125,3.1714285714285713,1.6229023933410645,26.62109375
,9,26.89453125,-0.390625,0.012003898620605469,0.4383230209350586,53.515625,20.64453125,33,42,20.64453125,3.361111111111111,1.7309374809265137,26.62109375
,9,26.89453125,-0.390625,0.007975101470947321,0.4462981224060059,53.515625,20.64453125,33,42,20.64453125,3.5135135135135136,1.8027133941650395,26.62109375
,10,27.48046875,-0.390625,0.008962869644164984,0.4552609920501709,54.6875,21.23046875,32,42,21.23046875,3.6578947368421053,1.8923420906066895,27.20703125
,10,27.48046875,-0.390625,0.008657932281494085,0.463918924331665,54.6875,21.23046875,32,42,21.23046875,3.8205128205128207,1.9789214134216304,27.20703125
,9,27.48046875,-0.390625,0.01887822151184093,0.4827971458435059,54.6875,21.23046875,33,42,21.23046875,3.975,2.1488254070281987,27.20703125
,9,27.48046875,-0.390625,0.003428936004638561,0.4862260818481445,54.6875,21.23046875,33,42,21.23046875,4.097560975609756,2.179685831069946,27.20703125
,9,27.48046875,-0.390625,0.005885839462280329,0.4921119213104248,54.6875,21.23046875,33,42,21.23046875,4.214285714285714,2.2326583862304688,27.20703125
,9,27.48046875,-0.390625,0.02321910858154297,0.5153310298919678,54.6875,21.23046875,33,42,21.23046875,4.325581395348837,2.4416303634643555,27.20703125
,9,27.48046875,-0.390625,0.009860038757324219,0.525191068649292,54.6875,21.23046875,33,42,21.23046875,4.431818181818182,2.5303707122802734,27.20703125
,9,27.48046875,-0.390625,0.012104034423828125,0.5372951030731201,54.6875,21.23046875,33,42,21.23046875,4.533333333333333,2.6393070220947266,27.20703125
,9,27.48046875,-0.390625,0.009112834930419922,0.54640793800354,54.6875,21.23046875,33,42,21.23046875,4.630434782608695,2.721322536468506,27.20703125
,10,27.48046875,-0.390625,0.005747079849243164,0.5521550178527832,54.6875,21.23046875,32,42,21.23046875,4.723404255319149,2.7787933349609375,27.20703125
,9,27.48046875,-0.390625,0.023289918899536133,0.5754449367523193,54.6875,21.23046875,33,42,21.23046875,4.833333333333333,2.9884026050567627,27.20703125
,9,27.48046875,-0.390625,0.004887104034423828,0.5803320407867432,54.6875,21.23046875,33,42,21.23046875,4.918367346938775,3.032386541366577,27.20703125
,9,27.48046875,-0.390625,0.016369104385375977,0.5967011451721191,54.6875,21.23046875,33,42,21.23046875,5.0,3.179708480834961,27.20703125
,9,27.48046875,-0.390625,0.00641179084777832,0.6031129360198975,54.6875,21.23046875,33,42,21.23046875,5.078431372549019,3.237414598464966,27.20703125
,8,27.48046875,-0.390625,0.007642984390258789,0.6107559204101562,54.6875,21.23046875,34,42,21.23046875,5.153846153846154,3.298558473587036,27.20703125
,9,27.48046875,-0.390625,0.0136871337890625,0.6244430541992188,54.6875,21.23046875,33,42,21.23046875,5.2075471698113205,3.4217426776885986,27.20703125
,9,27.48046875,-0.390625,0.009456872940063477,0.6338999271392822,54.6875,21.23046875,33,42,21.23046875,5.277777777777778,3.50685453414917,27.20703125
,9,27.48046875,-0.390625,0.006021022796630859,0.6399209499359131,54.6875,21.23046875,33,42,21.23046875,5.345454545454546,3.5610437393188477,27.20703125
,8,27.48046875,-0.390625,0.020748138427734375,0.6606690883636475,54.6875,21.23046875,34,42,21.23046875,5.410714285714286,3.7270288467407227,27.20703125
,8,27.48046875,-0.390625,0.007472038269042969,0.6681411266326904,54.6875,21.23046875,34,42,21.23046875,5.456140350877193,3.7868051528930664,27.20703125
,8,27.48046875,-0.390625,0.008082866668701172,0.6762239933013916,54.6875,21.23046875,34,42,21.23046875,5.5,3.851468086242676,27.20703125
,8,27.48046875,-0.390625,0.007182121276855469,0.6834061145782471,54.6875,21.23046875,34,42,21.23046875,5.5423728813559325,3.9089250564575195,27.20703125
,8,27.48046875,-0.390625,0.012996912002563477,0.6964030265808105,54.6875,21.23046875,34,42,21.23046875,5.583333333333333,4.012900352478027,27.20703125
,8,27.48046875,-0.390625,0.009974956512451172,0.7063779830932617,54.6875,21.23046875,34,42,21.23046875,5.622950819672131,4.092700004577637,27.20703125
,8,27.48046875,-0.390625,0.013103008270263672,0.7194809913635254,54.6875,21.23046875,34,42,21.23046875,5.661290322580645,4.197524070739746,27.20703125
,7,27.48046875,-0.390625,0.00766301155090332,0.7271440029144287,54.6875,21.23046875,35,42,21.23046875,5.698412698412699,4.251165151596069,27.20703125
,7,27.48046875,-0.390625,0.010802030563354492,0.7379460334777832,54.6875,21.23046875,35,42,21.23046875,5.71875,4.326779365539551,27.20703125
,7,27.48046875,-0.390625,0.013159990310668945,0.7511060237884521,54.6875,21.23046875,35,42,21.23046875,5.7384615384615385,4.418899297714233,27.20703125
,7,27.48046875,-0.390625,0.007956981658935547,0.7590630054473877,54.6875,21.23046875,35,42,21.23046875,5.757575757575758,4.474598169326782,27.20703125
,7,27.48046875,-0.390625,0.008043050765991211,0.7671060562133789,54.6875,21.23046875,35,42,21.23046875,5.776119402985074,4.530899524688721,27.20703125
,7,27.48046875,-0.390625,0.0106658935546875,0.7777719497680664,54.6875,21.23046875,35,42,21.23046875,5.794117647058823,4.605560779571533,27.20703125
,7,27.48046875,-0.390625,0.013084173202514648,0.790856122970581,54.6875,21.23046875,35,42,21.23046875,5.811594202898551,4.697149991989136,27.20703125
,7,27.48046875,-0.390625,0.007434844970703125,0.7982909679412842,54.6875,21.23046875,35,42,21.23046875,5.828571428571428,4.749193906784058,27.20703125
,8,27.48046875,-0.390625,0.014590024948120117,0.8128809928894043,54.6875,21.23046875,34,42,21.23046875,5.845070422535211,4.8659141063690186,27.20703125
,8,27.48046875,-0.390625,0.020209074020385742,0.83309006690979,54.6875,21.23046875,34,42,21.23046875,5.875,5.0275866985321045,27.20703125
,7,27.48046875,-0.390625,0.007183074951171875,0.8402731418609619,54.6875,21.23046875,35,42,21.23046875,5.904109589041096,5.077868223190308,27.20703125
,7,27.48046875,-0.390625,0.0067729949951171875,0.8470461368560791,54.6875,21.23046875,35,42,21.23046875,5.918918918918919,5.125279188156128,27.20703125
,7,27.48046875,-0.390625,0.016112804412841797,0.8631589412689209,54.6875,21.23046875,35,42,21.23046875,5.933333333333334,5.2380688190460205,27.20703125
,7,27.48046875,-0.390625,0.006110191345214844,0.8692691326141357,54.6875,21.23046875,35,42,21.23046875,5.947368421052632,5.280840158462524,27.20703125
,7,27.48046875,-0.390625,0.01600480079650879,0.8852739334106445,54.6875,21.23046875,35,42,21.23046875,5.961038961038961,5.392873764038086,27.20703125
,7,27.48046875,-0.390625,0.00593113899230957,0.8912050724029541,54.6875,21.23046875,35,42,21.23046875,5.9743589743589745,5.434391736984253,27.20703125
,7,27.48046875,-0.390625,0.012719869613647461,0.9039249420166016,54.6875,21.23046875,35,42,21.23046875,5.987341772151899,5.523430824279785,27.20703125
,6,27.48046875,-0.390625,0.011219978332519531,0.9151449203491211,54.6875,21.23046875,36,42,21.23046875,6.0,5.590750694274902,27.20703125
,6,27.48046875,-0.390625,0.006263017654418945,0.92140793800354,54.6875,21.23046875,36,42,21.23046875,6.0,5.628328800201416,27.20703125
,7,27.48046875,-0.390625,0.018452167510986328,0.9398601055145264,54.6875,21.23046875,35,42,21.23046875,6.0,5.75749397277832,27.20703125
,7,27.48046875,-0.390625,0.00854182243347168,0.948401927947998,54.6875,21.23046875,35,42,21.23046875,6.0120481927710845,5.817286729812622,27.20703125
,7,27.48046875,-0.390625,0.00801706314086914,0.9564189910888672,54.6875,21.23046875,35,42,21.23046875,6.023809523809524,5.873406171798706,27.20703125
,7,27.48046875,-0.390625,0.008959054946899414,0.9653780460357666,54.6875,21.23046875,35,42,21.23046875,6.035294117647059,5.936119556427002,27.20703125
,7,27.48046875,-0.390625,0.005667924880981445,0.971045970916748,54.6875,21.23046875,35,42,21.23046875,6.046511627906977,5.975795030593872,27.20703125
,7,27.48046875,-0.390625,0.01498103141784668,0.9860270023345947,54.6875,21.23046875,35,42,21.23046875,6.057471264367816,6.080662250518799,27.20703125
,6,27.48046875,-0.390625,0.01507091522216819,1.001097917556763,54.6875,21.23046875,36,42,21.23046875,6.068181818181818,6.171087741851808,27.20703125
,7,27.48046875,-0.390625,0.00711917877197199,1.008217096328735,54.6875,21.23046875,35,42,21.23046875,6.067415730337078,6.220921993255613,27.20703125
,6,27.48046875,-0.390625,0.01810598373413108,1.026323080062866,54.6875,21.23046875,36,42,21.23046875,6.0777777777777775,6.329557895660399,27.20703125
,7,27.48046875,-0.390625,0.012490987777709961,1.038814067840576,54.6875,21.23046875,35,42,21.23046875,6.076923076923077,6.416994810104368,27.20703125
,7,27.48046875,-0.390625,0.006965875625611018,1.045779943466187,54.6875,21.23046875,35,42,21.23046875,6.086956521739131,6.465755939483645,27.20703125
,6,27.48046875,-0.390625,0.022283077239990012,1.068063020706177,54.6875,21.23046875,36,42,21.23046875,6.096774193548387,6.599454402923586,27.20703125
,6,27.48046875,-0.390625,0.003386974334717019,1.071449995040894,54.6875,21.23046875,36,42,21.23046875,6.095744680851064,6.619776248931888,27.20703125
,6,27.48046875,-0.390625,0.016272068023680974,1.087722063064575,54.6875,21.23046875,36,42,21.23046875,6.094736842105263,6.717408657073975,27.20703125
,6,27.48046875,-0.390625,0.011017084121704102,1.098739147186279,54.6875,21.23046875,36,42,21.23046875,6.09375,6.783511161804199,27.20703125
,6,27.48046875,-0.390625,0.006498813629150835,1.10523796081543,54.6875,21.23046875,36,42,21.23046875,6.092783505154639,6.822504043579104,27.20703125
,6,27.34375,0,0.01697611808776811,1.122214078903198,54.6875,21.3671875,36,42,21.3671875,6.091836734693878,6.924360752105713,27.34375
,6,27.34375,0,0.010024070739745872,1.132238149642944,54.6875,21.3671875,36,42,21.3671875,6.090909090909091,6.984505176544188,27.34375
,6,27.34375,0,0.016201972961426003,1.14844012260437,54.6875,21.3671875,36,42,21.3671875,6.09,7.081717014312744,27.34375
,6,27.34375,0,0.00979590415954612,1.158236026763916,54.6875,21.3671875,36,42,21.3671875,6.089108910891089,7.140492439270021,27.34375
,6,26.93359375,1.171875,0.010356903076171875,1.168592929840088,54.6875,21.77734375,36,42,21.77734375,6.088235294117647,7.202633857727053,27.75390625
,5,26.93359375,1.171875,0.006403207778931108,1.174996137619019,54.6875,21.77734375,37,42,21.77734375,6.087378640776699,7.234649896621708,27.75390625
,5,26.93359375,1.171875,0.015204906463623047,1.190201044082642,54.6875,21.77734375,37,42,21.77734375,6.076923076923077,7.310674428939823,27.75390625
,4,26.93359375,1.171875,0.00830006599426203,1.198501110076904,54.6875,21.77734375,38,42,21.77734375,6.066666666666666,7.343874692916871,27.75390625
,4,26.93359375,1.171875,0.01280498504638694,1.211306095123291,54.6875,21.77734375,38,42,21.77734375,6.047169811320755,7.395094633102419,27.75390625
,4,26.93359375,1.171875,0.011678934097290039,1.222985029220581,54.6875,21.77734375,38,42,21.77734375,6.02803738317757,7.441810369491579,27.75390625
,4,26.93359375,1.171875,0.00416803359985396,1.227153062820435,54.6875,21.77734375,38,42,21.77734375,6.0092592592592595,7.458482503890995,27.75390625
,3,25.9765625,3.90625,0.02134895324707009,1.248502016067505,54.6875,22.734375,39,42,22.734375,5.990825688073395,7.522529363632205,28.7109375
,3,25.9765625,3.90625,0.008821964263915794,1.257323980331421,54.6875,22.734375,39,42,22.734375,5.963636363636364,7.548995256423952,28.7109375
,3,25.9765625,3.90625,0.009117126464844194,1.266441106796265,54.6875,22.734375,39,42,22.734375,5.936936936936937,7.576346635818485,28.7109375
,3,25.9765625,3.90625,0.010468006134032981,1.276909112930298,54.6875,22.734375,39,42,22.734375,5.910714285714286,7.607750654220584,28.7109375
,3,25.9765625,3.90625,0.003100872039794922,1.280009984970093,54.6875,22.734375,39,42,22.734375,5.884955752212389,7.6170532703399685,28.7109375
,3,25.9765625,3.90625,0.01882004737854004,1.298830032348633,54.6875,22.734375,39,42,22.734375,5.859649122807017,7.673513412475589,28.7109375
,3,25.9765625,3.90625,0.008409023284911887,1.307239055633545,54.6875,22.734375,39,42,22.734375,5.834782608695652,7.698740482330324,28.7109375
,3,25.4296875,5.46875,0.011136054992676003,1.318375110626221,54.6875,23.28125,39,42,23.28125,5.810344827586207,7.732148647308352,29.2578125
,3,25.4296875,5.46875,0.010059833526611106,1.328434944152832,54.6875,23.28125,39,42,23.28125,5.786324786324786,7.762328147888185,29.2578125
,3,25.4296875,5.46875,0.011363983154296875,1.339798927307129,54.6875,23.28125,39,42,23.28125,5.762711864406779,7.796420097351076,29.2578125
,3,25.4296875,5.46875,0.015174150466919167,1.354973077774048,54.6875,23.28125,39,42,23.28125,5.739495798319328,7.841942548751834,29.2578125
,3,25.4296875,5.46875,0.01107001304626487,1.366043090820313,54.6875,23.28125,39,42,23.28125,5.716666666666667,7.8751525878906286,29.2578125
,3,25.4296875,5.46875,0.005416870117187056,1.3714599609375,54.6875,23.28125,39,42,23.28125,5.694214876033058,7.891403198242189,29.2578125
,3,25.4296875,5.46875,0.006457090377808061,1.377917051315308,54.6875,23.28125,39,42,23.28125,5.672131147540983,7.910774469375614,29.2578125
,3,25.4296875,5.46875,0.029469013214110884,1.407386064529419,54.6875,23.28125,39,42,23.28125,5.650406504065041,7.999181509017946,29.2578125
,3,23.8671875,5.46875,0.011558055877685103,1.418944120407104,51.5625,24.84375,39,42,24.84375,5.629032258064516,8.033855676651001,27.6953125
,3,23.8671875,5.46875,0.013273954391479936,1.432218074798584,51.5625,24.84375,39,42,24.84375,5.608,8.073677539825441,27.6953125
,3,23.8671875,5.46875,0.006388902664185014,1.438606977462769,51.5625,24.84375,39,42,24.84375,5.587301587301587,8.092844247817997,27.6953125
,3,23.8671875,5.46875,0.01879000663757302,1.457396984100342,51.5625,24.84375,39,42,24.84375,5.566929133858268,8.149214267730716,27.6953125
,3,22.91015625,8.203125,0.015082120895385964,1.472479104995728,51.5625,25.80078125,39,42,25.80078125,5.546875,8.194460630416874,28.65234375
,2,22.91015625,8.203125,0.010941028594970037,1.483420133590698,51.5625,25.80078125,40,42,25.80078125,5.5271317829457365,8.216342687606813,28.65234375
,2,22.91015625,8.203125,0.008350849151611994,1.49177098274231,51.5625,25.80078125,40,42,25.80078125,5.5,8.233044385910038,28.65234375
,1,21.26953125,12.890625,0.032686948776244895,1.524457931518555,51.5625,27.44140625,41,42,27.44140625,5.473282442748092,8.265731334686283,30.29296875
,1,21.26953125,12.890625,0.007405996322632058,1.531863927841187,51.5625,27.44140625,41,42,27.44140625,5.4393939393939394,8.273137331008915,30.29296875
,1,21.26953125,12.890625,0.006463050842284934,1.538326978683472,51.5625,27.44140625,41,42,27.44140625,5.406015037593985,8.2796003818512,30.29296875
,1,21.54296875,12.109375,0.02612709999084406,1.564454078674316,51.5625,27.71484375,41,42,27.71484375,5.373134328358209,8.305727481842045,30.01953125
,1,21.54296875,12.109375,0.009984016418457031,1.574438095092773,51.5625,27.71484375,41,42,27.71484375,5.340740740740741,8.315711498260502,30.01953125
,1,23.18359375,7.421875,0.022897958755494052,1.597336053848267,51.5625,29.35546875,41,42,29.35546875,5.3088235294117645,8.338609457015995,28.37890625
,1,23.18359375,7.421875,0.00396299362182595,1.601299047470093,51.5625,29.35546875,41,42,29.35546875,5.2773722627737225,8.342572450637821,28.37890625
,1,23.18359375,7.421875,0.0071489810943599075,1.608448028564453,51.5625,29.35546875,41,42,29.35546875,5.246376811594203,8.349721431732181,28.37890625
,1,23.18359375,7.421875,0.040585994720459206,1.649034023284912,51.5625,29.35546875,41,42,29.35546875,5.215827338129497,8.39030742645264,28.37890625
,1,23.18359375,7.421875,0.009364128112792969,1.658398151397705,51.5625,29.35546875,41,42,29.35546875,5.185714285714286,8.399671554565433,28.37890625
,1,23.18359375,7.421875,0.005979776382445845,1.664377927780151,51.5625,29.35546875,41,42,29.35546875,5.156028368794326,8.40565133094788,28.37890625
,1,23.18359375,7.421875,0.015809059143067072,1.680186986923218,51.5625,29.35546875,41,42,29.35546875,5.126760563380282,8.421460390090946,28.37890625
,1,23.18359375,7.421875,0.00800395011901811,1.688190937042236,51.5625,29.35546875,41,42,29.35546875,5.0979020979020975,8.429464340209964,28.37890625
,2,23.662109375,6.0546875,0.02918505668640181,1.717375993728638,51.5625,29.833984375,40,42,29.833984375,5.069444444444445,8.487834453582767,27.900390625
,2,23.662109375,6.0546875,0.004019975662231001,1.721395969390869,51.5625,29.833984375,40,42,29.833984375,5.048275862068966,8.49587440490723,27.900390625
,2,23.662109375,6.0546875,0.006067991256714089,1.727463960647583,51.5625,29.833984375,40,42,29.833984375,5.027397260273973,8.508010387420658,27.900390625
,2,23.798828125,5.6640625,0.021857023239135964,1.749320983886719,51.5625,29.970703125,40,42,29.970703125,5.006802721088436,8.55172443389893,27.763671875
,2,23.798828125,5.6640625,0.007889986038208008,1.757210969924927,51.5625,29.970703125,40,42,29.970703125,4.986486486486487,8.567504405975345,27.763671875
,2,23.798828125,5.6640625,0.01822400093078591,1.775434970855713,51.5625,29.970703125,40,42,29.970703125,4.966442953020135,8.603952407836918,27.763671875
,2,23.798828125,5.6640625,0.006976127624512163,1.782411098480225,51.5625,29.970703125,40,42,29.970703125,4.946666666666666,8.617904663085941,27.763671875
,2,23.798828125,5.6640625,0.0056519508361809745,1.788063049316406,51.5625,29.970703125,40,42,29.970703125,4.927152317880795,8.629208564758303,27.763671875
,2,25.09765625,1.953125,0.01872491836547896,1.806787967681885,51.5625,31.26953125,40,42,31.26953125,4.907894736842105,8.666658401489261,26.46484375
,2,25.09765625,1.953125,0.007138967514038086,1.813926935195923,51.5625,31.26953125,40,42,31.26953125,4.888888888888889,8.680936336517338,26.46484375
,2,25.09765625,1.953125,0.006031036376952903,1.819957971572876,51.5625,31.26953125,40,42,31.26953125,4.87012987012987,8.692998409271244,26.46484375
,2,25.78125,0,0.030837059020996094,1.850795030593872,51.5625,31.953125,40,42,31.953125,4.851612903225806,8.754672527313236,25.78125
,2,25.78125,0,0.009876966476440874,1.860671997070313,51.5625,31.953125,40,42,31.953125,4.833333333333333,8.774426460266117,25.78125
,2,25.78125,0,0.00864005088806108,1.869312047958374,51.5625,31.953125,40,42,31.953125,4.8152866242038215,8.79170656204224,25.78125
,3,26.11328125,-0.390625,0.017575979232788086,1.886888027191162,51.953125,32.28515625,39,42,32.01171875,4.7974683544303796,8.844434499740604,25.83984375
,2,26.11328125,-0.390625,0.008290052413940874,1.895178079605103,51.953125,32.28515625,40,42,32.01171875,4.786163522012578,8.861014604568485,25.83984375
,3,28.02734375,-1.953125,0.023194074630737083,1.91837215423584,54.6875,34.19921875,39,42,32.83203125,4.76875,8.930596828460697,26.66015625
,3,28.02734375,-1.953125,0.006545782089232954,1.924917936325073,54.6875,34.19921875,39,42,32.83203125,4.75776397515528,8.950234174728395,26.66015625
,3,30.05859375,-4.6875,0.018320083618164062,1.943238019943237,56.8359375,36.23046875,39,42,32.94921875,4.746913580246914,9.005194425582888,26.77734375
,4,30.126953125,-4.8828125,0.015336036682128906,1.958574056625366,56.8359375,36.298828125,38,42,33.017578125,4.736196319018405,9.066538572311403,26.708984375
,3,32.3046875,-8.59375,0.014402866363526057,1.972976922988892,58.59375,38.4765625,39,42,33.4375,4.7317073170731705,9.109747171401981,26.2890625
,3,32.3046875,-8.59375,0.008035182952879971,1.981012105941772,58.59375,38.4765625,39,42,33.4375,4.721212121212122,9.13385272026062,26.2890625
,3,33.046875,-10.15625,0.017650842666625977,1.998662948608398,58.984375,39.21875,39,42,33.7890625,4.710843373493976,9.186805248260498,25.9375
,4,34.453125,-12.5,0.01995110511779785,2.018614053726196,60.15625,40.625,38,42,34.0234375,4.700598802395209,9.26660966873169,25.703125
,4,35.234375,-12.5,0.014777898788452148,2.033391952514648,61.71875,41.40625,38,42,34.8046875,4.696428571428571,9.325721263885498,26.484375
,4,35.234375,-12.5,0.006561994552613193,2.039953947067261,61.71875,41.40625,38,42,34.8046875,4.6923076923076925,9.35196924209595,26.484375
,4,35.234375,-12.5,0.01579213142394975,2.055746078491211,61.71875,41.40625,38,42,34.8046875,4.688235294117647,9.41513776779175,26.484375
,4,36.40625,-12.5,0.009495973587036133,2.065242052078247,64.0625,42.578125,38,42,35.9765625,4.684210526315789,9.453121662139894,27.65625
,4,36.40625,-12.5,0.008065938949584961,2.073307991027832,64.0625,42.578125,38,42,35.9765625,4.680232558139535,9.485385417938234,27.65625
,5,36.40625,-12.5,0.01814198493957475,2.091449975967407,64.0625,42.578125,37,42,35.9765625,4.676300578034682,9.576095342636108,27.65625
,5,36.40625,-12.5,0.0058591365814213425,2.097309112548828,64.0625,42.578125,37,42,35.9765625,4.67816091954023,9.605391025543215,27.65625
,5,36.40625,-12.5,0.018172025680541992,2.11548113822937,64.0625,42.578125,37,42,35.9765625,4.68,9.696251153945925,27.65625
,5,36.40625,-12.5,0.014474868774414062,2.129956007003784,64.0625,42.578125,37,42,35.9765625,4.681818181818182,9.768625497817995,27.65625
,5,36.40625,-12.5,0.0029909610748286575,2.132946968078613,64.0625,42.578125,37,42,35.9765625,4.68361581920904,9.783580303192139,27.65625
,5,36.40625,-12.5,0.0060629844665531785,2.139009952545166,64.0625,42.578125,37,42,35.9765625,4.685393258426966,9.813895225524904,27.65625
,5,36.953125,-14.0625,0.019698143005371094,2.158708095550537,64.0625,43.125,37,42,36.5234375,4.687150837988827,9.91238594055176,27.109375
,6,36.953125,-14.0625,0.011150836944580078,2.169858932495117,64.0625,43.125,36,42,36.5234375,4.688888888888889,9.97929096221924,27.109375
,6,36.953125,-14.0625,0.009460210800170898,2.179319143295288,64.0625,43.125,36,42,36.5234375,4.696132596685083,10.036052227020265,27.109375
,6,36.953125,-14.0625,0.010755777359008789,2.190074920654297,64.0625,43.125,36,42,36.5234375,4.7032967032967035,10.100586891174318,27.109375
,6,35.927734375,-11.1328125,0.014834165573120117,2.204909086227417,64.0625,44.150390625,36,42,37.548828125,4.7103825136612025,10.189591884613039,28.134765625
,6,35.791015625,-10.7421875,0.011124849319458008,2.216033935546875,64.0625,44.287109375,36,42,37.685546875,4.717391304347826,10.256340980529787,28.271484375
,6,35.791015625,-10.7421875,0.007941007614136186,2.223974943161011,64.0625,44.287109375,36,42,37.685546875,4.724324324324324,10.303987026214603,28.271484375
,6,35.791015625,-10.7421875,0.006077051162718838,2.23005199432373,64.0625,44.287109375,36,42,37.685546875,4.731182795698925,10.340449333190916,28.271484375
,6,35.0390625,-8.59375,0.02097105979919478,2.251023054122925,64.0625,45.0390625,36,42,38.4375,4.737967914438503,10.466275691986084,29.0234375
,7,35.0390625,-8.59375,0.008835077285766157,2.259858131408691,64.0625,45.0390625,35,42,38.4375,4.74468085106383,10.528121232986447,29.0234375
,7,34.35546875,-6.640625,0.016245841979980913,2.276103973388672,64.0625,45.72265625,35,42,39.12109375,4.756613756613756,10.641842126846313,29.70703125
,7,34.35546875,-6.640625,0.00643396377563521,2.282537937164307,64.0625,45.72265625,35,42,39.12109375,4.768421052631579,10.68687987327576,29.70703125
,7,33.671875,-4.6875,0.015472173690795898,2.298010110855103,64.0625,46.40625,35,42,39.8046875,4.780104712041885,10.795185089111332,30.390625
,7,33.671875,-4.6875,0.008266925811767134,2.30627703666687,64.0625,46.40625,35,42,39.8046875,4.791666666666667,10.853053569793701,30.390625
,7,33.671875,-4.6875,0.0067560672760009766,2.313033103942871,64.0625,46.40625,35,42,39.8046875,4.803108808290156,10.900346040725708,30.390625
,7,32.8515625,-2.34375,0.015239953994750977,2.328273057937622,64.0625,47.2265625,35,42,40.625,4.814432989690721,11.007025718688965,31.2109375
,7,32.44140625,-1.171875,0.010165929794311968,2.338438987731934,64.0625,47.63671875,35,42,41.03515625,4.825641025641025,11.078187227249149,31.62109375
,7,32.44140625,-1.171875,0.005499124526977095,2.343938112258911,64.0625,47.63671875,35,42,41.03515625,4.836734693877551,11.116681098937988,31.62109375
,7,32.44140625,-1.171875,0.004926919937133789,2.348865032196045,64.0625,47.63671875,35,42,41.03515625,4.847715736040609,11.151169538497925,31.62109375
,7,32.44140625,-1.171875,0.019587993621826172,2.368453025817871,64.0625,47.63671875,35,42,41.03515625,4.858585858585859,11.288285493850708,31.62109375
,7,32.44140625,-1.171875,0.012321949005126953,2.380774974822998,64.0625,47.63671875,35,42,41.03515625,4.869346733668341,11.374539136886597,31.62109375
,8,32.44140625,-1.171875,0.011288166046143022,2.392063140869141,64.0625,47.63671875,34,42,41.03515625,4.88,11.46484446525574,31.62109375
,8,32.44140625,-1.171875,0.007022857666014737,2.399085998535156,64.0625,47.63671875,34,42,41.03515625,4.895522388059701,11.521027326583859,31.62109375
,8,32.16796875,-0.390625,0.03093099594116211,2.430016994476318,64.0625,47.91015625,34,42,41.30859375,4.910891089108911,11.768475294113156,31.89453125
,9,32.16796875,-0.390625,0.007971048355102983,2.437988042831421,64.0625,47.91015625,33,42,41.30859375,4.926108374384237,11.840214729309082,31.89453125
,8,32.16796875,-0.390625,0.009733915328979048,2.4477219581604,64.0625,47.91015625,34,42,41.30859375,4.946078431372549,11.918086051940914,31.89453125
,8,32.16796875,-0.390625,0.005503177642823154,2.453225135803223,64.0625,47.91015625,34,42,41.30859375,4.9609756097560975,11.9621114730835,31.89453125
,9,32.265625,-0.390625,0.012571811676024947,2.465796947479248,64.2578125,48.0078125,33,42,41.40625,4.975728155339806,12.075257778167725,31.9921875
,9,32.265625,-0.390625,0.015618085861206055,2.481415033340454,64.2578125,48.0078125,33,42,41.40625,4.995169082125604,12.215820550918579,31.9921875
,9,32.94921875,-0.390625,0.021099090576171875,2.502514123916626,65.625,48.69140625,33,42,42.08984375,5.014423076923077,12.405712366104126,32.67578125
,9,32.94921875,-0.390625,0.008541822433472124,2.511055946350098,65.625,48.69140625,33,42,42.08984375,5.033492822966507,12.482588768005375,32.67578125
,10,32.94921875,-0.390625,0.006056070327757901,2.517112016677856,65.625,48.69140625,32,42,42.08984375,5.052380952380952,12.543149471282954,32.67578125
,10,32.94921875,-0.390625,0.02977991104126021,2.546891927719116,65.625,48.69140625,32,42,42.08984375,5.075829383886256,12.840948581695557,32.67578125
,9,32.94921875,-0.390625,0.005609989166259766,2.552501916885376,65.625,48.69140625,33,42,42.08984375,5.099056603773585,12.891438484191895,32.67578125
,9,32.94921875,-0.390625,0.008403062820435014,2.560904979705811,65.625,48.69140625,33,42,42.08984375,5.117370892018779,12.96706604957581,32.67578125
,10,32.197265625,1.7578125,0.022065162658690962,2.582970142364502,65.625,49.443359375,32,42,42.841796875,5.135514018691588,13.18771767616272,33.427734375
,10,32.197265625,1.7578125,0.008786916732788086,2.59175705909729,65.625,49.443359375,32,42,42.841796875,5.158139534883721,13.2755868434906,33.427734375
,10,31.30859375,4.296875,0.020663976669311968,2.612421035766602,65.625,50.33203125,32,42,43.73046875,5.180555555555555,13.48222661018372,34.31640625
,10,31.30859375,4.296875,0.007591962814331055,2.620012998580933,65.625,50.33203125,32,42,43.73046875,5.202764976958525,13.55814623832703,34.31640625
,11,30.8984375,5.46875,0.016085147857666016,2.636098146438599,65.625,50.7421875,31,42,44.140625,5.224770642201835,13.735082864761356,34.7265625
,11,30.8984375,5.46875,0.009884834289549893,2.645982980728149,65.625,50.7421875,31,42,44.140625,5.251141552511416,13.843816041946404,34.7265625
,11,30.8984375,5.46875,0.010049104690552202,2.656032085418701,65.625,50.7421875,31,42,44.140625,5.277272727272727,13.954356193542479,34.7265625
,11,30.8984375,5.46875,0.011333942413329634,2.667366027832031,65.625,50.7421875,31,42,44.140625,5.3031674208144794,14.079029560089104,34.7265625
,11,30.8984375,5.46875,0.009749889373780185,2.677115917205811,65.625,50.7421875,31,42,44.140625,5.328828828828829,14.186278343200687,34.7265625
,11,30.8984375,5.46875,0.0067811012268061965,2.683897018432617,65.625,50.7421875,31,42,44.140625,5.354260089686099,14.260870456695555,34.7265625
,11,30.8984375,5.46875,0.022269010543822798,2.70616602897644,65.625,50.7421875,31,42,44.140625,5.379464285714286,14.505829572677605,34.7265625
,12,30.8984375,5.46875,0.0029048919677738816,2.709070920944214,65.625,50.7421875,30,42,44.140625,5.404444444444445,14.540688276290892,34.7265625
,11,30.8984375,5.46875,0.010338068008423296,2.719408988952637,65.625,50.7421875,31,42,44.140625,5.433628318584071,14.654407024383548,34.7265625
,11,28.779296875,11.5234375,0.01890015602111772,2.738309144973755,65.625,52.861328125,31,42,46.259765625,5.458149779735683,14.862308740615843,36.845703125
,11,28.779296875,11.5234375,0.008734941482543945,2.747044086456299,65.625,52.861328125,31,42,46.259765625,5.482456140350878,14.958393096923826,36.845703125
,11,28.779296875,11.5234375,0.00733184814453125,2.75437593460083,65.625,52.861328125,31,42,46.259765625,5.506550218340611,15.03904342651367,36.845703125
,11,28.1640625,13.28125,0.02493214607238814,2.779308080673218,65.625,53.4765625,31,42,46.875,5.530434782608696,15.31329703330994,37.4609375
,11,28.1640625,13.28125,0.010632038116454634,2.789940118789673,65.625,53.4765625,31,42,46.875,5.554112554112554,15.43024945259094,37.4609375
,11,27.34375,15.625,0.02303600311279297,2.812976121902466,65.625,54.296875,31,42,47.6953125,5.577586206896552,15.683645486831663,38.28125
,11,27.34375,15.625,0.008469820022583008,2.821445941925049,65.625,54.296875,31,42,47.6953125,5.600858369098712,15.776813507080076,38.28125
,11,27.34375,15.625,0.010472059249878374,2.831918001174927,65.625,54.296875,31,42,47.6953125,5.6239316239316235,15.892006158828739,38.28125
,11,26.93359375,16.796875,0.027491092681884766,2.859409093856812,65.625,54.70703125,31,42,48.10546875,5.646808510638298,16.19440817832947,38.69140625
,11,26.796875,17.1875,0.019074916839599165,2.878484010696411,65.625,54.84375,31,42,48.2421875,5.669491525423729,16.404232263565063,38.828125
,11,25.9765625,19.53125,0.010658979415893999,2.889142990112305,65.625,55.6640625,31,42,49.0625,5.69198312236287,16.521481037139896,39.6484375
,11,25.9765625,19.53125,0.006288051605223721,2.895431041717529,65.625,55.6640625,31,42,49.0625,5.714285714285714,16.590649604797356,39.6484375
,11,25.9765625,19.53125,0.009780883789062944,2.905211925506592,65.625,55.6640625,31,42,49.0625,5.7364016736401675,16.698239326477047,39.6484375
,11,25.29296875,21.484375,0.025888204574585405,2.931100130081177,65.625,56.34765625,31,42,49.74609375,5.758333333333334,16.983009576797485,40.33203125
,11,25.29296875,21.484375,0.0061249732971186965,2.937225103378296,65.625,56.34765625,31,42,49.74609375,5.780082987551867,17.050384283065792,40.33203125
,11,25.29296875,21.484375,0.010699033737183061,2.947924137115479,65.625,56.34765625,31,42,49.74609375,5.801652892561983,17.168073654174805,40.33203125
,11,23.515625,26.5625,0.02113080024719194,2.969054937362671,65.625,58.125,31,42,51.5234375,5.823045267489712,17.400512456893917,42.109375
,11,23.515625,26.5625,0.009860038757324219,2.978914976119995,65.625,58.125,31,42,51.5234375,5.844262295081967,17.508972883224484,42.109375
,11,23.515625,26.5625,0.009536027908324751,2.98845100402832,65.625,58.125,31,42,51.5234375,5.865306122448979,17.613869190216057,42.109375
,11,21.875,31.25,0.026813983917237216,3.015264987945557,65.625,59.765625,31,42,53.1640625,5.8861788617886175,17.908823013305668,43.75
,10,21.875,31.25,0.0060219764709468215,3.021286964416504,65.625,59.765625,32,42,53.1640625,5.906882591093117,17.969042778015137,43.75
,10,18.96484375,33.984375,0.030500173568725142,3.051787137985229,61.71875,62.67578125,32,42,54.16015625,5.923387096774194,18.27404451370239,42.75390625
,11,18.96484375,33.984375,0.009576797485352007,3.061363935470581,61.71875,62.67578125,31,42,54.16015625,5.9397590361445785,18.37938928604126,42.75390625
,10,18.96484375,33.984375,0.0077130794525150925,3.069077014923096,61.71875,62.67578125,32,42,54.16015625,5.96,18.45652008056641,42.75390625
,10,18.5546875,35.15625,0.023972034454344815,3.093049049377441,61.71875,63.0859375,32,42,54.5703125,5.9760956175298805,18.696240425109856,43.1640625
,10,18.5546875,35.15625,0.007855892181396928,3.100904941558838,61.71875,63.0859375,32,42,54.5703125,5.992063492063492,18.774799346923825,43.1640625
,10,18.5546875,35.15625,0.01846718788147017,3.119372129440308,61.71875,63.0859375,32,42,54.5703125,6.007905138339921,18.959471225738525,43.1640625
,10,18.5546875,35.15625,0.009395837783813032,3.128767967224121,61.71875,63.0859375,32,42,54.5703125,6.0236220472440944,19.053429603576657,43.1640625
,9,18.5546875,35.15625,0.01710295677185103,3.145870923995972,61.71875,63.0859375,33,42,54.5703125,6.03921568627451,19.207356214523315,43.1640625
,10,18.5546875,35.15625,0.02148509025573686,3.167356014251709,61.71875,63.0859375,32,42,54.5703125,6.05078125,19.422207117080685,43.1640625
,9,18.5546875,35.15625,0.016098976135253906,3.183454990386963,61.71875,63.0859375,33,42,54.5703125,6.066147859922179,19.56709790229797,43.1640625
,10,18.5546875,35.15625,0.011815071105957031,3.19527006149292,61.71875,63.0859375,32,42,54.5703125,6.077519379844961,19.68524861335754,43.1640625
,10,17.96875,35.15625,0.044534921646118164,3.239804983139038,60.546875,63.671875,32,42,55.15625,6.0926640926640925,20.130597829818722,42.578125
,10,17.96875,35.15625,0.009618997573852983,3.249423980712891,60.546875,63.671875,32,42,55.15625,6.107692307692307,20.22678780555725,42.578125
,9,17.96875,35.15625,0.021281957626341885,3.270705938339233,60.546875,63.671875,33,42,55.15625,6.1226053639846745,20.41832542419433,42.578125
,10,17.96875,35.15625,0.008774042129517046,3.27947998046875,60.546875,63.671875,32,42,55.15625,6.133587786259542,20.5060658454895,42.578125
,9,17.96875,35.15625,0.008944988250731978,3.288424968719482,60.546875,63.671875,33,42,55.15625,6.14828897338403,20.586570739746087,42.578125
,9,16.171875,37.5,0.023460149765015093,3.311885118484497,58.59375,65.46875,33,42,55.3125,6.159090909090909,20.797712087631222,42.421875
,9,16.171875,37.5,0.009183883666991743,3.321069002151489,58.59375,65.46875,33,42,55.3125,6.169811320754717,20.880367040634148,42.421875
,9,16.171875,37.5,0.007177114486695224,3.328246116638184,58.59375,65.46875,33,42,55.3125,6.180451127819549,20.944961071014404,42.421875
,8,14.218750000000002,41.40625,0.03054785728454501,3.358793973922729,57.421875,67.421875,34,42,56.09375,6.191011235955056,21.189343929290764,43.203125
,8,14.218750000000002,41.40625,0.011347055435181108,3.37014102935791,57.421875,67.421875,34,42,56.09375,6.197761194029851,21.280120372772213,43.203125
,8,14.218750000000002,41.40625,0.00816202163696289,3.378303050994873,57.421875,67.421875,34,42,56.09375,6.204460966542751,21.345416545867916,43.203125
,8,11.757812500000002,44.53125,0.0150671005249019,3.393370151519775,54.6875,69.8828125,34,42,56.3671875,6.211111111111111,21.46595335006713,42.9296875
,8,11.757812500000002,44.53125,0.00900197029113814,3.402372121810913,54.6875,69.8828125,34,42,56.3671875,6.217712177121771,21.537969112396237,42.9296875
,7,9.1015625,47.65625,0.03299999237060591,3.435372114181519,51.5625,72.5390625,35,42,56.8359375,6.224264705882353,21.76896905899048,42.4609375
,8,9.1015625,47.65625,0.010108947753905806,3.445481061935425,51.5625,72.5390625,34,42,56.8359375,6.227106227106227,21.849840641021725,42.4609375
,7,7.7734375,49.21875,0.022959947586059126,3.468441009521484,50.0,73.8671875,35,42,57.0703125,6.233576642335766,22.01056027412414,42.2265625
,7,7.7734375,49.21875,0.00957798957824707,3.478018999099731,50.0,73.8671875,35,42,57.0703125,6.236363636363636,22.077606201171868,42.2265625
,7,7.7734375,49.21875,0.00823092460632413,3.486249923706055,50.0,73.8671875,35,42,57.0703125,6.239130434782608,22.135222673416138,42.2265625
,7,7.7734375,49.21875,0.010168075561522993,3.496417999267578,50.0,73.8671875,35,42,57.0703125,6.241877256317689,22.206399202346798,42.2265625
,7,7.7734375,49.21875,0.015861988067626953,3.512279987335205,50.0,73.8671875,35,42,57.0703125,6.244604316546763,22.317433118820187,42.2265625
,7,7.7734375,49.21875,0.010587930679320845,3.522867918014526,50.0,73.8671875,35,42,57.0703125,6.247311827956989,22.391548633575432,42.2265625
,7,6.953125,51.5625,0.027040004730225053,3.549907922744751,50.0,74.6875,35,42,57.890625,6.25,22.580828666687008,43.046875
,8,6.953125,51.5625,0.009418010711669922,3.559325933456421,50.0,74.6875,34,42,57.890625,6.252669039145908,22.656172752380368,43.046875
,8,6.953125,51.5625,0.011227130889892134,3.570553064346313,50.0,74.6875,34,42,57.890625,6.25886524822695,22.745989799499505,43.046875
,8,6.953125,51.5625,0.027878999710083008,3.598432064056396,50.0,74.6875,34,42,57.890625,6.265017667844523,22.96902179718017,43.046875
,8,6.953125,51.5625,0.00784397125244185,3.606276035308838,50.0,74.6875,34,42,57.890625,6.27112676056338,23.031773567199703,43.046875
,8,6.953125,51.5625,0.01610398292541504,3.622380018234253,50.0,74.6875,34,42,57.890625,6.277192982456141,23.160605430603024,43.046875
,8,6.953125,51.5625,0.013032913208008257,3.635412931442261,50.0,74.6875,34,42,57.890625,6.283216783216783,23.26486873626709,43.046875
,8,6.953125,51.5625,0.007675170898436612,3.643088102340698,50.0,74.6875,34,42,57.890625,6.289198606271777,23.326270103454583,43.046875
,8,5.5859375,55.46875,0.029337882995606357,3.672425985336304,50.0,76.0546875,34,42,59.2578125,6.295138888888889,23.560973167419434,44.4140625
,8,5.5859375,55.46875,0.009746074676512784,3.682172060012817,50.0,76.0546875,34,42,59.2578125,6.301038062283737,23.638941764831536,44.4140625
,8,5.5859375,55.46875,0.009000062942504883,3.691172122955322,50.0,76.0546875,34,42,59.2578125,6.3068965517241375,23.710942268371575,44.4140625
,7,4.16015625,57.03125,0.0452809333801274,3.736453056335449,48.2421875,77.48046875,35,42,59.58984375,6.312714776632302,24.027908802032467,44.08203125
,8,4.16015625,57.03125,0.009013891220092773,3.745466947555542,48.2421875,77.48046875,34,42,59.58984375,6.315068493150685,24.10001993179321,44.08203125
,8,4.16015625,57.03125,0.005891084671020952,3.751358032226563,48.2421875,77.48046875,34,42,59.58984375,6.320819112627986,24.147148609161377,44.08203125
,8,3.88671875,57.8125,0.020499944686889204,3.771857976913452,48.2421875,77.75390625,34,42,59.86328125,6.326530612244898,24.31114816665649,44.35546875
,8,3.88671875,57.8125,0.006996154785155806,3.778854131698608,48.2421875,77.75390625,34,42,59.86328125,6.332203389830508,24.367117404937737,44.35546875
,8,4.16015625,57.03125,0.02829384803772017,3.807147979736328,48.2421875,78.02734375,34,42,60.13671875,6.337837837837838,24.5934681892395,44.08203125
,8,4.16015625,57.03125,0.0061380863189697266,3.813286066055298,48.2421875,78.02734375,34,42,60.13671875,6.343434343434343,24.642572879791256,44.08203125
,8,4.16015625,57.03125,0.009971857070923296,3.823257923126221,48.2421875,78.02734375,34,42,60.13671875,6.348993288590604,24.722347736358643,44.08203125
,8,3.33984375,59.375,0.027970075607299805,3.851227998733521,48.2421875,78.84765625,34,42,60.95703125,6.354515050167224,24.94610834121704,44.90234375
,8,3.33984375,59.375,0.00754213333129794,3.858770132064819,48.2421875,78.84765625,34,42,60.95703125,6.36,25.006445407867425,44.90234375
,8,3.33984375,59.375,0.007326841354370117,3.866096973419189,48.2421875,78.84765625,34,42,60.95703125,6.365448504983389,25.065060138702385,44.90234375
,10,3.33984375,59.375,0.0270860195159921,3.893182992935181,48.2421875,78.84765625,32,42,60.95703125,6.370860927152318,25.335920333862305,44.90234375
,10,3.33984375,59.375,0.010636091232298917,3.90381908416748,48.2421875,78.84765625,32,42,60.95703125,6.382838283828383,25.442281246185296,44.90234375
,10,4.16015625,57.03125,0.024294853210450107,3.92811393737793,48.2421875,79.66796875,32,42,61.77734375,6.394736842105263,25.685229778289795,44.08203125
,10,4.16015625,57.03125,0.00577306747436479,3.933887004852295,48.2421875,79.66796875,32,42,61.77734375,6.406557377049181,25.742960453033444,44.08203125
,10,4.16015625,57.03125,0.008340120315552202,3.942227125167847,48.2421875,79.66796875,32,42,61.77734375,6.4183006535947715,25.826361656188965,44.08203125
,11,4.16015625,57.03125,0.02974987030029297,3.97197699546814,48.2421875,79.66796875,31,42,61.77734375,6.429967426710098,26.153610229492188,44.08203125
,11,4.16015625,57.03125,0.009132146835326704,3.981109142303467,48.2421875,79.66796875,31,42,61.77734375,6.444805194805195,26.254063844680783,44.08203125
,12,4.16015625,57.03125,0.011276960372925249,3.992386102676392,48.2421875,79.66796875,30,42,61.77734375,6.459546925566343,26.389387369155884,44.08203125
,12,4.98046875,54.6875,0.015950918197631392,4.008337020874023,48.2421875,80.48828125,30,42,62.59765625,6.47741935483871,26.58079838752746,43.26171875
,12,4.98046875,54.6875,0.006875991821289951,4.015213012695313,48.2421875,80.48828125,30,42,62.59765625,6.495176848874598,26.663310289382938,43.26171875
,13,5.390625,53.515625,0.03283309936523349,4.048046112060547,48.2421875,80.8984375,29,42,63.0078125,6.512820512820513,27.090140581130974,42.8515625
,13,5.390625,53.515625,0.008038997650146484,4.056085109710693,48.2421875,80.8984375,29,42,63.0078125,6.533546325878595,27.19464755058288,42.8515625
,13,5.390625,53.515625,0.00645899772644043,4.062544107437134,48.2421875,80.8984375,29,42,63.0078125,6.554140127388535,27.278614521026604,42.8515625
,14,5.390625,53.515625,0.030752897262573242,4.093297004699707,48.2421875,80.8984375,28,42,63.0078125,6.574603174603174,27.70915508270263,42.8515625
,14,5.390625,53.515625,0.008754968643189365,4.102051973342896,48.2421875,80.8984375,28,42,63.0078125,6.598101265822785,27.831724643707282,42.8515625
,14,5.390625,53.515625,0.006209135055541992,4.108261108398438,48.2421875,80.8984375,28,42,63.0078125,6.621451104100946,27.91865253448487,42.8515625
,15,6.07421875,51.5625,0.020887851715087002,4.129148960113525,48.2421875,81.58203125,27,42,63.69140625,6.644654088050315,28.231970310211175,42.16796875
,15,6.07421875,51.5625,0.008844137191772461,4.137993097305298,48.2421875,81.58203125,27,42,63.69140625,6.670846394984326,28.36463236808776,42.16796875
,16,6.07421875,51.5625,0.026466846466064453,4.164459943771362,48.2421875,81.58203125,26,42,63.69140625,6.696875,28.788101911544793,42.16796875
,16,6.07421875,51.5625,0.007435083389283115,4.171895027160645,48.2421875,81.58203125,26,42,63.69140625,6.725856697819315,28.907063245773323,42.16796875
,16,6.07421875,51.5625,0.006457090377806729,4.178352117538452,48.2421875,81.58203125,26,42,63.69140625,6.754658385093168,29.01037669181823,42.16796875
,17,6.826171875,49.4140625,0.027115821838378906,4.205467939376831,48.2421875,82.333984375,25,42,64.443359375,6.78328173374613,29.47134566307067,41.416015625
,17,6.826171875,49.4140625,0.006649017333984375,4.212116956710815,48.2421875,82.333984375,25,42,64.443359375,6.814814814814815,29.584378957748406,41.416015625
,17,6.826171875,49.4140625,0.007754087448121005,4.219871044158936,48.2421875,82.333984375,25,42,64.443359375,6.846153846153846,29.716198444366462,41.416015625
,18,8.671875000000002,44.140625,0.01950192451476962,4.239372968673706,48.2421875,84.1796875,24,42,66.2890625,6.877300613496932,30.067233085632317,39.5703125
,19,8.671875000000002,44.140625,0.011689186096190518,4.251062154769897,48.2421875,84.1796875,23,42,66.2890625,6.91131498470948,30.289327621459936,39.5703125
,19,10.99609375,37.5,0.02376890182495206,4.274831056594849,48.2421875,86.50390625,23,42,68.61328125,6.948170731707317,30.740936756134026,37.24609375
,19,10.99609375,37.5,0.00792694091796875,4.282757997512817,48.2421875,86.50390625,23,42,68.61328125,6.984802431610942,30.891548633575432,37.24609375
,19,10.99609375,37.5,0.0063381195068359375,4.289096117019653,48.2421875,86.50390625,23,42,68.61328125,7.0212121212121215,31.011972904205315,37.24609375
,20,15.234375,31.25,0.03922891616821289,4.328325033187866,52.34375,90.7421875,22,42,68.75,7.057401812688822,31.796551227569573,37.109375
,20,15.4296875,31.25,0.009773015975952148,4.338098049163818,52.734375,90.9375,22,42,68.9453125,7.096385542168675,31.992011547088616,37.3046875
,20,15.4296875,31.25,0.007378101348876953,4.345476150512695,52.734375,90.9375,22,42,68.9453125,7.135135135135135,32.139573574066155,37.3046875
,21,16.40625,31.25,0.017840862274169922,4.363317012786865,54.6875,91.9140625,21,42,69.921875,7.173652694610778,32.51423168182372,38.28125
,20,16.40625,31.25,0.007925987243652344,4.371243000030518,54.6875,91.9140625,22,42,69.921875,7.214925373134329,32.67275142669677,38.28125
,20,16.171875,37.5,0.03959012031555176,4.410833120346069,58.59375,92.1484375,22,42,74.0625,7.252976190476191,33.464553833007805,42.421875
,21,16.171875,37.5,0.008404970169067383,4.419238090515137,58.59375,92.1484375,21,42,74.0625,7.29080118694362,33.64105820655822,42.421875
,20,16.40625,39.0625,0.03168797492980957,4.450926065444946,60.15625,92.3828125,22,42,75.390625,7.331360946745562,34.27481770515441,43.75
,21,16.40625,39.0625,0.01786494255065829,4.468791007995605,60.15625,92.3828125,21,42,75.390625,7.368731563421829,34.64998149871823,43.75
,20,16.40625,39.0625,0.010540008544922763,4.479331016540527,60.15625,92.3828125,22,42,75.390625,7.408823529411765,34.860781669616685,43.75
,20,16.40625,39.0625,0.007869958877563477,4.487200975418091,60.15625,92.3828125,22,42,75.390625,7.44574780058651,35.018180847167955,43.75
,19,15.585937500000002,41.40625,0.0240020751953125,4.511203050613403,60.15625,93.203125,23,42,76.2109375,7.482456140350878,35.47422027587889,44.5703125
,19,15.585937500000002,41.40625,0.010261058807373047,4.521464109420776,60.15625,93.203125,23,42,76.2109375,7.51603498542274,35.66918039321898,44.5703125
,18,15.585937500000002,41.40625,0.02573084831237793,4.547194957733154,60.15625,93.203125,24,42,76.2109375,7.549418604651163,36.13233566284178,44.5703125
,18,15.585937500000002,41.40625,0.011401176452636719,4.558596134185791,60.15625,93.203125,24,42,76.2109375,7.579710144927536,36.337556838989244,44.5703125
,18,15.585937500000002,41.40625,0.004768848419188565,4.56336498260498,60.15625,93.203125,24,42,76.2109375,7.609826589595376,36.42339611053464,44.5703125
,18,10.859375000000002,43.75,0.04355597496032804,4.606920957565308,52.34375,97.9296875,24,42,79.296875,7.639769452449568,37.20740365982054,41.484375
,18,10.859375000000002,43.75,0.009101152420043945,4.616022109985352,52.34375,97.9296875,24,42,79.296875,7.669540229885057,37.37122440338133,41.484375
,18,8.105468750000002,44.921875,0.023077011108398438,4.63909912109375,47.65625,100.68359375,24,42,81.23046875,7.699140401146132,37.786610603332505,39.55078125
,17,8.105468750000002,44.921875,0.00928783416747958,4.64838695526123,47.65625,100.68359375,25,42,81.23046875,7.728571428571429,37.94450378417966,39.55078125
,17,8.105468750000002,44.921875,0.010825157165528232,4.659212112426758,47.65625,100.68359375,25,42,81.23046875,7.754985754985755,38.12853145599364,39.55078125
,17,1.484375,55.46875,0.031188011169433594,4.690400123596191,41.796875,107.3046875,25,42,81.9921875,7.78125,38.65872764587401,40.3125
,17,1.484375,55.46875,0.00963282585144043,4.700032949447632,41.796875,107.3046875,25,42,81.9921875,7.807365439093484,38.8224856853485,40.3125
,16,1.484375,55.46875,0.018062114715576172,4.718095064163208,41.796875,107.3046875,26,42,81.9921875,7.833333333333333,39.111479520797715,40.3125
,17,-2.8125,59.375,0.038290977478027344,4.756386041641235,35.9375,111.6015625,25,42,83.5546875,7.856338028169014,39.76242613792418,38.75
,17,-2.8125,59.375,0.008929014205932617,4.765315055847168,35.9375,111.6015625,25,42,83.5546875,7.882022471910112,39.914219379425035,38.75
,17,-2.8125,59.375,0.009872913360595703,4.775187969207764,35.9375,111.6015625,25,42,83.5546875,7.907563025210084,40.08205890655516,38.75
,17,-2.8125,59.375,0.013000011444090909,4.788187980651855,35.9375,111.6015625,25,42,83.5546875,7.932960893854749,40.30305910110471,38.75
,17,-2.8125,59.375,0.019829988479615146,4.80801796913147,35.9375,111.6015625,25,42,83.5546875,7.958217270194986,40.640168905258165,38.75
,17,-2.8125,59.375,0.01746511459350586,4.825483083724976,35.9375,111.6015625,25,42,83.5546875,7.983333333333333,40.937075853347764,38.75
,17,-2.8125,59.375,0.011955976486206055,4.837439060211182,35.9375,111.6015625,25,42,83.5546875,8.00831024930748,41.14032745361327,38.75
,17,-2.8125,59.375,0.00640106201171875,4.8438401222229,35.9375,111.6015625,25,42,83.5546875,8.033149171270718,41.249145507812486,38.75
,17,-1.9921875,57.03125,0.03492403030395419,4.878764152526855,35.9375,112.421875,25,42,84.375,8.057851239669422,41.84285402297971,37.9296875
,17,-1.9921875,57.03125,0.009102821350098544,4.887866973876953,35.9375,112.421875,25,42,84.375,8.082417582417582,41.99760198593138,37.9296875
,17,-1.9921875,57.03125,0.005934000015258789,4.893800973892212,35.9375,112.421875,25,42,84.375,8.106849315068493,42.09847998619078,37.9296875
,17,-2.8125,59.375,0.022472143173217773,4.91627311706543,35.9375,113.2421875,25,42,85.1953125,8.131147540983607,42.480506420135484,38.75
,17,-2.8125,59.375,0.009618997573852539,4.925892114639282,35.9375,113.2421875,25,42,85.1953125,8.155313351498638,42.64402937889098,38.75
,16,-1.58203125,55.859375,0.030041933059692383,4.955934047698975,35.9375,114.47265625,26,42,86.42578125,8.179347826086957,43.124700307846055,37.51953125
,17,-1.58203125,55.859375,0.007322072982788086,4.963256120681763,35.9375,114.47265625,25,42,86.42578125,8.200542005420054,43.24917554855345,37.51953125
,17,-1.58203125,55.859375,0.015344858169555664,4.978600978851318,35.9375,114.47265625,25,42,86.42578125,8.224324324324325,43.5100381374359,37.51953125
,16,-1.58203125,55.859375,0.02957606315612793,5.008177042007446,35.9375,114.47265625,26,42,86.42578125,8.247978436657682,43.983255147933946,37.51953125
,16,-1.58203125,55.859375,0.00804901123046875,5.016226053237915,35.9375,114.47265625,26,42,86.42578125,8.268817204301076,44.112039327621446,37.51953125
,16,-1.58203125,55.859375,0.007071971893310547,5.023298025131226,35.9375,114.47265625,26,42,86.42578125,8.289544235924932,44.225190877914415,37.51953125
,15,-1.376953125,55.2734375,0.017997026443481445,5.041295051574707,35.9375,114.677734375,27,42,86.630859375,8.310160427807487,44.495146274566636,37.314453125
,15,-1.376953125,55.2734375,0.010048866271972656,5.05134391784668,35.9375,114.677734375,27,42,86.630859375,8.328,44.645879268646226,37.314453125
,14,-1.4453125,55.46875,0.031759023666382724,5.083102941513062,35.9375,114.74609375,28,42,86.69921875,8.345744680851064,45.090505599975586,37.3828125
,14,-1.4453125,55.46875,0.008231163024901456,5.091334104537964,35.9375,114.74609375,28,42,86.69921875,8.360742705570292,45.205741882324205,37.3828125
,14,-1.4453125,55.46875,0.011016845703125,5.102350950241089,35.9375,114.74609375,28,42,86.69921875,8.375661375661375,45.359977722167955,37.3828125
,14,-0.078125,55.46875,0.02910614013671875,5.131457090377808,38.671875,116.11328125,28,42,88.06640625,8.390501319261213,45.76746368408202,38.75
,14,1.5234375,53.125,0.011698007583618164,5.143155097961426,40.234375,117.71484375,28,42,88.10546875,8.405263157894737,45.93123579025267,38.7109375
,14,1.5234375,53.125,0.008149862289427823,5.151304960250854,40.234375,117.71484375,28,42,88.10546875,8.41994750656168,46.04533386230466,38.7109375
,14,2.6953125,53.125,0.016090154647828037,5.167395114898682,42.578125,118.88671875,28,42,89.27734375,8.434554973821989,46.27059602737425,39.8828125
,14,2.6953125,53.125,0.007983922958374023,5.175379037857056,42.578125,118.88671875,28,42,89.27734375,8.449086161879896,46.38237094879149,39.8828125
,13,2.109375,55.078125,0.03685188293457031,5.212230920791626,42.7734375,119.47265625,29,42,90.05859375,8.463541666666666,46.861445426940904,40.6640625
,14,2.109375,55.078125,0.010085105895996094,5.222316026687622,42.7734375,119.47265625,28,42,90.05859375,8.475324675324675,47.00263690948485,40.6640625
,13,2.109375,55.078125,0.016045093536376953,5.238361120223999,42.7734375,119.47265625,29,42,90.05859375,8.489637305699482,47.21122312545775,40.6640625
,12,2.724609375,53.3203125,0.024799823760986328,5.263160943984985,42.7734375,120.087890625,30,42,90.673828125,8.501291989664082,47.508821010589585,40.048828125
,12,2.724609375,53.3203125,0.008128166198730469,5.271289110183716,42.7734375,120.087890625,30,42,90.673828125,8.510309278350515,47.60635900497435,40.048828125
,12,2.724609375,53.3203125,0.009541988372803623,5.280831098556519,42.7734375,120.087890625,30,42,90.673828125,8.519280205655527,47.720862865448,40.048828125
,12,1.97265625,55.46875,0.026087999343871182,5.306919097900391,42.7734375,120.83984375,30,42,91.42578125,8.528205128205128,48.03391885757445,40.80078125
,11,1.97265625,55.46875,0.005033969879150391,5.311953067779541,42.7734375,120.83984375,31,42,91.42578125,8.537084398976981,48.0892925262451,40.80078125
,10,2.79296875,53.125,0.030366897583007812,5.342319965362549,42.7734375,121.66015625,32,42,92.24609375,8.543367346938776,48.39296150207518,39.98046875
,10,2.79296875,53.125,0.006940126419067383,5.349260091781616,42.7734375,121.66015625,32,42,92.24609375,8.5470737913486,48.462362766265855,39.98046875
,10,2.79296875,53.125,0.009690046310424805,5.358950138092041,42.7734375,121.66015625,32,42,92.24609375,8.550761421319796,48.5592632293701,39.98046875
,10,1.97265625,55.46875,0.02777886390686035,5.386729001998901,42.7734375,122.48046875,32,42,93.06640625,8.554430379746835,48.83705186843871,40.80078125
,9,1.97265625,55.46875,0.009359121322631836,5.396088123321533,42.7734375,122.48046875,33,42,93.06640625,8.558080808080808,48.92128396034239,40.80078125
,8,2.109375,55.078125,0.022858858108520508,5.418946981430054,42.7734375,122.6171875,34,42,93.203125,8.55919395465995,49.10415482521056,40.6640625
,8,2.109375,55.078125,0.011039018630981445,5.429986000061035,42.7734375,122.6171875,34,42,93.203125,8.557788944723619,49.19246697425841,40.6640625
,8,2.109375,55.078125,0.012670040130615234,5.44265604019165,42.7734375,122.6171875,34,42,93.203125,8.556390977443609,49.29382729530333,40.6640625
,8,2.109375,55.078125,0.028481006622314453,5.471137046813965,42.7734375,122.6171875,34,42,93.203125,8.555,49.521675348281846,40.6640625
,7,2.109375,55.078125,0.007158994674681729,5.478296041488647,42.7734375,122.6171875,35,42,93.203125,8.553615960099751,49.57178831100462,40.6640625
,7,2.109375,55.078125,0.009727954864502841,5.488023996353149,42.7734375,122.6171875,35,42,93.203125,8.549751243781095,49.63988399505614,40.6640625
,7,2.79296875,53.125,0.030178070068359375,5.518202066421509,42.7734375,123.30078125,35,42,93.88671875,8.54590570719603,49.851130485534654,39.98046875
,6,2.79296875,53.125,0.008873939514160156,5.527076005935669,42.7734375,123.30078125,36,42,93.88671875,8.542079207920793,49.904374122619615,39.98046875
,6,2.79296875,53.125,0.006406068801879883,5.533482074737549,42.7734375,123.30078125,36,42,93.88671875,8.535802469135803,49.942810535430894,39.98046875
,5,2.587890625,53.7109375,0.023853063583374023,5.557335138320923,42.7734375,123.505859375,37,42,94.091796875,8.529556650246306,50.062075853347764,40.185546875
,5,2.587890625,53.7109375,0.008688926696777344,5.5660240650177,42.7734375,123.505859375,37,42,94.091796875,8.52088452088452,50.10552048683165,40.185546875
,4,2.79296875,53.125,0.02919793128967285,5.595221996307373,42.7734375,123.7109375,38,42,94.296875,8.512254901960784,50.22231221199034,39.98046875
,4,2.79296875,53.125,0.006986141204833984,5.602208137512207,42.7734375,123.7109375,38,42,94.296875,8.50122249388753,50.25025677680968,39.98046875
,4,2.79296875,53.125,0.00765681266784668,5.609864950180054,42.7734375,123.7109375,38,42,94.296875,8.490243902439024,50.280884027481065,39.98046875
,3,1.97265625,55.46875,0.033406972885132724,5.643271923065186,42.7734375,124.53125,39,42,95.1171875,8.479318734793187,50.38110494613646,40.80078125
,3,1.97265625,55.46875,0.0076301097869864165,5.650902032852173,42.7734375,124.53125,39,42,95.1171875,8.466019417475728,50.40399527549742,40.80078125
,2,1.97265625,55.46875,0.02768397331237793,5.678586006164551,42.7734375,124.53125,40,42,95.1171875,8.45278450363196,50.45936322212218,40.80078125
,2,1.97265625,55.46875,0.007559061050415039,5.686145067214966,42.7734375,124.53125,40,42,95.1171875,8.43719806763285,50.47448134422301,40.80078125
,2,2.79296875,53.125,0.022418022155762607,5.708563089370728,42.7734375,125.3515625,40,42,95.9375,8.421686746987952,50.51931738853453,39.98046875
,2,1.97265625,55.46875,0.017236948013304776,5.725800037384033,42.7734375,126.171875,40,42,96.7578125,8.40625,50.55379128456114,40.80078125
,1,1.97265625,55.46875,0.007278919219970703,5.733078956604004,42.7734375,126.171875,41,42,96.7578125,8.390887290167866,50.561070203781114,40.80078125
,1,1.97265625,55.46875,0.0119171142578125,5.744996070861816,42.7734375,126.171875,41,42,96.7578125,8.373205741626794,50.572987318038926,40.80078125
,0,1.97265625,55.46875,0.030017852783204013,5.77501392364502,42.7734375,126.171875,42,42,96.7578125,8.355608591885442,50.572987318038926,40.80078125
,0,1.97265625,55.46875,0.00700807571411044,5.782021999359131,42.7734375,126.171875,42,42,96.7578125,8.335714285714285,50.572987318038926,40.80078125
,0,1.97265625,55.46875,0.010016918182373047,5.792038917541504,42.7734375,126.171875,42,42,96.7578125,8.315914489311163,50.572987318038926,40.80078125
,-1,1.97265625,55.46875,0.025219202041625977,5.81725811958313,42.7734375,126.171875,43,42,96.7578125,8.296208530805687,50.59820652008055,40.80078125
,-1,1.97265625,55.46875,0.006567955017089844,5.82382607460022,42.7734375,126.171875,43,42,96.7578125,8.274231678486998,50.60477447509764,40.80078125
,-2,1.97265625,55.46875,0.024194002151489258,5.848020076751709,42.7734375,126.171875,44,42,96.7578125,8.252358490566039,50.65316247940062,40.80078125
,-2,1.97265625,55.46875,0.00746607780456543,5.855486154556274,42.7734375,126.171875,44,42,96.7578125,8.228235294117647,50.66809463500975,40.80078125
,-3,1.97265625,55.46875,0.007710933685302734,5.863197088241577,42.7734375,126.171875,45,42,96.7578125,8.204225352112676,50.69122743606566,40.80078125
,-3,1.97265625,55.46875,0.030097007751464844,5.893294095993042,42.7734375,126.171875,45,42,96.7578125,8.177985948477751,50.781518459320054,40.80078125
,-3,1.97265625,55.46875,0.006822824478149414,5.900116920471191,42.7734375,126.171875,45,42,96.7578125,8.151869158878505,50.8019869327545,40.80078125
,-3,1.97265625,55.46875,0.007322072982787198,5.907438993453979,42.7734375,126.171875,45,42,96.7578125,8.125874125874127,50.82395315170287,40.80078125
,-3,1.97265625,55.46875,0.03167295455932706,5.939111948013306,42.7734375,126.171875,45,42,96.7578125,8.1,50.918972015380845,40.80078125
,-3,1.97265625,55.46875,0.004188060760498047,5.943300008773804,42.7734375,126.171875,45,42,96.7578125,8.074245939675174,50.93153619766234,40.80078125
,-3,1.97265625,55.46875,0.027797937393188477,5.971097946166992,42.7734375,126.171875,45,42,96.7578125,8.04861111111111,51.014930009841905,40.80078125
,-3,1.97265625,55.46875,0.01102304458618164,5.982120990753174,42.7734375,126.171875,45,42,96.7578125,8.02309468822171,51.04799914360045,40.80078125
,-4,1.97265625,55.46875,0.0066030025482177734,5.988723993301392,42.7734375,126.171875,46,42,96.7578125,7.997695852534562,51.07441115379332,40.80078125
,-4,1.42578125,57.03125,0.025202035903930664,6.013926029205322,42.7734375,126.71875,46,42,97.3046875,7.970114942528736,51.17521929740904,41.34765625
,-4,1.42578125,57.03125,0.014024019241333008,6.027950048446655,42.7734375,126.71875,46,42,97.3046875,7.942660550458716,51.231315374374375,41.34765625
,-5,1.42578125,57.03125,0.014105081558227539,6.042055130004883,42.7734375,126.71875,47,42,97.3046875,7.91533180778032,51.30184078216551,41.34765625
,-5,1.42578125,57.03125,0.027948856353759766,6.070003986358643,42.7734375,126.71875,47,42,97.3046875,7.885844748858448,51.44158506393431,41.34765625
,-5,1.42578125,57.03125,0.007439136505127841,6.07744312286377,42.7734375,126.71875,47,42,97.3046875,7.856492027334852,51.478780746459954,41.34765625
,-6,1.42578125,57.03125,0.03075385093688876,6.108196973800659,42.7734375,126.71875,48,42,97.3046875,7.827272727272727,51.663303852081285,41.34765625
,-6,1.42578125,57.03125,0.011703014373778409,6.119899988174438,42.7734375,126.71875,48,42,97.3046875,7.795918367346939,51.73352193832395,41.34765625
,-6,1.42578125,57.03125,0.009029150009156162,6.128929138183594,42.7734375,126.71875,48,42,97.3046875,7.764705882352941,51.78769683837889,41.34765625
,-7,1.42578125,57.03125,0.023250818252563477,6.152179956436157,42.7734375,126.71875,49,42,97.3046875,7.733634311512415,51.950452566146836,41.34765625
,-7,1.42578125,57.03125,0.011707067489624023,6.163887023925781,42.7734375,126.71875,49,42,97.3046875,7.70045045045045,52.032402038574205,41.34765625
,-7,1.42578125,57.03125,0.007061004638671875,6.170948028564453,42.7734375,126.71875,49,42,97.3046875,7.667415730337079,52.08182907104491,41.34765625
,-7,3.33984375,51.5625,0.03134799003601074,6.202296018600464,42.7734375,128.6328125,49,42,99.21875,7.634529147982063,52.30126500129698,39.43359375
,-7,3.33984375,51.5625,0.00677800178527832,6.209074020385742,42.7734375,128.6328125,49,42,99.21875,7.60178970917226,52.34871101379393,39.43359375
,-7,6.142578125000002,43.5546875,0.03331494331359863,6.242388963699341,42.7734375,131.435546875,49,42,102.021484375,7.569196428571429,52.58191561698912,36.630859375
,-7,6.142578125000002,43.5546875,0.008625984191894531,6.251014947891235,42.7734375,131.435546875,49,42,102.021484375,7.536748329621381,52.64229750633238,36.630859375
,-6,6.142578125000002,43.5546875,0.007950067520141602,6.258965015411377,42.7734375,131.435546875,48,42,102.021484375,7.504444444444444,52.68999791145323,36.630859375
,-6,12.109375,31.25,0.03250598907470703,6.291471004486084,46.09375,137.40234375,48,42,104.66796875,7.47450110864745,52.885033845901475,33.984375
,-6,12.109375,31.25,0.008479118347167969,6.299950122833252,46.09375,137.40234375,48,42,104.66796875,7.4446902654867255,52.93590855598448,33.984375
,-5,15.76171875,23.046875,0.026770830154418945,6.326720952987671,47.65625,141.0546875,47,42,106.7578125,7.415011037527594,53.06976270675658,31.89453125
,-5,16.9921875,19.53125,0.015674114227294922,6.342395067214966,47.65625,142.28515625,47,42,107.98828125,7.387665198237886,53.14813327789305,30.6640625
,-5,16.9921875,19.53125,0.016960859298706055,6.359355926513672,47.65625,142.28515625,47,42,107.98828125,7.36043956043956,53.23293757438658,30.6640625
,-5,19.1796875,13.28125,0.02697610855102539,6.386332035064697,47.65625,144.47265625,47,42,110.17578125,7.333333333333333,53.36781811714171,28.4765625
,-5,19.1796875,13.28125,0.011156082153320312,6.397488117218018,47.65625,144.47265625,47,42,110.17578125,7.306345733041575,53.42359852790831,28.4765625
,-5,19.1796875,13.28125,0.008882999420166016,6.406371116638184,47.65625,144.47265625,47,42,110.17578125,7.279475982532751,53.46801352500914,28.4765625
,-5,20.478515625,9.5703125,0.03707480430603027,6.443445920944214,47.65625,145.771484375,47,42,111.474609375,7.252723311546841,53.65338754653929,27.177734375
,-5,20.478515625,9.5703125,0.017013072967529297,6.460458993911743,47.65625,145.771484375,47,42,111.474609375,7.226086956521739,53.73845291137694,27.177734375
,-5,20.478515625,9.5703125,0.00998997688293457,6.470448970794678,47.65625,145.771484375,47,42,111.474609375,7.199566160520607,53.78840279579161,27.177734375
,-5,23.28125,1.5625,0.03499412536621094,6.505443096160889,47.65625,148.57421875,47,42,114.27734375,7.1731601731601735,53.96337342262267,24.375
,-5,23.28125,1.5625,0.005502939224243164,6.510946035385132,47.65625,148.57421875,47,42,114.27734375,7.146868250539957,53.99088811874388,24.375
,-4,23.759765625,0.1953125,0.029835939407347745,6.54078197479248,47.65625,149.052734375,46,42,114.755859375,7.120689655172414,54.11023187637328,23.896484375
,-5,23.759765625,0.1953125,0.015923976898194248,6.556705951690674,47.65625,149.052734375,47,42,114.755859375,7.096774193548387,54.18985176086425,23.896484375
,-5,23.759765625,0.1953125,0.00436711311340332,6.561073064804077,47.65625,149.052734375,47,42,114.755859375,7.070815450643777,54.21168732643127,23.896484375
,-5,23.759765625,0.1953125,0.037184953689575195,6.598258018493652,47.65625,149.052734375,47,42,114.755859375,7.044967880085653,54.39761209487914,23.896484375
,-5,23.759765625,0.1953125,0.008884906768798828,6.607142925262451,47.65625,149.052734375,47,42,114.755859375,7.019230769230769,54.44203662872314,23.896484375
,-5,23.759765625,0.1953125,0.007868051528930664,6.615010976791382,47.65625,149.052734375,47,42,114.755859375,6.99360341151386,54.48137688636779,23.896484375
,-5,24.033203125,-0.5859375,0.02104806900024414,6.636059045791626,47.65625,149.326171875,47,42,115.029296875,6.968085106382978,54.58661723136901,23.623046875
,-5,24.033203125,-0.5859375,0.004940032958984375,6.64099907875061,47.65625,149.326171875,47,42,115.029296875,6.942675159235669,54.61131739616393,23.623046875
,-5,24.033203125,-0.5859375,0.02736496925354004,6.66836404800415,47.65625,149.326171875,47,42,115.029296875,6.9173728813559325,54.74814224243163,23.623046875
,-5,24.033203125,-0.5859375,0.004409074783325195,6.672773122787476,47.65625,149.326171875,47,42,115.029296875,6.892177589852008,54.77018761634826,23.623046875
,-4,24.033203125,-0.5859375,0.01101994514465332,6.683793067932129,47.65625,149.326171875,46,42,115.029296875,6.867088607594937,54.81426739692687,23.623046875
,-4,24.033203125,-0.5859375,0.0313868522644043,6.715179920196533,47.65625,149.326171875,46,42,115.029296875,6.8442105263157895,54.93981480598449,23.623046875
,-4,24.033203125,-0.5859375,0.007489204406737393,6.722669124603271,47.65625,149.326171875,46,42,115.029296875,6.821428571428571,54.969771623611436,23.623046875
,-3,24.033203125,-0.5859375,0.008597850799561435,6.731266975402832,47.65625,149.326171875,45,42,115.029296875,6.79874213836478,54.99556517601012,23.623046875
,-3,24.033203125,-0.5859375,0.020614147186279297,6.751881122589111,47.65625,149.326171875,45,42,115.029296875,6.7782426778242675,55.057407617568956,23.623046875
,-3,24.033203125,-0.5859375,0.006537914276123047,6.758419036865234,47.65625,149.326171875,45,42,115.029296875,6.757828810020877,55.077021360397325,23.623046875
,-2,24.6484375,-2.34375,0.022491931915283203,6.780910968780518,47.65625,149.94140625,44,42,115.64453125,6.7375,55.12200522422789,23.0078125
,-2,24.6484375,-2.34375,0.007261991500854492,6.788172960281372,47.65625,149.94140625,44,42,115.64453125,6.71933471933472,55.1365292072296,23.0078125
,-2,24.6484375,-2.34375,0.007845163345336914,6.796018123626709,47.65625,149.94140625,44,42,115.64453125,6.7012448132780085,55.152219533920274,23.0078125
,-2,25.400390625,-4.4921875,0.02274799346923828,6.818766117095947,47.65625,150.693359375,44,42,116.396484375,6.683229813664596,55.19771552085875,22.255859375
,-1,25.400390625,-4.4921875,0.008406877517699307,6.827172994613647,47.65625,150.693359375,43,42,116.396484375,6.6652892561983474,55.20612239837645,22.255859375
,-1,25.400390625,-4.4921875,0.0232410430908212,6.850414037704468,47.65625,150.693359375,43,42,116.396484375,6.649484536082475,55.22936344146727,22.255859375
,-1,25.400390625,-4.4921875,0.008056879043579102,6.858470916748047,47.65625,150.693359375,43,42,116.396484375,6.633744855967078,55.23742032051085,22.255859375
,0,25.400390625,-4.4921875,0.0054721832275390625,6.863943099975586,47.65625,150.693359375,42,42,116.396484375,6.618069815195072,55.23742032051085,22.255859375
,0,25.400390625,-4.4921875,0.02934098243713379,6.89328408241272,47.65625,150.693359375,42,42,116.396484375,6.604508196721311,55.23742032051085,22.255859375
,1,25.400390625,-4.4921875,0.008800029754638672,6.902084112167358,47.65625,150.693359375,41,42,116.396484375,6.591002044989775,55.24622035026549,22.255859375
,1,25.400390625,-4.4921875,0.006501913070678711,6.908586025238037,47.65625,150.693359375,41,42,116.396484375,6.579591836734694,55.25272226333617,22.255859375
,2,26.8359375,-8.59375,0.021595001220703125,6.93018102645874,47.65625,152.12890625,40,42,117.83203125,6.5682281059063135,55.295912265777574,20.8203125
,2,26.8359375,-8.59375,0.011593103408813477,6.941774129867554,47.65625,152.12890625,40,42,117.83203125,6.558943089430894,55.3190984725952,20.8203125
,2,26.8359375,-8.59375,0.007373809814453125,6.949147939682007,47.65625,152.12890625,40,42,117.83203125,6.549695740365111,55.33384609222411,20.8203125
,3,28.33984375,-12.890625,0.016776084899902344,6.965924024581909,47.65625,153.6328125,39,42,119.3359375,6.540485829959514,55.384174346923814,19.31640625
,3,28.33984375,-12.890625,0.009469032287597656,6.975393056869507,47.65625,153.6328125,39,42,119.3359375,6.533333333333333,55.41258144378661,19.31640625
,4,28.75,-14.0625,0.03165292739868075,7.007045984268188,47.65625,154.04296875,38,42,119.74609375,6.526209677419355,55.53919315338133,18.90625
,5,28.75,-14.0625,0.006006002426148349,7.013051986694336,47.65625,154.04296875,37,42,119.74609375,6.52112676056338,55.56922316551208,18.90625
,5,28.75,-14.0625,0.007828950881958008,7.020880937576294,47.65625,154.04296875,37,42,119.74609375,6.518072289156627,55.60836791992187,18.90625
,6,28.75,-14.0625,0.030163049697875977,7.05104398727417,47.65625,154.04296875,36,42,119.74609375,6.515030060120241,55.789346218109124,18.90625
,6,28.75,-14.0625,0.009456157684326172,7.060500144958496,47.65625,154.04296875,36,42,119.74609375,6.514,55.84608316421508,18.90625
,6,28.75,-14.0625,0.008740901947021484,7.069241046905518,47.65625,154.04296875,36,42,119.74609375,6.512974051896207,55.89852857589721,18.90625
,7,28.75,-14.0625,0.017852067947387695,7.087093114852905,47.65625,154.04296875,35,42,119.74609375,6.51195219123506,56.023493051528924,18.90625
,7,28.75,-14.0625,0.006193876266479492,7.093286991119385,47.65625,154.04296875,35,42,119.74609375,6.512922465208748,56.06685018539428,18.90625
,7,30.322265625,-18.5546875,0.029893159866333008,7.123180150985718,47.65625,155.615234375,35,42,121.318359375,6.513888888888889,56.27610230445861,17.333984375
,7,30.322265625,-18.5546875,0.007821798324584961,7.131001949310303,47.65625,155.615234375,35,42,121.318359375,6.514851485148514,56.330854892730706,17.333984375
,8,30.322265625,-18.5546875,0.007670164108276367,7.138672113418579,47.65625,155.615234375,34,42,121.318359375,6.515810276679842,56.39221620559692,17.333984375
,8,30.9375,-20.3125,0.03064990043640048,7.16932201385498,47.65625,156.23046875,34,42,121.93359375,6.518737672583827,56.63741540908812,16.71875
,8,30.9375,-20.3125,0.009535074234009677,7.178857088088989,47.65625,156.23046875,34,42,121.93359375,6.521653543307087,56.7136960029602,16.71875
,9,30.9375,-20.3125,0.011097908020019531,7.189954996109009,47.65625,156.23046875,33,42,121.93359375,6.524557956777996,56.813577175140374,16.71875
,9,28.203125,-12.5,0.022817134857178623,7.212772130966187,47.65625,158.96484375,33,42,124.66796875,6.529411764705882,57.01893138885498,19.453125
,9,28.203125,-12.5,0.007924795150755948,7.220696926116943,47.65625,158.96484375,33,42,124.66796875,6.534246575342466,57.090254545211785,19.453125
,11,27.3828125,-10.15625,0.03199505805969238,7.252691984176636,47.65625,159.78515625,31,42,125.48828125,6.5390625,57.4422001838684,20.2734375
,11,27.3828125,-10.15625,0.026257038116455078,7.278949022293091,47.65625,159.78515625,31,42,125.48828125,6.5477582846003894,57.73102760314941,20.2734375
,11,27.3828125,-10.15625,0.008309125900268555,7.287258148193359,47.65625,159.78515625,31,42,125.48828125,6.556420233463035,57.82242798805236,20.2734375
,12,27.3828125,-10.15625,0.050575971603393555,7.337834119796753,47.65625,159.78515625,30,42,125.48828125,6.56504854368932,58.429339647293084,20.2734375
,13,27.3828125,-10.15625,0.012564897537231445,7.350399017333984,47.65625,159.78515625,29,42,125.48828125,6.575581395348837,58.59268331527709,20.2734375
,13,27.3828125,-10.15625,0.008907079696655273,7.35930609703064,47.65625,159.78515625,29,42,125.48828125,6.588007736943907,58.70847535133361,20.2734375
,13,27.51953125,-10.546875,0.02877497673034668,7.388081073760986,47.65625,159.921875,29,42,125.625,6.600386100386101,59.08255004882812,20.13671875
,13,27.51953125,-10.546875,0.008113861083984375,7.396194934844971,47.65625,159.921875,29,42,125.625,6.61271676300578,59.188030242919915,20.13671875
,14,28.75,-14.0625,0.030610084533691406,7.426805019378662,47.65625,161.15234375,28,42,126.85546875,6.625,59.616571426391594,18.90625
,14,28.75,-14.0625,0.013241052627563477,7.440046072006226,47.65625,161.15234375,28,42,126.85546875,6.63915547024952,59.80194616317748,18.90625
,14,28.75,-14.0625,0.006815910339355469,7.446861982345581,47.65625,161.15234375,28,42,126.85546875,6.653256704980843,59.89736890792846,18.90625
,15,28.75,-14.0625,0.02395009994506836,7.470812082290649,47.65625,161.15234375,27,42,126.85546875,6.667304015296367,60.256620407104485,18.90625
,15,28.75,-14.0625,0.00657200813293457,7.477384090423584,47.65625,161.15234375,27,42,126.85546875,6.683206106870229,60.355200529098504,18.90625
,15,27.3828125,-10.15625,0.023160934448242188,7.500545024871826,47.65625,162.51953125,27,42,128.22265625,6.699047619047619,60.70261454582214,20.2734375
,16,27.3828125,-10.15625,0.009465932846070224,7.510010957717896,47.65625,162.51953125,26,42,128.22265625,6.714828897338403,60.85406947135926,20.2734375
,16,27.3828125,-10.15625,0.006086111068724698,7.516097068786621,47.65625,162.51953125,26,42,128.22265625,6.732447817836812,60.951447248458855,20.2734375
,16,27.3828125,-10.15625,0.027397871017456055,7.543494939804077,47.65625,162.51953125,26,42,128.22265625,6.75,61.38981318473815,20.2734375
,16,27.3828125,-10.15625,0.008244037628173828,7.551738977432251,47.65625,162.51953125,26,42,128.22265625,6.767485822306238,61.52171778678893,20.2734375
,17,27.3828125,-10.15625,0.00932002067565918,7.56105899810791,47.65625,162.51953125,25,42,128.22265625,6.784905660377358,61.68015813827514,20.2734375
,17,28.75,-14.0625,0.03171992301940918,7.592778921127319,47.65625,163.88671875,25,42,129.58984375,6.804143126177024,62.219396829605095,18.90625
,18,28.75,-14.0625,0.00970005989074707,7.602478981018066,47.65625,163.88671875,24,42,129.58984375,6.823308270676692,62.39399790763854,18.90625
,19,28.75,-14.0625,0.025830984115600586,7.628309965133667,47.65625,163.88671875,23,42,129.58984375,6.8442776735459665,62.884786605834954,18.90625
,19,28.75,-14.0625,0.02149796485900879,7.649807929992676,47.65625,163.88671875,23,42,129.58984375,6.867041198501872,63.29324793815612,18.90625
,20,28.75,-14.0625,0.018432140350341797,7.668240070343018,47.65625,163.88671875,22,42,129.58984375,6.889719626168224,63.66189074516296,18.90625
,20,28.75,-14.0625,0.01908087730407715,7.687320947647095,47.65625,163.88671875,22,42,129.58984375,6.914179104477612,64.0435082912445,18.90625
,20,28.75,-14.0625,0.00607609748840332,7.693397045135498,47.65625,163.88671875,22,42,129.58984375,6.93854748603352,64.16503024101257,18.90625
,20,28.75,-14.0625,0.008884906768798828,7.702281951904297,47.65625,163.88671875,22,42,129.58984375,6.962825278810409,64.34272837638855,18.90625
,20,29.765625,-16.40625,0.029499053955078125,7.731781005859375,48.046875,164.90234375,22,42,130.21484375,6.987012987012987,64.93270945549011,18.28125
,20,29.765625,-16.40625,0.008314132690429688,7.740095138549805,48.046875,164.90234375,22,42,130.21484375,7.011111111111111,65.0989921092987,18.28125
,20,29.765625,-16.40625,0.009179830551147461,7.749274969100952,48.046875,164.90234375,22,42,130.21484375,7.035120147874307,65.28258872032166,18.28125
,20,32.001953125,-17.7734375,0.02247309684753418,7.771748065948486,51.5625,167.138671875,22,42,131.494140625,7.059040590405904,65.73205065727234,19.560546875
,20,32.001953125,-17.7734375,0.01023101806640625,7.781979084014893,51.5625,167.138671875,22,42,131.494140625,7.082872928176796,65.93667101860046,19.560546875
,20,32.001953125,-17.7734375,0.026556968688964844,7.808536052703857,51.5625,167.138671875,22,42,131.494140625,7.106617647058823,66.46781039237976,19.560546875
,20,32.001953125,-17.7734375,0.006608009338378906,7.815144062042236,51.5625,167.138671875,22,42,131.494140625,7.130275229357798,66.59997057914734,19.560546875
,20,32.001953125,-17.7734375,0.007004976272583008,7.822149038314819,51.5625,167.138671875,22,42,131.494140625,7.153846153846154,66.740070104599,19.560546875
,20,30.703125,-14.0625,0.03629899024963379,7.858448028564453,51.5625,168.4375,22,42,132.79296875,7.177330895795246,67.46604990959167,20.859375
,21,30.703125,-14.0625,0.00894498825073331,7.867393016815186,51.5625,168.4375,21,42,132.79296875,7.200729927007299,67.65389466285707,20.859375
,20,30.703125,-14.0625,0.0075080394744864165,7.874901056289673,51.5625,168.4375,22,42,132.79296875,7.225865209471767,67.8040554523468,20.859375
,20,30.703125,-14.0625,0.0283510684967041,7.903252124786377,51.5625,168.4375,22,42,132.79296875,7.249090909090909,68.37107682228088,20.859375
,20,30.703125,-14.0625,0.007327795028685635,7.910579919815063,51.5625,168.4375,22,42,132.79296875,7.272232304900181,68.5176327228546,20.859375
,20,30.83984375,-14.453125,0.021479129791260654,7.932059049606323,51.5625,168.57421875,22,42,132.9296875,7.295289855072464,68.94721531867981,20.72265625
,20,30.83984375,-14.453125,0.009064912796020508,7.941123962402344,51.5625,168.57421875,22,42,132.9296875,7.318264014466546,69.12851357460022,20.72265625
,20,30.83984375,-14.453125,0.006903171539306641,7.94802713394165,51.5625,168.57421875,22,42,132.9296875,7.34115523465704,69.26657700538635,20.72265625
,20,30.83984375,-14.453125,0.025896787643432617,7.973923921585083,51.5625,168.57421875,22,42,132.9296875,7.363963963963964,69.784512758255,20.72265625
,20,30.83984375,-14.453125,0.009914159774780273,7.983838081359863,51.5625,168.57421875,22,42,132.9296875,7.386690647482014,69.98279595375061,20.72265625
,21,30.83984375,-14.453125,0.010002851486206055,7.993840932846069,51.5625,168.57421875,21,42,132.9296875,7.409335727109515,70.19285583496094,20.72265625
,20,30.29296875,-12.890625,0.02726602554321289,8.021106958389282,51.5625,169.12109375,22,42,133.4765625,7.433691756272402,70.7381763458252,21.26953125
,20,30.29296875,-12.890625,0.007642984390258789,8.028749942779541,51.5625,169.12109375,22,42,133.4765625,7.456171735241503,70.89103603363037,21.26953125
,20,30.15625,-12.5,0.033215999603271484,8.061965942382812,51.5625,169.2578125,22,42,133.61328125,7.478571428571429,71.5553560256958,21.40625
,19,30.15625,-12.5,0.007276058197021484,8.069242000579834,51.5625,169.2578125,23,42,133.61328125,7.500891265597148,71.69360113143921,21.40625
,18,30.25390625,-12.5,0.027915000915527344,8.097157001495361,51.7578125,169.35546875,24,42,133.7109375,7.5213523131672595,72.1960711479187,21.50390625
,18,30.869140625,-12.3046875,0.01186513900756836,8.10902214050293,53.125,169.970703125,24,42,134.462890625,7.539964476021314,72.40964365005493,22.255859375
,18,30.25390625,-10.546875,0.010222911834716797,8.119245052337646,53.125,170.5859375,24,42,135.078125,7.558510638297872,72.59365606307983,22.87109375
,17,30.25390625,-10.546875,0.009245872497558594,8.128490924835205,53.125,170.5859375,25,42,135.078125,7.576991150442478,72.75083589553833,22.87109375
,17,30.25390625,-10.546875,0.016787052154541016,8.145277976989746,53.125,170.5859375,25,42,135.078125,7.593639575971731,73.03621578216553,22.87109375
,17,30.25390625,-10.546875,0.006145954132080078,8.151423931121826,53.125,170.5859375,25,42,135.078125,7.610229276895944,73.14069700241089,22.87109375
,16,29.53125,-6.25,0.026643037796020508,8.178066968917847,54.6875,171.30859375,26,42,137.36328125,7.626760563380282,73.56698560714722,25.15625
,16,29.53125,-6.25,0.008177042007446289,8.186244010925293,54.6875,171.30859375,26,42,137.36328125,7.6414762741652025,73.69781827926636,25.15625
,16,29.53125,-6.25,0.009031057357788086,8.195275068283081,54.6875,171.30859375,26,42,137.36328125,7.656140350877193,73.84231519699097,25.15625
,15,28.92578125,-1.171875,0.027198076248168945,8.22247314453125,57.03125,171.9140625,27,42,140.3125,7.670753064798599,74.2502863407135,28.10546875
,15,28.92578125,-1.171875,0.007459878921508789,8.229933023452759,57.03125,171.9140625,27,42,140.3125,7.683566433566433,74.36218452453613,28.10546875
,15,28.92578125,-1.171875,0.008706092834472656,8.238639116287231,57.03125,171.9140625,27,42,140.3125,7.696335078534031,74.49277591705322,28.10546875
,14,28.515625,0,0.02864980697631836,8.26728892326355,57.03125,172.32421875,28,42,140.72265625,7.709059233449477,74.89387321472168,28.515625
,14,28.515625,0,0.009441137313842773,8.276730060577393,57.03125,172.32421875,28,42,140.72265625,7.72,75.02604913711548,28.515625
,13,28.515625,0,0.029697895050048828,8.306427955627441,57.03125,172.32421875,29,42,140.72265625,7.730902777777778,75.41212177276611,28.515625
,13,28.515625,0,0.004449129104614258,8.310877084732056,57.03125,172.32421875,29,42,140.72265625,7.740034662045061,75.4699604511261,28.515625
,12,28.515625,0,0.011553049087524414,8.32243013381958,57.03125,172.32421875,30,42,140.72265625,7.749134948096886,75.60859704017639,28.515625
,12,27.1484375,3.90625,0.03487992286682129,8.357310056686401,57.03125,173.69140625,30,42,142.08984375,7.756476683937824,76.02715611457825,29.8828125
,12,27.1484375,3.90625,0.005137920379638672,8.36244797706604,57.03125,173.69140625,30,42,142.08984375,7.7637931034482754,76.08881115913391,29.8828125
,11,27.1484375,3.90625,0.010869026184082031,8.373317003250122,57.03125,173.69140625,31,42,142.08984375,7.771084337349397,76.20837044715881,29.8828125
,11,26.767578125,7.2265625,0.031831979751586914,8.405148983001709,58.59375,174.072265625,31,42,144.033203125,7.776632302405498,76.55852222442627,31.826171875
,11,26.767578125,7.2265625,0.0069580078125,8.412106990814209,58.59375,174.072265625,31,42,144.033203125,7.782161234991424,76.63506031036377,31.826171875
,11,24.0625,17.1875,0.04373908042907715,8.455846071243286,60.15625,176.77734375,31,42,148.30078125,7.787671232876712,77.11619019508362,36.09375
,11,24.0625,17.1875,0.006577014923095703,8.462423086166382,60.15625,176.77734375,31,42,148.30078125,7.793162393162393,77.18853735923767,36.09375
,10,24.0625,17.1875,0.013870954513549805,8.476294040679932,60.15625,176.77734375,32,42,148.30078125,7.798634812286689,77.32724690437317,36.09375
,10,26.2109375,13.28125,0.027101993560791016,8.503396034240723,61.71875,178.92578125,32,42,148.88671875,7.802385008517888,77.59826683998108,35.5078125
,10,26.2109375,13.28125,0.011902093887329102,8.515298128128052,61.71875,178.92578125,32,42,148.88671875,7.8061224489795915,77.71728777885437,35.5078125
,9,26.2109375,13.28125,0.010942935943603516,8.526241064071655,61.71875,178.92578125,33,42,148.88671875,7.809847198641766,77.8157742023468,35.5078125
,9,27.9296875,11.71875,0.03906702995300293,8.565308094024658,64.0625,180.64453125,33,42,149.51171875,7.811864406779661,78.16737747192383,36.1328125
,8,27.9296875,11.71875,0.013514041900634766,8.578822135925293,64.0625,180.64453125,34,42,149.51171875,7.813874788494078,78.2754898071289,36.1328125
,8,25.1953125,19.53125,0.033499956130981445,8.612322092056274,64.0625,183.37890625,34,42,152.24609375,7.8141891891891895,78.54348945617676,38.8671875
,7,25.1953125,19.53125,0.01784992218017578,8.63017201423645,64.0625,183.37890625,35,42,152.24609375,7.814502529510961,78.66843891143799,38.8671875
,7,25.1953125,19.53125,0.008748054504394531,8.638920068740845,64.0625,183.37890625,35,42,152.24609375,7.813131313131313,78.72967529296875,38.8671875
,8,26.7578125,19.53125,0.039598941802978516,8.678519010543823,67.1875,184.94140625,34,42,153.80859375,7.811764705882353,79.04646682739258,40.4296875
,8,26.7578125,19.53125,0.009397029876708984,8.687916040420532,67.1875,184.94140625,34,42,153.80859375,7.8120805369127515,79.12164306640625,40.4296875
,8,26.7578125,19.53125,0.010545969009399414,8.698462009429932,67.1875,184.94140625,34,42,153.80859375,7.812395309882747,79.20601081848145,40.4296875
,8,26.7578125,19.53125,0.028908967971801758,8.727370977401733,67.1875,184.94140625,34,42,153.80859375,7.812709030100335,79.43728256225586,40.4296875
,7,26.7578125,19.53125,0.011183977127075195,8.738554954528809,67.1875,184.94140625,35,42,153.80859375,7.813021702838063,79.51557040214539,40.4296875
,5,26.7578125,19.53125,0.031977176666259766,8.770532131195068,67.1875,184.94140625,37,42,153.80859375,7.8116666666666665,79.67545628547668,40.4296875
,3,26.7578125,19.53125,0.011435985565185547,8.781968116760254,67.1875,184.94140625,39,42,153.80859375,7.8069883527454245,79.70976424217224,40.4296875
,2,26.7578125,19.53125,0.008584976196289062,8.790553092956543,67.1875,184.94140625,40,42,153.80859375,7.799003322259137,79.72693419456482,40.4296875
,-4,25.9375,21.875,0.03549599647521973,8.826049089431763,67.1875,185.76171875,46,42,154.62890625,7.7893864013267,79.8689181804657,41.25
,-3,25.9375,21.875,0.007163047790527344,8.83321213722229,67.1875,185.76171875,45,42,154.62890625,7.7698675496688745,79.89040732383728,41.25
,0,25.9375,21.875,0.017300844192504883,8.850512981414795,67.1875,185.76171875,42,42,154.62890625,7.75206611570248,79.89040732383728,41.25
