abs_avik=calc,Referanse=calc,PowerD=calc,avvik=calc,joySide=meas,Ts=calc,Tid=meas,TvD=calc,Lys=meas,MAEList=calc,TvA=calc,joyForward=meas,IAEList=calc,PowerA=calc
Lys0=38
,38,0,0,0,0.005,0,0,38,0,0,0,0,0
,38,0,0,0,0.05009293556213379,0.05009293556213379,0,38,0,0,0,0,0
,38,0,1,0,0.03386116027832031,0.0839540958404541,0,37,0,0,0,0.03386116027832031,0
,38,0,0,0,0.0323178768157959,0.11627197265625,0,38,0.3333333333333333,0,0,0.03386116027832031,0
,38,0,1,0,0.03423094749450681,0.1505029201507568,0,37,0.25,0,0,0.06809210777282712,0
,38,0,0,0,0.0401830673217774,0.1906859874725342,0,38,0.4,0,0,0.06809210777282712,0
,38,0,0,0,0.04977703094482419,0.2404630184173584,0,38,0.3333333333333333,0,0,0.06809210777282712,0
,38,0,0,0,0.03705096244812012,0.2775139808654785,0,38,0.2857142857142857,0,0,0.06809210777282712,0
,38,0,0,0,0.043164968490600586,0.3206789493560791,0,38,0.25,0,0,0.06809210777282712,0
,38,0,1,0,0.050321102142333984,0.3710000514984131,0,37,0.2222222222222222,0,0,0.1184132099151611,0
,38,0,1,0,0.04362082481384283,0.4146208763122559,0,37,0.3,0,0,0.16203403472900393,0
,38,0,1,0,0.03973603248596186,0.4543569087982178,0,37,0.36363636363636365,0,0,0.2017700672149658,0
,38,0,1,0,0.04244804382324224,0.49680495262146,0,37,0.4166666666666667,0,0,0.24421811103820804,0
,38,0,1,0,0.043740987777709905,0.5405459403991699,0,37,0.46153846153846156,0,0,0.28795909881591797,0
,38,0,1,0,0.0315549373626709,0.5721008777618408,0,37,0.5,0,0,0.31951403617858887,0
,38,0,1,0,0.030877113342285156,0.602977991104126,0,37,0.5333333333333333,0,0,0.350391149520874,0
,38,0,1,0,0.043456077575683594,0.6464340686798096,0,37,0.5625,0,0,0.3938472270965576,0
,38,0,1,0,0.04097580909729004,0.6874098777770996,0,37,0.5882352941176471,0,0,0.43482303619384766,0
,38,0,1,0,0.03200507164001465,0.7194149494171143,0,37,0.6111111111111112,0,0,0.4668281078338623,0
,38,0,1,0,0.02915215492248535,0.7485671043395996,0,37,0.631578947368421,0,0,0.49598026275634766,0
,38,0,1,0,0.028407812118530273,0.7769749164581299,0,37,0.65,0,0,0.5243880748748779,0
,38,0,1,0,0.03252696990966797,0.8095018863677979,0,37,0.6666666666666666,0,0,0.5569150447845459,0
,38,0,1,0,0.029589176177978516,0.8390910625457764,0,37,0.6818181818181818,0,0,0.5865042209625244,0
,38,0,1,0,0.02938985824584961,0.868480920791626,0,37,0.6956521739130435,0,0,0.615894079208374,0
,38,0,1,0,0.03018498420715332,0.8986659049987793,0,37,0.7083333333333334,0,0,0.6460790634155273,0
,38,0,1,0,0.029858112335205078,0.9285240173339844,0,37,0.72,0,0,0.6759371757507324,0
,38,0,1,0,0.028461933135986328,0.9569859504699707,0,37,0.7307692307692307,0,0,0.7043991088867188,0
,38,0,1,0,0.026942968368530273,0.983928918838501,0,37,0.7407407407407407,0,0,0.731342077255249,0
,38,0,1,0,0.03470301628112793,1.018631935119629,0,37,0.75,0,0,0.766045093536377,0
,38,0,1,0,0.030315160751342995,1.048947095870972,0,37,0.7586206896551724,0,0,0.79636025428772,0
,38,0,1,0,0.023496866226196067,1.072443962097168,0,37,0.7666666666666667,0,0,0.819857120513916,0
,38,0,1,0,0.029922962188720925,1.102366924285889,0,37,0.7741935483870968,0,0,0.8497800827026369,0
,38,0,1,0,0.02973318099975608,1.132100105285645,0,37,0.78125,0,0,0.879513263702393,0
,38,0,1,0,0.03558492660522394,1.167685031890869,0,37,0.7878787878787878,0,0,0.915098190307617,0
,38,0,1,0,0.03097486495971702,1.198659896850586,0,37,0.7941176470588235,0,0,0.946073055267334,0
,38,0,1,0,0.02970600128173806,1.228365898132324,0,37,0.8,0,0,0.975779056549072,0
,38,0,1,0,0.02605819702148504,1.254424095153809,0,37,0.8055555555555556,0,0,1.001837253570557,0
,38,0,1,0,0.02702498435974099,1.28144907951355,0,37,0.8108108108108109,0,0,1.028862237930298,0
,38,0,1,0,0.028057813644408958,1.309506893157959,0,37,0.8157894736842105,0,0,1.056920051574707,0
,38,0,1,0,0.03298020362854004,1.342487096786499,0,37,0.8205128205128205,0,0,1.089900255203247,0
,38,0,1,0,0.031325817108154075,1.373812913894653,0,37,0.825,0,0,1.1212260723114011,0
,38,0,1,0,0.035881996154784934,1.409694910049438,0,37,0.8292682926829268,0,0,1.157108068466186,0
,38,0,1,0,0.040465116500854936,1.450160026550293,0,37,0.8333333333333334,0,0,1.197573184967041,0
,38,0,1,0,0.03138899803161599,1.481549024581909,0,37,0.8372093023255814,0,0,1.228962182998657,0
,38,0,1,0,0.028336048126221147,1.50988507270813,0,37,0.8409090909090909,0,0,1.2572982311248782,0
,38,0,1,0,0.031674861907958984,1.541559934616089,0,37,0.8444444444444444,0,0,1.2889730930328371,0
,38,1.0943007553215838,1,-3.126573586633097,0.030169963836669922,1.571729898452759,1.0943007553215838,37,0.8478260869565217,1.0943007553215838,0,1.319143056869507,-1.0943007553215838
,38,1.0943007553215838,1,-3.126573586633097,0.03736519813537598,1.609095096588135,1.0943007553215838,37,0.851063829787234,1.0943007553215838,0,1.356508255004883,-1.0943007553215838
,38,1.6411841000991856,1,-4.689097428854816,0.045023918151855025,1.65411901473999,1.6411841000991856,37,0.8541666666666666,1.6411841000991856,0,1.401532173156738,-1.6411841000991856
,38,1.6411841000991856,1,-4.689097428854816,0.03695607185363792,1.691075086593628,1.6411841000991856,37,0.8571428571428571,1.6411841000991856,0,1.438488245010376,-1.6411841000991856
,38,1.6411841000991856,1,-4.689097428854816,0.044059991836548074,1.735135078430176,1.6411841000991856,37,0.86,1.6411841000991856,0,1.482548236846924,-1.6411841000991856
,38,1.6411841000991856,1,-4.689097428854816,0.046680927276611106,1.781816005706787,1.6411841000991856,37,0.8627450980392157,1.6411841000991856,0,1.5292291641235352,-1.6411841000991856
,38,1.6411841000991856,1,-4.689097428854816,0.048216104507445845,1.830032110214233,1.6411841000991856,37,0.8653846153846154,1.6411841000991856,0,1.577445268630981,-1.6411841000991856
,38,1.6411841000991856,1,-4.689097428854816,0.042843818664551,1.872875928878784,1.6411841000991856,37,0.8679245283018868,1.6411841000991856,0,1.620289087295532,-1.6411841000991856
,38,1.6411841000991856,1,-4.689097428854816,0.04490303993225098,1.917778968811035,1.6411841000991856,37,0.8703703703703703,1.6411841000991856,0,1.665192127227783,-1.6411841000991856
,38,1.6411841000991856,1,-4.689097428854816,0.03871297836303711,1.956491947174072,1.6411841000991856,37,0.8727272727272727,1.6411841000991856,0,1.70390510559082,-1.6411841000991856
,38,1.6411841000991856,1,-4.689097428854816,0.03535103797912598,1.991842985153198,1.6411841000991856,37,0.875,1.6411841000991856,0,1.739256143569946,-1.6411841000991856
,38,1.8462653543907843,1,-5.275043869687956,0.03505492210388206,2.02689790725708,1.8462653543907843,37,0.8771929824561403,1.8462653543907843,0,1.7743110656738281,-1.8462653543907843
,38,1.8462653543907843,1,-5.275043869687956,0.029992103576659712,2.05689001083374,1.8462653543907843,37,0.8793103448275862,1.8462653543907843,0,1.8043031692504878,-1.8462653543907843
,38,1.6411841000991856,1,-4.689097428854816,0.03173208236694425,2.088622093200684,2.0513466086823833,37,0.8813559322033898,2.0513466086823833,0,1.836035251617432,-1.6411841000991856
,38,1.6411841000991856,1,-4.689097428854816,0.030370950698852095,2.118993043899536,2.0513466086823833,37,0.8833333333333333,2.0513466086823833,0,1.8664062023162842,-1.6411841000991856
,38,1.6411841000991856,1,-4.689097428854816,0.027711868286132812,2.146704912185669,2.0513466086823833,37,0.8852459016393442,2.0513466086823833,0,1.894118070602417,-1.6411841000991856
,38,1.6411841000991856,1,-4.689097428854816,0.034840106964110884,2.18154501914978,2.0513466086823833,37,0.8870967741935484,2.0513466086823833,0,1.9289581775665279,-1.6411841000991856
,38,1.6411841000991856,1,-4.689097428854816,0.03199505805969327,2.213540077209473,2.0513466086823833,37,0.8888888888888888,2.0513466086823833,0,1.9609532356262211,-1.6411841000991856
,38,2.0513466086823837,1,-5.860990310521097,0.03727889060974077,2.250818967819214,2.4615091172655816,37,0.890625,2.4615091172655816,0,1.998232126235962,-2.0513466086823837
,38,1.8372625314717317,1,-0.7827878233005237,0.0492949485778813,2.300113916397095,2.6755931944762334,37,0.8923076923076924,5.802166781109331,3.126573586633097,2.047527074813843,1.2893110551613651
,38,1.8372625314717317,1,-0.7827878233005237,0.03461718559265092,2.334731101989746,2.6755931944762334,37,0.8939393939393939,5.802166781109331,3.126573586633097,2.082144260406494,1.2893110551613651
,38,1.8372625314717317,1,-0.7827878233005237,0.028342962265015093,2.363074064254761,2.6755931944762334,37,0.8955223880597015,5.802166781109331,3.126573586633097,2.1104872226715092,1.2893110551613651
,38,1.8372625314717317,1,-0.7827878233005237,0.0315549373626709,2.394629001617432,2.6755931944762334,37,0.8970588235294118,5.802166781109331,3.126573586633097,2.14204216003418,1.2893110551613651
,38,1.8372625314717317,1,-0.7827878233005237,0.032324075698852095,2.426953077316284,2.6755931944762334,37,0.8985507246376812,5.802166781109331,3.126573586633097,2.1743662357330322,1.2893110551613651
,38,1.8372625314717317,1,-0.7827878233005237,0.030054807662963867,2.457007884979248,2.6755931944762334,37,0.9,5.802166781109331,3.126573586633097,2.204421043395996,1.2893110551613651
,38,1.8372625314717317,1,-0.7827878233005237,0.034112215042113814,2.491120100021362,2.6755931944762334,37,0.9014084507042254,5.802166781109331,3.126573586633097,2.23853325843811,1.2893110551613651
,38,1.5638208590829328,1,-0.001525902189669637,0.03128099441528409,2.522401094436646,2.9490348668650324,37,0.9027777777777778,6.07560845349813,3.126573586633097,2.269814252853394,1.562752727550164
,38,1.5638208590829328,1,-0.001525902189669637,0.026363849639892134,2.548764944076538,2.9490348668650324,37,0.9041095890410958,6.07560845349813,3.126573586633097,2.296178102493286,1.562752727550164
,38,2.540398260471506,1,-0.001525902189669637,0.03154206275939986,2.580307006835938,3.925612268253605,37,0.9054054054054054,7.0521858548867025,5.079728389410243,2.327720165252686,2.539330128938737
,38,2.540398260471506,1,-0.001525902189669637,0.03049588203430087,2.610802888870239,3.925612268253605,37,0.9066666666666666,7.0521858548867025,5.079728389410243,2.358216047286987,2.539330128938737
,38,3.5169756618600734,1,-0.001525902189669637,0.040066003799439365,2.650868892669678,4.902189669642173,37,0.9078947368421053,8.028763256275269,7.032883192187378,2.3982820510864262,3.5159075303273046
,38,4.298237582970933,1,-0.001525902189669637,0.029339075088500977,2.680207967758179,5.683451590753032,37,0.9090909090909091,8.810025177386128,8.595407034409098,2.427621126174927,4.297169451438164
,38,4.298237582970933,1,-0.001525902189669637,0.029516935348509854,2.709724903106689,5.683451590753032,37,0.9102564102564102,8.810025177386128,8.595407034409098,2.457138061523437,4.297169451438164
,38,6.251392385748074,1,-0.001525902189669637,0.03410601615905806,2.743830919265747,7.636606393530173,37,0.9113924050632911,10.763179980163269,12.50171663996338,2.491244077682495,6.250324254215306
,38,7.423285267414359,1,-0.001525902189669637,0.02862095832824707,2.772451877593994,8.808499275196457,37,0.9125,11.935072861829553,14.84550240329595,2.519865036010742,7.42221713588159
,38,7.423285267414359,1,-0.001525902189669637,0.03057408332824707,2.803025960922241,8.808499275196457,37,0.9135802469135802,11.935072861829553,14.84550240329595,2.5504391193389893,7.42221713588159
,38,8.0092317082475,1,-0.001525902189669637,0.031667947769164595,2.834693908691406,9.394445716029598,37,0.9146341463414634,12.521019302662694,16.01739528496223,2.582107067108154,8.00816357671473
,38,7.423285267414359,1,-0.001525902189669637,0.04561519622802823,2.880309104919434,9.980392156862738,37,0.9156626506024096,13.106965743495834,14.84550240329595,2.627722263336182,7.42221713588159
,38,7.423285267414359,1,-0.001525902189669637,0.033814907073974165,2.914124011993408,9.980392156862738,37,0.9166666666666666,13.106965743495834,14.84550240329595,2.6615371704101562,7.42221713588159
,38,8.595178149080649,1,-0.001525902189669637,0.036995887756347656,2.951119899749756,11.152285038529028,37,0.9176470588235294,14.278858625162124,17.18928816662853,2.698533058166504,8.59411001754788
,38,8.595178149080649,1,-0.001525902189669637,0.03945302963256836,2.990572929382324,11.152285038529028,37,0.9186046511627907,14.278858625162124,17.18928816662853,2.7379860877990723,8.59411001754788
,38,8.595178149080649,1,-0.001525902189669637,0.03955316543579057,3.030126094818115,11.152285038529028,37,0.9195402298850575,14.278858625162124,17.18928816662853,2.777539253234863,8.59411001754788
,38,8.595178149080649,1,-0.001525902189669637,0.03342390060424805,3.063549995422363,11.152285038529028,37,0.9204545454545454,14.278858625162124,17.18928816662853,2.810963153839111,8.59411001754788
,38,9.376440070191505,1,-0.001525902189669637,0.03900289535522505,3.102552890777588,11.933546959639884,37,0.9213483146067416,15.06012054627298,18.75181200885024,2.849966049194336,9.375371938658736
,38,10.54833295185779,1,-0.001525902189669637,0.036466121673583984,3.139019012451172,13.105439841306168,37,0.9222222222222223,16.232013427939265,21.09559777218281,2.88643217086792,10.54726482032502
,38,11.329594872968645,1,-0.001525902189669637,0.04858207702636719,3.187601089477539,13.886701762417024,37,0.9230769230769231,17.01327534905012,22.65812161440452,2.935014247894287,11.328526741435876
,38,11.329594872968645,2,-0.001525902189669637,0.05444478988647505,3.242045879364014,13.886701762417024,36,0.9239130434782609,17.01327534905012,22.65812161440452,3.043903827667237,11.328526741435876
,38,11.622568093385214,2,-0.001525902189669637,0.037911176681517667,3.279957056045532,14.179674982833593,36,0.9354838709677419,17.30624856946669,23.24406805523766,3.1197261810302725,11.621499961852445
,38,11.329594872968645,3,-0.001525902189669637,0.04516196250915616,3.325119018554688,14.472648203250161,35,0.9468085106382979,17.59922178988326,22.65812161440452,3.255212068557741,11.328526741435876
,38,11.329594872968645,3,-0.001525902189669637,0.03869700431823686,3.363816022872925,14.472648203250161,35,0.968421052631579,17.59922178988326,22.65812161440452,3.3713030815124516,11.328526741435876
,38,10.84786755168994,3,1.374837872892343,0.04622006416320801,3.410036087036133,14.954375524528865,35,0.9895833333333334,18.080949111161964,22.65812161440452,3.5099632740020756,11.81025406271458
,38,10.84786755168994,2,1.374837872892343,0.07483601570129439,3.484872102737427,14.954375524528865,36,1.0103092783505154,18.080949111161964,22.65812161440452,3.6596353054046644,11.81025406271458
,38,10.84786755168994,1,1.374837872892343,0.03873085975646884,3.523602962493896,14.954375524528865,37,1.0204081632653061,18.080949111161964,22.65812161440452,3.6983661651611333,11.81025406271458
,38,10.84786755168994,1,1.374837872892343,0.04271602630615279,3.566318988800049,14.954375524528865,37,1.02020202020202,18.080949111161964,22.65812161440452,3.741082191467286,11.81025406271458
,38,10.84786755168994,0,1.374837872892343,0.04673099517822221,3.613049983978271,14.954375524528865,38,1.02,18.080949111161964,22.65812161440452,3.741082191467286,11.81025406271458
,38,10.84786755168994,0,1.374837872892343,0.04162502288818404,3.654675006866455,14.954375524528865,38,1.00990099009901,18.080949111161964,22.65812161440452,3.741082191467286,11.81025406271458
,38,10.02433813992523,0,3.727779049362945,0.04435491561889693,3.699029922485352,15.777904936293575,38,1,18.904478522926674,22.65812161440452,3.741082191467286,12.63378347447929
,38,10.02433813992523,0,3.727779049362945,0.04464316368102983,3.743673086166382,15.777904936293575,38,0.9902912621359223,18.904478522926674,22.65812161440452,3.741082191467286,12.63378347447929
,38,10.84786755168994,0,1.374837872892343,0.04608082771301314,3.789753913879395,16.601434348058284,38,0.9807692307692307,19.728007934691384,22.65812161440452,3.741082191467286,11.81025406271458
,38,10.436636911573974,2,2.549782558937963,0.0537550449371329,3.843508958816528,17.01266498817425,36,0.9714285714285714,20.13923857480735,22.65812161440452,3.848592281341552,12.221484702830548
,38,10.02433813992523,3,3.727779049362945,0.04887104034423917,3.892379999160767,17.424963759822994,35,0.9811320754716981,20.551537346456094,22.65812161440452,3.9952054023742694,12.63378347447929
,38,10.02433813992523,3,3.727779049362945,0.044392108917235884,3.936772108078003,17.424963759822994,35,1,20.551537346456094,22.65812161440452,4.128381729125977,12.63378347447929
,38,10.02433813992523,3,3.727779049362945,0.05502986907959029,3.991801977157593,17.424963759822994,35,1.0185185185185186,20.551537346456094,22.65812161440452,4.293471336364748,12.63378347447929
,38,10.02433813992523,3,3.727779049362945,0.047231912612914595,4.039033889770508,17.424963759822994,35,1.036697247706422,20.551537346456094,22.65812161440452,4.435167074203491,12.63378347447929
,38,11.196231021591515,3,3.727779049362945,0.04369401931762695,4.082727909088135,18.59685664148928,35,1.0545454545454545,21.72343022812238,25.00190737773709,4.566249132156372,13.805676356145575
,38,11.782177462424656,3,3.727779049362945,0.04430413246154785,4.127032041549683,19.18280308232242,35,1.072072072072072,22.30937666895552,26.17380025940337,4.699161529541016,14.391622796978716
,38,11.977492942702375,3,3.727779049362945,0.04643392562866211,4.173465967178345,19.378118562600136,35,1.0892857142857142,22.504692149233236,26.56443121995881,4.838463306427002,14.586938277256435
,38,11.977492942702375,3,3.727779049362945,0.048344135284424716,4.221810102462769,19.378118562600136,35,1.1061946902654867,22.504692149233236,26.56443121995881,4.983495712280276,14.586938277256435
,38,11.977492942702375,3,3.727779049362945,0.0572948455810538,4.279104948043823,19.378118562600136,35,1.1228070175438596,22.504692149233236,26.56443121995881,5.1553802490234375,14.586938277256435
,38,11.977492942702375,4,3.727779049362945,0.038630008697509766,4.317734956741333,19.378118562600136,34,1.1391304347826088,22.504692149233236,26.56443121995881,5.309900283813477,14.586938277256435
,38,13.149385824368656,4,3.727779049362945,0.047059059143066406,4.364794015884399,20.550011444266417,34,1.1637931034482758,23.676585030899517,28.90821698329137,5.498136520385742,15.758831158922716
,38,13.149385824368656,4,3.727779049362945,0.05215907096862793,4.416953086853027,20.550011444266417,34,1.188034188034188,23.676585030899517,28.90821698329137,5.706772804260254,15.758831158922716
,38,13.149385824368656,4,3.727779049362945,0.04657387733459473,4.463526964187622,20.550011444266417,34,1.2118644067796611,23.676585030899517,28.90821698329137,5.893068313598633,15.758831158922716
,38,13.149385824368656,3,3.727779049362945,0.052824974060058594,4.516351938247681,20.550011444266417,35,1.2352941176470589,23.676585030899517,28.90821698329137,6.051543235778809,15.758831158922716
,38,13.930647745479515,3,3.727779049362945,0.05242300033569336,4.568774938583374,21.331273365377278,35,1.25,24.457846952010378,30.47074082551309,6.208812236785889,16.540093080033575
,38,14.754177157244225,3,1.374837872892343,0.043807029724121094,4.612581968307495,22.154802777141988,35,1.2644628099173554,25.281376363775088,30.47074082551309,6.340233325958252,15.716563668268865
,38,15.82185091935607,3,-0.001525902189669637,0.04598093032836914,4.658562898635864,23.222476539253833,35,1.278688524590164,25.385595483329524,31.64263370717937,6.478176116943359,15.820782787823301
,38,17.189059281300068,3,-0.001525902189669637,0.043894052505493164,4.702456951141357,24.58968490119783,35,1.2926829268292683,26.752803845273522,34.37705043106737,6.609858274459839,17.1879911497673
,38,20.001602197299153,4,-0.7827878233005237,0.04581594467163086,4.748272895812988,27.402227817196916,34,1.3064516129032258,29.01846341649501,39.45525291828794,6.793122053146362,19.453650720988787
,38,20.001602197299153,4,-0.7827878233005237,0.03669309616088867,4.784965991973877,27.402227817196916,34,1.328,29.01846341649501,39.45525291828794,6.939894437789917,19.453650720988787
,38,21.75944151979858,3,-0.7827878233005237,0.04573297500610263,4.83069896697998,29.160067139696345,35,1.3492063492063493,30.77630273899444,42.9709315632868,7.077093362808225,21.211490043488215
,38,21.75944151979858,3,-0.7827878233005237,0.06821298599243253,4.898911952972412,29.160067139696345,35,1.3622047244094488,30.77630273899444,42.9709315632868,7.2817323207855225,21.211490043488215
,38,21.75944151979858,3,-0.7827878233005237,0.04256296157836914,4.941474914550781,29.160067139696345,35,1.375,30.77630273899444,42.9709315632868,7.40942120552063,21.211490043488215
,38,21.75944151979858,3,-0.7827878233005237,0.07301497459411532,5.014489889144897,29.160067139696345,35,1.3875968992248062,30.77630273899444,42.9709315632868,7.628466129302976,21.211490043488215
,38,21.75944151979858,3,-0.7827878233005237,0.05517601966857999,5.069665908813477,29.160067139696345,35,1.4,30.77630273899444,42.9709315632868,7.793994188308716,21.211490043488215
,38,21.75944151979858,3,-0.7827878233005237,0.05243515968322754,5.122101068496704,29.160067139696345,35,1.4122137404580153,30.77630273899444,42.9709315632868,7.951299667358398,21.211490043488215
,38,19.2203402761883,3,-0.7827878233005237,0.040129899978637695,5.162230968475342,31.699168383306628,35,1.4242424242424243,33.31540398260472,37.89272907606623,8.071689367294312,18.672388799877933
,38,18.63439383535516,3,-0.7827878233005237,0.04964613914489746,5.211877107620239,32.28511482413977,35,1.4360902255639099,33.90135042343786,36.72083619439995,8.220627784729004,18.086442359044792
,38,18.63439383535516,3,-0.7827878233005237,0.04028797149658203,5.252165079116821,32.28511482413977,35,1.4477611940298507,33.90135042343786,36.72083619439995,8.34149169921875,18.086442359044792
,38,17.755474174105437,2,-0.7827878233005237,0.045761823654174805,5.297926902770996,33.16403448538949,36,1.4592592592592593,34.78027008468759,34.96299687190051,8.4330153465271,17.20752269779507
,38,17.462500953688867,2,-0.7827878233005237,0.04085803031921387,5.33878493309021,33.45700770580606,36,1.463235294117647,35.07324330510416,34.37705043106737,8.514731407165527,16.9145494773785
,38,18.282825970855267,2,-3.126573586633097,0.05312514305114746,5.391910076141357,34.27733272297246,36,1.467153284671533,35.89356832227055,34.37705043106737,8.620981693267822,16.0942244602121
,38,21.09536888685436,3,-7.814145113298244,0.057802915573121005,5.449712991714478,37.08987563897155,35,1.4710144927536233,36.362325474937066,36.72083619439995,8.794390439987186,15.625467307545591
,38,22.18913557640956,3,-10.93919279774167,0.04275202751159579,5.492465019226074,38.183642328526744,35,1.4820143884892085,37.45609216449226,36.72083619439995,8.922646522521973,14.531700617990392
,38,22.18913557640956,3,-10.93919279774167,0.03981804847717285,5.532283067703247,38.183642328526744,35,1.4928571428571429,37.45609216449226,36.72083619439995,9.042100667953491,14.531700617990392
,38,21.36881055924316,3,-8.595407034409098,0.0374298095703125,5.56971287727356,39.00396734569314,35,1.50354609929078,38.27641718165866,36.72083619439995,9.154390096664429,15.352025635156792
,38,20.821927214465557,4,-7.032883192187378,0.047692060470581055,5.617404937744141,39.55085069047074,34,1.5140845070422535,38.823300526436256,36.72083619439995,9.345158338546753,15.898908979934394
,38,20.821927214465557,4,-7.032883192187378,0.033692121505737305,5.651097059249878,39.55085069047074,34,1.5314685314685315,38.823300526436256,36.72083619439995,9.479926824569702,15.898908979934394
,38,20.821927214465557,4,-7.032883192187378,0.03520083427429199,5.68629789352417,39.55085069047074,34,1.5486111111111112,38.823300526436256,36.72083619439995,9.62073016166687,15.898908979934394
,38,20.821927214465557,4,-7.032883192187378,0.03588604927062988,5.7221839427948,39.55085069047074,34,1.5655172413793104,38.823300526436256,36.72083619439995,9.76427435874939,15.898908979934394
,38,20.821927214465557,3,-7.032883192187378,0.04048013687133789,5.762664079666138,39.55085069047074,35,1.582191780821918,38.823300526436256,36.72083619439995,9.885714769363403,15.898908979934394
,38,20.821927214465557,4,-7.032883192187378,0.04133296012878418,5.803997039794922,39.55085069047074,34,1.5918367346938775,38.823300526436256,36.72083619439995,10.05104660987854,15.898908979934394
,38,20.821927214465557,3,-7.032883192187378,0.04504084587097257,5.849037885665894,39.55085069047074,35,1.6081081081081081,38.823300526436256,36.72083619439995,10.186169147491459,15.898908979934394
,38,20.821927214465557,3,-7.032883192187378,0.03441119194030673,5.883449077606201,39.55085069047074,35,1.6174496644295302,38.823300526436256,36.72083619439995,10.289402723312378,15.898908979934394
,38,20.821927214465557,2,-7.032883192187378,0.029275894165039062,5.91272497177124,39.55085069047074,36,1.6266666666666667,38.823300526436256,36.72083619439995,10.347954511642456,15.898908979934394
,38,20.821927214465557,2,-7.032883192187378,0.041938066482543945,5.954663038253784,39.55085069047074,36,1.6291390728476822,38.823300526436256,36.72083619439995,10.431830644607544,15.898908979934394
,38,20.821927214465557,2,-7.032883192187378,0.034196853637694424,5.988859891891479,39.55085069047074,36,1.631578947368421,38.823300526436256,36.72083619439995,10.500224351882933,15.898908979934394
,38,20.821927214465557,1,-7.032883192187378,0.03456020355224698,6.023420095443726,39.55085069047074,37,1.6339869281045751,38.823300526436256,36.72083619439995,10.53478455543518,15.898908979934394
,38,20.616845960173958,1,-6.446936751354237,0.04120278358459473,6.06462287902832,39.75593194476234,37,1.62987012987013,39.028381780727855,36.72083619439995,10.575987339019775,16.103990234225993
,38,20.821927214465557,1,-7.032883192187378,0.03428006172180176,6.098902940750122,39.96101319905394,37,1.6258064516129032,39.233463035019454,36.72083619439995,10.610267400741577,15.898908979934394
,38,20.821927214465557,1,-7.032883192187378,0.033863067626953125,6.132766008377075,39.96101319905394,37,1.6217948717948718,39.233463035019454,36.72083619439995,10.64413046836853,15.898908979934394
,38,20.821927214465557,1,-7.032883192187378,0.03613090515136719,6.168896913528442,39.96101319905394,37,1.6178343949044587,39.233463035019454,36.72083619439995,10.680261373519897,15.898908979934394
,38,20.00160219729916,1,-4.689097428854816,0.038236141204833984,6.207133054733276,40.781338216220334,37,1.6139240506329113,40.05378805218585,36.72083619439995,10.718497514724731,16.71923399710079
,38,20.00160219729916,1,-4.689097428854816,0.03987693786621094,6.247009992599487,40.781338216220334,37,1.610062893081761,40.05378805218585,36.72083619439995,10.758374452590942,16.71923399710079
,38,20.00160219729916,1,-4.689097428854816,0.04699110984802246,6.29400110244751,40.781338216220334,37,1.60625,40.05378805218585,36.72083619439995,10.805365562438965,16.71923399710079
,38,20.00160219729916,1,-4.689097428854816,0.04840993881225586,6.342411041259766,40.781338216220334,37,1.6024844720496894,40.05378805218585,36.72083619439995,10.85377550125122,16.71923399710079
,38,20.00160219729916,1,-4.689097428854816,0.03796887397766113,6.380379915237427,40.781338216220334,37,1.5987654320987654,40.05378805218585,36.72083619439995,10.891744375228882,16.71923399710079
,38,20.00160219729916,0,-4.689097428854816,0.04851508140563965,6.428894996643066,40.781338216220334,38,1.5950920245398772,40.05378805218585,36.72083619439995,10.891744375228882,16.71923399710079
,38,20.00160219729916,0,-4.689097428854816,0.043656110763549805,6.472551107406616,40.781338216220334,38,1.5853658536585367,40.05378805218585,36.72083619439995,10.891744375228882,16.71923399710079
,38,20.00160219729916,0,-4.689097428854816,0.037303924560546875,6.509855031967163,40.781338216220334,38,1.5757575757575757,40.05378805218585,36.72083619439995,10.891744375228882,16.71923399710079
,38,19.45471885252156,1,-3.126573586633097,0.054283857345581055,6.564138889312744,41.32822156099793,37,1.5662650602409638,40.60067139696345,36.72083619439995,10.946028232574463,17.26611734187839
,38,19.45471885252156,1,-3.126573586633097,0.03353714942932129,6.597676038742065,41.32822156099793,37,1.562874251497006,40.60067139696345,36.72083619439995,10.979565382003784,17.26611734187839
,38,19.45471885252156,1,-3.126573586633097,0.033421993255615234,6.631098031997681,41.32822156099793,37,1.5595238095238095,40.60067139696345,36.72083619439995,11.0129873752594,17.26611734187839
,38,19.45471885252156,1,-3.126573586633097,0.04081106185913175,6.671909093856812,41.32822156099793,37,1.5562130177514792,40.60067139696345,36.72083619439995,11.05379843711853,17.26611734187839
,38,19.45471885252156,1,-3.126573586633097,0.031117916107176846,6.703027009963989,41.32822156099793,37,1.5529411764705883,40.60067139696345,36.72083619439995,11.084916353225708,17.26611734187839
,38,19.45471885252156,1,-3.126573586633097,0.03584098815917969,6.738867998123169,41.32822156099793,37,1.5497076023391814,40.60067139696345,36.72083619439995,11.120757341384888,17.26611734187839
,38,19.45471885252156,1,-3.126573586633097,0.041452884674072266,6.780320882797241,41.32822156099793,37,1.5465116279069768,40.60067139696345,36.72083619439995,11.16221022605896,17.26611734187839
,38,19.45471885252156,1,-3.126573586633097,0.040769100189208984,6.82108998298645,41.32822156099793,37,1.5433526011560694,40.60067139696345,36.72083619439995,11.202979326248169,17.26611734187839
,38,19.45471885252156,1,-3.126573586633097,0.040717124938964844,6.861807107925415,41.32822156099793,37,1.5402298850574712,40.60067139696345,36.72083619439995,11.243696451187134,17.26611734187839
,38,19.45471885252156,2,-3.126573586633097,0.04636788368225098,6.908174991607666,41.32822156099793,36,1.5371428571428571,40.60067139696345,36.72083619439995,11.336432218551636,17.26611734187839
,38,19.04455634393836,2,-1.954680704966816,0.044142961502075195,6.952317953109741,41.73838406958113,36,1.5397727272727273,41.01083390554665,36.72083619439995,11.424718141555786,17.67627985046159
,38,17.755474174105437,3,-0.7827878233005237,0.04422593116760254,6.996543884277344,43.02746623941405,35,1.5423728813559323,41.47959105821317,34.96299687190051,11.557395935058594,17.20752269779507
,38,18.34142061493859,4,-0.7827878233005237,0.053553104400635654,7.050096988677979,43.61341268024721,34,1.550561797752809,42.065537499046314,36.13488975356681,11.771608352661136,17.79346913862822
,38,19.24963759822996,5,-2.540627145799956,0.04679989814758301,7.096896886825562,44.521629663538576,33,1.5642458100558658,42.38780804150454,36.72083619439995,12.005607843399051,17.47119859616999
,38,18.282825970855267,6,-3.126573586633097,0.05344319343566717,7.15034008026123,45.48844129091327,32,1.5833333333333333,43.764782177462436,34.37705043106737,12.326267004013054,16.0942244602121
,38,15.509346150911728,7,-0.7827878233005237,0.046718835830689365,7.197058916091919,48.26192111085681,31,1.6077348066298343,44.897611963073174,30.47074082551309,12.65329885482788,14.961394674601362
,38,15.509346150911728,8,-0.7827878233005237,0.03391003608703613,7.230968952178955,48.26192111085681,30,1.6373626373626373,44.897611963073174,30.47074082551309,12.92457914352417,14.961394674601362
,38,12.774929427023729,8,-0.7827878233005237,0.04733610153198331,7.278305053710938,50.99633783474481,30,1.6721311475409837,47.63202868696118,25.00190737773709,13.303267955780036,12.226977950713362
,38,11.212405584802013,9,-0.7827878233005237,0.035665035247801846,7.31397008895874,52.55886167696652,29,1.7065217391304348,49.19455252918289,21.87685969329366,13.624253273010254,10.664454108491647
,38,11.212405584802013,11,-0.7827878233005237,0.036894798278808594,7.350864887237549,52.55886167696652,27,1.7459459459459459,49.19455252918289,21.87685969329366,14.030096054077148,10.664454108491647
,38,9.649881742580304,14,-0.7827878233005237,0.04526400566101074,7.39612889289856,54.12138551918823,24,1.7956989247311828,50.7570763714046,18.75181200885024,14.663792133331299,9.101930266269937
,38,5.743572137026018,15,-0.7827878233005237,0.04803919792175382,7.444168090820313,58.027695124742515,23,1.86096256684492,54.663385976958885,10.93919279774167,15.384380102157607,5.195620660715652
,38,5.743572137026018,15,-0.7827878233005237,0.03797292709350497,7.482141017913818,58.027695124742515,23,1.9308510638297873,54.663385976958885,10.93919279774167,15.95397400856018,5.195620660715652
,38,5.743572137026018,15,-0.7827878233005237,0.04000687599182129,7.52214789390564,58.027695124742515,23,2.0,54.663385976958885,10.93919279774167,16.5540771484375,5.195620660715652
,38,4.571679255359732,15,-0.7827878233005237,0.041477203369140625,7.56362509727478,59.1995880064088,23,2.068421052631579,55.83527885862517,8.595407034409098,17.17623519897461,4.0237277790493655
,38,3.7904173342488723,15,-0.7827878233005237,0.03657698631286532,7.600202083587646,59.980849927519664,23,2.136125654450262,56.616540779736034,7.032883192187378,17.72488999366759,3.2424658579385057
,38,3.7904173342488723,15,-0.7827878233005237,0.034752845764161044,7.634954929351807,59.980849927519664,23,2.203125,56.616540779736034,7.032883192187378,18.246182680130005,3.2424658579385057
,38,3.7904173342488723,15,-0.7827878233005237,0.04724407196044922,7.682199001312256,59.980849927519664,23,2.2694300518134716,56.616540779736034,7.032883192187378,18.954843759536743,3.2424658579385057
,38,3.7904173342488723,14,-0.7827878233005237,0.02986907958984375,7.7120680809021,59.980849927519664,24,2.3350515463917527,56.616540779736034,7.032883192187378,19.373010873794556,3.2424658579385057
,38,3.7904173342488723,15,-0.7827878233005237,0.04144597053527832,7.753514051437378,59.980849927519664,23,2.394871794871795,56.616540779736034,7.032883192187378,19.99470043182373,3.2424658579385057
,38,3.7904173342488723,15,-0.7827878233005237,0.03754782676696777,7.791061878204346,59.980849927519664,23,2.4591836734693877,56.616540779736034,7.032883192187378,20.557917833328247,3.2424658579385057
,38,3.7904173342488723,16,-0.7827878233005237,0.03782010078430087,7.828881978988647,59.980849927519664,22,2.5228426395939088,56.616540779736034,7.032883192187378,21.16303944587706,3.2424658579385057
,38,9.063935301747158,16,-0.7827878233005237,0.039735078811646396,7.868617057800293,65.25436789501795,22,2.590909090909091,61.89005874723432,17.57991912718395,21.798800706863403,8.515983825436791
,38,10.821774624246588,17,-0.7827878233005237,0.038336992263793945,7.906954050064087,67.01220721751739,21,2.658291457286432,63.64789806973375,21.09559777218281,22.4505295753479,10.273823147936222
,38,10.821774624246588,17,-0.7827878233005237,0.027647972106934482,7.934602022171021,67.01220721751739,21,2.73,63.64789806973375,21.09559777218281,22.920545101165786,10.273823147936222
,38,12.774929427023729,17,-0.7827878233005237,0.03162693977355868,7.96622896194458,68.96536202029452,21,2.800995024875622,65.60105287251089,25.00190737773709,23.458203077316284,12.226977950713362
,38,12.774929427023729,17,-0.7827878233005237,0.032340049743652344,7.998569011688232,68.96536202029452,21,2.871287128712871,65.60105287251089,25.00190737773709,24.007983922958374,12.226977950713362
,38,14.376516365300988,17,-3.126573586633097,0.030299901962280273,8.028868913650513,70.56694895857179,21,2.9408866995073892,65.64011596856643,26.56443121995881,24.52308225631714,12.187914854657821
,38,16.32967116807813,17,-3.126573586633097,0.03286600112915039,8.061734914779663,72.52010376134892,21,3.0098039215686274,67.59327077134357,30.47074082551309,25.081804275512695,14.141069657434961
,38,16.32967116807813,16,-3.126573586633097,0.03575301170349121,8.097487926483154,72.52010376134892,22,3.078048780487805,67.59327077134357,30.47074082551309,25.653852462768555,14.141069657434961
,38,16.32967116807813,17,-3.126573586633097,0.0393061637878418,8.136794090270996,72.52010376134892,21,3.1407766990291264,67.59327077134357,30.47074082551309,26.322057247161865,14.141069657434961
,38,16.32967116807813,16,-3.126573586633097,0.035841941833496094,8.172636032104492,72.52010376134892,22,3.207729468599034,67.59327077134357,30.47074082551309,26.895528316497803,14.141069657434961
,38,16.87655451285573,12,-4.689097428854816,0.03920888900756836,8.21184492111206,73.06698710612652,26,3.269230769230769,68.14015411612117,30.47074082551309,27.366034984588623,13.59418631265736
,38,16.87655451285573,10,-4.689097428854816,0.04474306106567383,8.256587982177734,73.06698710612652,28,3.311004784688995,68.14015411612117,30.47074082551309,27.81346559524536,13.59418631265736
,38,16.87655451285573,10,-4.689097428854816,0.03317594528198242,8.289763927459717,73.06698710612652,28,3.342857142857143,68.14015411612117,30.47074082551309,28.145225048065186,13.59418631265736
,38,18.048447394522015,9,-4.689097428854816,0.037873029708862305,8.327636957168579,74.2388799877928,29,3.374407582938389,69.31204699778745,32.81452658884566,28.486082315444946,14.766079194323645
,38,18.048447394522015,9,-4.689097428854816,0.03248310089111328,8.360120058059692,74.2388799877928,29,3.400943396226415,69.31204699778745,32.81452658884566,28.778430223464966,14.766079194323645
,38,16.87655451285573,9,-4.689097428854816,0.03614401817321777,8.39626407623291,75.41077286945908,29,3.427230046948357,70.48393987945373,30.47074082551309,29.103726387023926,13.59418631265736
,38,18.048447394522015,9,-4.689097428854816,0.04062795639038086,8.436892032623291,76.58266575112536,29,3.453271028037383,71.65583276112001,32.81452658884566,29.469377994537354,14.766079194323645
,38,18.048447394522015,9,-4.689097428854816,0.037004947662353516,8.473896980285645,76.58266575112536,29,3.4790697674418603,71.65583276112001,32.81452658884566,29.802422523498535,14.766079194323645
,38,18.048447394522015,9,-4.689097428854816,0.03563499450683594,8.50953197479248,76.58266575112536,29,3.5046296296296298,71.65583276112001,32.81452658884566,30.12313747406006,14.766079194323645
,38,18.048447394522015,10,-4.689097428854816,0.0331571102142334,8.542689085006714,76.58266575112536,28,3.5299539170506913,71.65583276112001,32.81452658884566,30.454708576202393,14.766079194323645
,38,18.048447394522015,10,-4.689097428854816,0.03163480758666992,8.574323892593384,76.58266575112536,28,3.5596330275229358,71.65583276112001,32.81452658884566,30.771056652069092,14.766079194323645
,38,18.048447394522015,10,-4.689097428854816,0.03656911849975586,8.61089301109314,76.58266575112536,28,3.589041095890411,71.65583276112001,32.81452658884566,31.13674783706665,14.766079194323645
,38,18.048447394522015,11,-4.689097428854816,0.050930023193359375,8.661823034286499,76.58266575112536,27,3.618181818181818,71.65583276112001,32.81452658884566,31.696978092193604,14.766079194323645
,38,18.5367360952163,10,-4.689097428854816,0.04513692855834961,8.706959962844849,77.07095445181965,28,3.6515837104072397,72.1441214618143,33.79110399023423,32.1483473777771,15.254367895017928
,38,19.41565575646601,10,-4.689097428854816,0.03980898857116699,8.746768951416016,77.94987411306936,28,3.68018018018018,73.023041123064,35.54894331273365,32.54643726348877,16.13328755626764
,38,19.41565575646601,11,-4.689097428854816,0.03585505485534668,8.782624006271362,77.94987411306936,27,3.708520179372197,73.023041123064,35.54894331273365,32.94084286689758,16.13328755626764
,38,18.63439383535516,11,-0.7827878233005237,0.035288095474243164,8.817912101745605,78.73113603418021,27,3.7410714285714284,74.97619592584115,36.72083619439995,33.32901191711426,18.086442359044792
,38,18.63439383535516,12,-0.7827878233005237,0.04100298881530762,8.858915090560913,78.73113603418021,26,3.7733333333333334,74.97619592584115,36.72083619439995,33.82104778289795,18.086442359044792
,38,18.63439383535516,12,-0.7827878233005237,0.0375218391418457,8.896436929702759,78.73113603418021,26,3.809734513274336,74.97619592584115,36.72083619439995,34.2713098526001,18.086442359044792
,38,19.80628671702144,13,-0.7827878233005237,0.057398080825805664,8.953835010528564,79.90302891584649,25,3.845814977973568,76.14808880750743,39.06462195773251,35.01748490333557,19.258335240711073
,38,19.80628671702144,14,-0.7827878233005237,0.04728293418884277,9.001117944717407,79.90302891584649,24,3.8859649122807016,76.14808880750743,39.06462195773251,35.67944598197937,19.258335240711073
,38,19.80628671702144,14,-0.7827878233005237,0.05920696258544922,9.060324907302856,79.90302891584649,24,3.930131004366812,76.14808880750743,39.06462195773251,36.50834345817566,19.258335240711073
,38,19.80628671702144,14,-0.7827878233005237,0.041172027587890625,9.101496934890747,79.90302891584649,24,3.973913043478261,76.14808880750743,39.06462195773251,37.08475184440613,19.258335240711073
,38,20.587548638132294,14,-0.7827878233005237,0.05071902275085449,9.152215957641602,80.68429083695735,24,4.017316017316017,76.92935072861829,40.62714579995422,37.79481816291809,20.039597161821927
,38,21.46646829938201,14,-0.7827878233005237,0.039971113204956055,9.192187070846558,81.56321049820707,24,4.060344827586207,77.808270389868,42.38498512245366,38.354413747787476,20.918516823071645
,38,21.554360265506983,14,-0.1968413824673831,0.04146599769592285,9.23365306854248,81.65110246433204,24,4.103004291845494,78.30632486457617,42.9709315632868,38.934937715530396,21.416571297779814
,38,21.485999847409783,14,-0.001525902189669637,0.05135393142700195,9.285006999969482,81.71946288242924,24,4.145299145299146,78.37468528267337,42.9709315632868,39.65389275550842,21.484931715877014
,38,21.485999847409783,14,-0.001525902189669637,0.03977799415588379,9.324784994125366,81.71946288242924,24,4.187234042553191,78.37468528267337,42.9709315632868,40.210784673690796,21.484931715877014
,38,21.485999847409783,14,-0.001525902189669637,0.05589008331298828,9.380675077438354,81.71946288242924,24,4.228813559322034,78.37468528267337,42.9709315632868,40.99324584007263,21.484931715877014
,38,21.485999847409783,14,-0.001525902189669637,0.05310797691345215,9.433783054351807,81.71946288242924,24,4.270042194092827,78.37468528267337,42.9709315632868,41.73675751686096,21.484931715877014
,38,21.485999847409783,13,-0.001525902189669637,0.05662989616394043,9.490412950515747,81.71946288242924,25,4.310924369747899,78.37468528267337,42.9709315632868,42.47294616699219,21.484931715877014
,38,21.485999847409783,13,-0.001525902189669637,0.047515153884887695,9.537928104400635,81.71946288242924,25,4.347280334728033,78.37468528267337,42.9709315632868,43.09064316749573,21.484931715877014
,38,21.485999847409783,12,-0.001525902189669637,0.04625391960144043,9.584182024002075,81.71946288242924,26,4.383333333333334,78.37468528267337,42.9709315632868,43.64569020271301,21.484931715877014
,38,21.485999847409783,11,-0.001525902189669637,0.03797793388366699,9.622159957885742,81.71946288242924,27,4.4149377593361,78.37468528267337,42.9709315632868,44.06344747543335,21.484931715877014
,38,22.26726176852064,11,-0.001525902189669637,0.04868292808532715,9.67084288597107,82.5007248035401,27,4.4421487603305785,79.15594720378422,44.53345540550851,44.59895968437195,22.26619363698787
,38,20.962005035477226,11,3.727779049362945,0.04704904556274414,9.717891931533813,83.80598153658352,27,4.469135802469136,80.46120393682764,44.53345540550851,45.116499185562134,23.571450370031286
,38,19.589456015869388,10,7.649347676813911,0.05657005310058594,9.7744619846344,85.17853055619136,28,4.495901639344262,81.83375295643549,44.53345540550851,45.68219971656799,24.943999389639124
,38,19.589456015869388,10,7.649347676813911,0.04046297073364258,9.814924955368042,85.17853055619136,28,4.518367346938776,81.83375295643549,44.53345540550851,46.08682942390442,24.943999389639124
,38,16.295338368810558,9,17.06111238269628,0.07384395599365234,9.888768911361694,88.47264820325019,29,4.540650406504065,85.12787060349432,44.53345540550851,46.75142502784729,28.238117036697954
,38,11.803082322423126,8,17.06111238269628,0.0718071460723877,9.960576057434082,92.96490424963761,30,4.558704453441296,89.62012664988174,35.54894331273365,47.32588219642639,23.745860990310522
,38,11.217135881589986,7,17.06111238269628,0.05151796340942738,10.01209402084351,93.55085069047075,31,4.57258064516129,90.20607309071488,34.37705043106737,47.68650794029239,23.15991454947738
,38,10.393606469825283,7,19.41405355916686,0.042126893997190606,10.0542209148407,94.37438010223545,31,4.582329317269076,91.02960250247958,34.37705043106737,47.98139619827272,23.983443961242084
,38,9.570077058060583,7,21.76699473563743,0.04786014556884943,10.10208106040955,95.19790951400014,31,4.592,91.85313191424427,34.37705043106737,48.31641721725467,24.806973373006784
,38,9.570077058060583,7,21.76699473563743,0.04222702980040971,10.14430809020996,95.19790951400014,31,4.601593625498008,91.85313191424427,34.37705043106737,48.61200642585754,24.806973373006784
,38,8.239795529106585,7,23.33562218661784,0.046499967575071466,10.19080805778503,96.52819104295415,31,4.611111111111111,92.08537422751198,32.81452658884566,48.937506198883035,24.574731059739072
,38,4.914091706721603,7,27.25719081406881,0.04289793968200861,10.23370599746704,99.85389486533913,31,4.620553359683795,92.66598001068128,28.90821698329137,49.2377917766571,23.99412527656977
,38,1.789044022278178,7,27.25719081406881,0.05314302444458008,10.28684902191162,102.97894254978256,31,4.6299212598425195,95.79102769512471,22.65812161440452,49.60979294776916,20.869077592126345
,38,3.7106126497291614,7,21.76699473563743,0.046623945236211384,10.33347296714783,104.90051117723354,31,4.63921568627451,97.71259632257569,22.65812161440452,49.936160564422636,18.94750896467536
,38,5.500953688868545,7,20.0,0.04566907882689897,10.37914204597473,106.69085221637292,31,4.6484375,98.26604104676888,25.00190737773709,50.25584411621093,19.500953688868545
,38,4.882505531395446,8,21.76699473563743,0.08747196197510121,10.46661400794983,107.30930037384601,30,4.657587548638133,98.88448920424197,25.00190737773709,50.95561981201174,20.119401846341646
,38,4.471274891279467,8,22.94193942168308,0.08802700042723899,10.55464100837707,107.72053101396199,30,4.670542635658915,99.29571984435795,25.00190737773709,51.65983581542965,20.530632486457623
,38,4.471274891279467,8,22.94193942168308,0.04714798927308017,10.60178899765015,107.72053101396199,30,4.683397683397684,99.29571984435795,25.00190737773709,52.03701972961429,20.530632486457623
,38,4.291218432898459,8,25.68856336308842,0.0553209781646693,10.65710997581482,107.90058747234299,30,4.696153846153846,101.03830014496067,26.56443121995881,52.47958755493165,22.273212787060352
,38,4.291218432898459,9,25.68856336308842,0.05659103393555043,10.71370100975037,107.90058747234299,29,4.708812260536399,101.03830014496067,26.56443121995881,52.988906860351605,22.273212787060352
,38,9.6623941405356,9,25.68856336308842,0.05415105819701971,10.76785206794739,113.27176317998013,29,4.7251908396946565,106.40947585259781,37.30678263523309,53.476266384124784,27.64438849469749
,38,11.908522163729305,9,25.68856336308842,0.04274392127991078,10.8105959892273,115.51789120317383,29,4.741444866920152,108.65560387579151,41.7990386816205,53.86096167564398,29.890516517891196
,38,10.773556115053028,9,27.25719081406881,0.04383897781371893,10.85443496704102,116.65285725185011,29,4.757575757575758,108.69253070878152,40.62714579995422,54.25551247596745,29.853589684901195
,38,10.773556115053028,9,27.25719081406881,0.040518999099731445,10.89495396614075,116.65285725185011,29,4.773584905660377,108.69253070878152,40.62714579995422,54.62018346786503,29.853589684901195
,38,10.773556115053028,9,27.25719081406881,0.049901008605949926,10.9448549747467,116.65285725185011,29,4.7894736842105265,108.69253070878152,40.62714579995422,55.06929254531858,29.853589684901195
,38,10.773556115053028,9,27.25719081406881,0.05351710319519931,10.9983720779419,116.65285725185011,29,4.805243445692884,108.69253070878152,40.62714579995422,55.550946474075374,29.853589684901195
,38,10.773556115053028,9,27.25719081406881,0.04930090904234952,11.04767298698425,116.65285725185011,29,4.82089552238806,108.69253070878152,40.62714579995422,55.99465465545652,29.853589684901195
,38,10.773556115053028,8,27.25719081406881,0.05180501937867099,11.09947800636292,116.65285725185011,30,4.836431226765799,108.69253070878152,40.62714579995422,56.40909481048589,29.853589684901195
,38,10.773556115053028,8,27.25719081406881,0.0468180179595894,11.14629602432251,116.65285725185011,30,4.848148148148148,108.69253070878152,40.62714579995422,56.783638954162605,29.853589684901195
,38,10.773556115053028,7,27.25719081406881,0.04794502258300959,11.19424104690552,116.65285725185011,31,4.8597785977859775,108.69253070878152,40.62714579995422,57.119254112243674,29.853589684901195
,38,10.773556115053028,5,27.25719081406881,0.058312892913820136,11.25255393981934,116.65285725185011,33,4.867647058823529,108.69253070878152,40.62714579995422,57.41081857681277,29.853589684901195
,38,10.773556115053028,3,27.25719081406881,0.04896116256712979,11.30151510238647,116.65285725185011,35,4.868131868131868,108.69253070878152,40.62714579995422,57.55770206451416,29.853589684901195
,38,10.773556115053028,2,27.25719081406881,0.04802083969117099,11.34953594207764,116.65285725185011,36,4.861313868613139,108.69253070878152,40.62714579995422,57.6537437438965,29.853589684901195
,38,6.824979018844891,1,29.61013199053941,0.04761195182799938,11.39714789390564,120.60143434805825,37,4.850909090909091,110.99404898146024,34.37705043106737,57.7013556957245,27.552071412222475
,38,2.369649805447475,0,31.1787594415198,0.05962514877318981,11.45677304267883,125.05676356145567,38,4.836956521739131,114.35133897917137,26.56443121995881,57.7013556957245,24.194781414511333
,38,-2.9461356527046583,-1,33.53170061799038,0.052109003067020154,11.50888204574585,130.3725490196078,39,4.819494584837545,118.0200656137941,17.57991912718395,57.75346469879152,20.526054779888607
,38,-2.9461356527046583,-2,33.53170061799038,0.04145097732544123,11.55033302307129,130.3725490196078,40,4.798561151079137,118.0200656137941,17.57991912718395,57.8363666534424,20.526054779888607
,38,-6.8524452582589435,-2,33.53170061799038,0.04746389389037908,11.59779691696167,134.2788586251621,40,4.774193548387097,121.92637521934839,9.767299916075379,57.93129444122316,16.619745174334323
,38,-8.219653620202944,-2,33.53170061799038,0.058526992797849786,11.65632390975952,135.64606698710608,40,4.75,123.29358358129238,7.032883192187378,58.04834842681886,15.252536812390321
,38,-8.805600061036085,-2,33.53170061799038,0.0537910461425799,11.7101149559021,136.23201342793922,40,4.725978647686833,123.87953002212552,5.860990310521097,58.15593051910402,14.66659037155718
,38,-9.391546501869225,-2,33.53170061799038,0.061953067779541016,11.77206802368164,136.81795986877236,40,4.702127659574468,124.46547646295866,4.689097428854816,58.2798366546631,14.08064393072404
,38,-10.721828030823227,-1,35.10032806897079,0.05427289009093883,11.82634091377258,138.14824139772637,39,4.678445229681979,124.69771877622638,3.126573586633097,58.33410954475404,13.848401617456323
,38,-11.893720912489513,-1,35.10032806897079,0.050642967224129976,11.87698388099671,139.32013427939265,39,4.658450704225352,125.86961165789266,0.7827878233005237,58.38475251197817,12.676508735790037
,38,-12.717250324254216,-2,37.45326924544137,0.04530405998229092,11.922287940979,140.14366369115734,40,4.63859649122807,126.69314106965737,0.7827878233005237,58.47536063194275,13.50003814755474
,38,-13.128480964370183,-1,38.62821393148699,0.04778003692626953,11.97006797790527,140.55489433127332,39,4.615384615384615,127.10437170977335,0.7827878233005237,58.52314066886902,13.911268787670707
,38,-13.266269932097355,-1,39.02189669642176,0.04776811599731978,12.01783609390259,140.6926832990005,39,4.59581881533101,127.24216067750052,0.7827878233005237,58.57090878486634,14.049057755397879
,38,-13.883649958037694,-1,40.78583962767988,0.05099582672118963,12.06883192062378,141.31006332494084,39,4.576388888888889,127.85954070344086,0.7827878233005237,58.62190461158753,14.666437781338217
,38,-13.883649958037694,-1,40.78583962767988,0.04188108444214045,12.11071300506592,141.31006332494084,39,4.557093425605537,127.85954070344086,0.7827878233005237,58.66378569602967,14.666437781338217
,38,-14.29488059815366,-2,41.9607843137255,0.04591703414916992,12.15663003921509,141.72129396505682,40,4.537931034482758,128.27077134355682,0.7827878233005237,58.75561976432801,15.077668421454185
,38,-15.462348363469903,-1,45.29640650034333,0.040798902511589574,12.19742894172668,142.88876173037306,39,4.515463917525773,129.43823910887306,0.7827878233005237,58.7964186668396,16.245136186770427
,38,-15.462348363469903,-1,45.29640650034333,0.03497004508973056,12.23239898681641,142.88876173037306,39,4.4965753424657535,129.43823910887306,0.7827878233005237,58.83138871192933,16.245136186770427
,38,-16.28587777523461,-1,47.64934767681392,0.08256292343138938,12.3149619102478,143.71229114213776,39,4.477815699658703,130.26176852063776,0.7827878233005237,58.91395163536072,17.068665598535134
,38,-16.834897383077745,-1,49.21797512779431,0.06215715408325018,12.37711906433105,144.2613107499809,39,4.459183673469388,130.8107881284809,0.7827878233005237,58.97610878944397,17.61768520637827
,38,-16.834897383077745,0,49.21797512779431,0.04944896697999113,12.42656803131104,144.2613107499809,38,4.440677966101695,130.8107881284809,0.7827878233005237,58.97610878944397,17.61768520637827
,38,-19.578927290760664,1,57.05806057831693,0.0520439147949201,12.47861194610596,147.00534065766382,37,4.425675675675675,133.55481803616382,0.7827878233005237,59.02815270423889,20.361715114061187
,38,-19.78507667658503,2,57.64705882352941,0.049019098281858575,12.52763104438782,147.2114900434882,36,4.414141414141414,133.7609674219882,0.7827878233005237,59.12619090080261,20.567864499885555
,38,-20.40245670252537,3,59.41100175478753,0.04182291030884144,12.56945395469666,147.82887006942855,35,4.406040268456376,134.37834744792855,0.7827878233005237,59.25165963172914,21.185244525825894
,38,-20.95147631036851,5,60.97962920576792,0.05108809471130016,12.62054204940796,148.3778896772717,33,4.40133779264214,134.9273670557717,0.7827878233005237,59.507100105285645,21.734264133669033
,38,-20.95147631036851,7,60.97962920576792,0.0500528812408394,12.6705949306488,148.3778896772717,31,4.403333333333333,134.9273670557717,0.7827878233005237,59.85747027397152,21.734264133669033
,38,-20.95147631036851,9,60.97962920576792,0.043574094772340644,12.71416902542114,148.3778896772717,29,4.411960132890365,134.9273670557717,0.7827878233005237,60.249637126922586,21.734264133669033
,38,-21.775005722133212,9,63.3325703822385,0.03845191001891912,12.75262093544006,149.2014190890364,29,4.427152317880795,135.7508964675364,0.7827878233005237,60.59570431709286,22.557793545433736
,38,-21.775005722133212,11,63.3325703822385,0.04927611351014072,12.8018970489502,149.2014190890364,27,4.442244224422442,135.7508964675364,0.7827878233005237,61.13774156570441,22.557793545433736
,38,-21.775005722133212,12,63.3325703822385,0.04475688934325994,12.84665393829346,149.2014190890364,26,4.463815789473684,135.7508964675364,0.7827878233005237,61.67482423782353,22.557793545433736
,38,-17.868696116578924,15,63.3325703822385,0.04778909683227006,12.89444303512573,153.1077286945907,23,4.488524590163935,139.6572060730907,8.595407034409098,62.39166069030758,26.464103150988024
,38,-17.868696116578924,17,63.3325703822385,0.04864287376403986,12.94308590888977,153.1077286945907,21,4.522875816993464,139.6572060730907,8.595407034409098,63.21858954429626,26.464103150988024
,38,-12.790493629358354,19,63.3325703822385,0.045884132385259235,12.98897004127503,158.18593118181127,19,4.563517915309446,144.73540856031127,18.75181200885024,64.09038805961619,31.542305638208596
,38,-9.958419165331499,21,63.3325703822385,0.04414606094359996,13.03311610221863,161.01800564583812,17,4.6103896103896105,147.56748302433812,24.41596093690395,65.01745533943179,34.37438010223545
,38,-7.094911116197453,23,61.5686274509804,0.04928588867186967,13.0824019908905,163.88151369497217,15,4.663430420711974,149.1962310215915,28.90821698329137,66.15103077888479,36.003128099488826
,38,-2.781795986877242,25,57.05806057831693,0.045505046844491304,13.12790703773499,168.19462882429238,13,4.72258064516129,150.35194934004727,34.37705043106737,67.28865694999708,37.15884641794461
,38,-2.781795986877242,24,57.05806057831693,0.04975891113280895,13.1776659488678,168.19462882429238,14,4.787781350482315,150.35194934004727,34.37705043106737,68.48287081718449,37.15884641794461
,38,-2.781795986877242,23,57.05806057831693,0.04049515724181951,13.21816110610962,168.19462882429238,15,4.8493589743589745,150.35194934004727,34.37705043106737,69.41425943374634,37.15884641794461
,38,-2.781795986877242,18,57.05806057831693,0.04421782493591131,13.26237893104553,168.19462882429238,20,4.907348242811501,150.35194934004727,34.37705043106737,70.21018028259275,37.15884641794461
,38,-2.4888227664606717,10,57.05806057831693,0.0446159839630198,13.30699491500855,168.48760204470895,28,4.949044585987261,150.64492256046384,34.96299687190051,70.65634012222294,37.45181963836118
,38,-1.6099031052109503,-4,57.05806057831693,0.0472230911254794,13.35421800613403,169.36652170595866,42,4.965079365079365,151.52384222171355,36.72083619439995,70.84523248672485,38.3307392996109
,38,-1.6099031052109503,-20,57.05806057831693,0.04919695854187012,13.4034149646759,169.36652170595866,58,4.936708860759493,151.52384222171355,36.72083619439995,71.82917165756226,38.3307392996109
,38,-1.6099031052109503,-34,57.05806057831693,0.06154108047486062,13.46495604515076,169.36652170595866,72,4.858044164037855,151.52384222171355,36.72083619439995,73.92156839370752,38.3307392996109
,38,-2.022201876859686,-38,58.23605706874189,0.05474305152892889,13.51969909667969,169.77882047760738,76,4.735849056603773,151.9361409933623,36.72083619439995,76.00180435180681,38.74303807125963
,38,-2.4334325169756568,-39,59.41100175478753,0.04865479469299139,13.56835389137268,170.19005111772336,77,4.601880877742946,152.34737163347828,36.72083619439995,77.89934134483347,39.15426871137561
,38,-2.9824521248187956,-40,60.97962920576792,0.04507708549499867,13.61343097686768,170.7390707255665,78,4.465625,152.8963912413214,36.72083619439995,79.70242476463342,39.70328831921874
,38,-2.9824521248187956,-39,60.97962920576792,0.04654812812804998,13.65997910499573,170.7390707255665,77,4.327102803738318,152.8963912413214,36.72083619439995,81.51780176162737,39.70328831921874
,38,-2.9824521248187956,-39,60.97962920576792,0.04890990257263006,13.70888900756836,170.7390707255665,77,4.192546583850931,152.8963912413214,36.72083619439995,83.42528796195994,39.70328831921874
,38,-2.9824521248187956,-36,60.97962920576792,0.04993891716003063,13.75882792472839,170.7390707255665,74,4.0588235294117645,152.8963912413214,36.72083619439995,85.22308897972104,39.70328831921874
,38,3.1383993286030396,-35,55.48943312733654,0.04816603660584029,13.80699396133423,176.85992217898834,73,3.935185185185185,155.17410543984127,45.11940184634165,86.90890026092545,41.98100251773862
,38,19.231631952391858,-35,40.19684138246737,0.047430038452150214,13.85442399978638,192.95315480277716,73,3.8153846153846156,160.56252384222168,66.60105287251088,88.5689516067507,47.36942092011902
,38,30.49355306324864,-34,31.1787594415198,0.049952983856199396,13.90437698364258,204.21507591363394,72,3.696319018404908,165.51178759441515,82.81223773556114,90.26735305786148,52.3186846723125
,38,23.71305409323262,-34,40.78583962767988,0.045680046081539416,13.95005702972412,210.99557488364997,72,3.581039755351682,165.56733043411913,75.97619592584115,91.82047462463382,52.26314183260853
,38,17.81681544213016,-34,46.47135118638895,0.04145002365113015,13.99150705337525,216.89181353475243,72,3.466463414634146,167.48371099412523,68.16357671473259,93.22977542877224,50.34676127260242
,38,17.81681544213016,-35,46.47135118638895,0.04319286346435014,14.0346999168396,216.89181353475243,73,3.3525835866261398,167.48371099412523,68.16357671473259,94.7415256500245,50.34676127260242
,38,21.466773479819942,-36,33.53170061799038,0.046287059783940876,14.08098697662354,220.5417715724422,74,3.2363636363636363,172.89150835431445,66.40573739223315,96.40785980224638,44.93896391241321
,38,21.466773479819942,-14,33.53170061799038,0.05352711677550914,14.13451409339905,220.5417715724422,52,3.117824773413897,172.89150835431445,66.40573739223315,97.1572394371035,44.93896391241321
,38,19.714427405203324,27,36.86427100022889,0.057030916213991034,14.19154500961304,222.2941176470588,11,3.066265060240964,173.47196154726478,65.23384451056687,98.69707417488125,45.519417105363544
,38,15.671244373235682,20,30.00076295109484,0.047267913818359375,14.2388129234314,226.33730067902644,18,3.1381381381381384,182.31960021362625,52.34302281223775,99.64243245124844,36.67177843900207
,38,6.7064164187075574,13,16.27679865720608,0.059993982315059924,14.29880690574646,235.30212863355456,25,3.188622754491018,200.8912031738765,24.80659189745937,100.42235422134422,18.10017547875181
,38,0.4602883955138459,10,-0.1968413824673831,0.04106497764587047,14.33987188339233,241.54825665674826,28,3.217910447761194,218.66887922484165,0.7827878233005237,100.83300399780293,0.32249942778667773
,38,-3.5506981002517723,7,-0.7827878233005237,0.05018401145935947,14.39005589485169,245.5592431525139,31,3.238095238095238,223.09002822919047,-7.649347676813911,101.18429207801844,-4.0986495765621385
,38,-3.5506981002517723,5,-0.7827878233005237,0.0463421344757009,14.43639802932739,245.5592431525139,33,3.249258160237389,223.09002822919047,-7.649347676813911,101.41600275039696,-4.0986495765621385
,38,-6.2957961394674555,6,7.060349431601431,0.051471948623659,14.48786997795105,248.30434119172958,32,3.2544378698224854,225.83512626840616,-7.649347676813911,101.72483444213891,-1.3535515373464553
,38,-6.2957961394674555,6,7.060349431601431,0.033044099807741034,14.52091407775879,248.30434119172958,32,3.262536873156342,225.83512626840616,-7.649347676813911,101.92309904098536,-1.3535515373464553
,38,-9.796063172350653,6,17.06111238269628,0.045641899108888495,14.56655597686768,251.80460822461276,32,3.2705882352941176,229.33539330128934,-7.649347676813911,102.1969504356387,2.1467154955367422
,38,-7.6176852063782645,6,21.76699473563743,0.04021406173706055,14.60677003860474,253.98298619058517,32,3.278592375366569,234.80788891432053,0.001525902189669637,102.43823480606106,7.619211108567934
,38,-8.16670481422141,6,23.33562218661784,0.03710103034972967,14.64387106895447,254.53200579842832,32,3.2865497076023393,235.35690852216368,0.001525902189669637,102.66084098815944,8.16823071641108
,38,-8.16670481422141,6,23.33562218661784,0.040480852127069866,14.68435192108154,254.53200579842832,32,3.294460641399417,235.35690852216368,0.001525902189669637,102.90372610092186,8.16823071641108
,38,-10.726253147173265,7,31.76470588235294,0.04140305519104004,14.72575497627258,257.0915541313802,31,3.302325581395349,238.6977187762264,0.7827878233005237,103.19354748725914,11.509040970473789
,38,-16.138933394369428,6,40.78583962767988,0.040509939193730915,14.76626491546631,262.5042343785763,32,3.3130434782608695,239.59983215075908,-3.727779049362945,103.43660712242152,12.411154345006484
,38,-19.873731593804834,6,45.29640650034333,0.03555607795714977,14.80182099342346,266.23903257801175,32,3.320809248554913,240.17723353933008,-8.039978637369337,103.64994359016441,11.833752956435497
,38,-19.873731593804834,6,45.29640650034333,0.04382705688476918,14.84564805030823,266.23903257801175,32,3.3285302593659942,240.17723353933008,-8.039978637369337,103.91290593147303,11.833752956435497
,38,-22.16823071641108,6,47.64934767681392,0.06617689132690074,14.91182494163513,268.53353170061797,32,3.336206896551724,240.8246738384069,-10.98191805905242,104.30996727943443,11.186312657358663
,38,-25.794995040817877,7,51.56786449988555,0.04959797859192072,14.96142292022705,272.16029602502476,31,3.343839541547278,241.70847638666356,-15.49248493171587,104.65715312957788,10.302510109102005
,38,-27.912642099641417,8,60.97962920576792,0.05216503143310902,15.01358795166016,274.2779430838483,30,3.354285714285714,246.17906462195768,-13.13954375524529,105.07447338104275,14.773098344396125
,38,-27.912642099641417,8,60.97962920576792,0.044093132019039416,15.0576810836792,274.2779430838483,30,3.3675213675213675,246.17906462195768,-13.13954375524529,105.42721843719507,14.773098344396125
,38,-27.873426413366904,9,66.4698252841993,0.05939698219299139,15.11707806587219,274.31715877012283,29,3.3806818181818183,250.06141756313417,-9.217975127794297,105.96179127693199,18.655451285572607
,38,-29.323643854428926,10,71.17570763714046,0.05447387695312855,15.17155194282532,275.76737621118485,28,3.396600566572238,251.90531776913096,-8.82429236285953,106.50653004646327,20.499351491569396
,38,-27.559700923170826,11,71.17570763714046,0.05298304557800115,15.22453498840332,277.53131914244295,27,3.4152542372881354,253.66926070038906,-5.296406500343331,107.08934354782129,22.263294422827496
,38,-24.910734721904326,12,71.17570763714046,0.061903953552249646,15.28643894195557,280.18028534370944,26,3.436619718309859,256.3182269016556,0.001525902189669637,107.83219099044828,24.912260624093996
,38,-24.910734721904326,13,71.17570763714046,0.051113128662109375,15.33755207061768,280.18028534370944,25,3.460674157303371,256.3182269016556,0.001525902189669637,108.4966616630557,24.912260624093996
,38,-24.5201037613489,14,71.17570763714046,0.05603981018066051,15.39359188079834,280.57091630426487,24,3.4873949579831933,256.708857862211,0.7827878233005237,109.28121900558494,25.302891584649423
,38,-24.22713054093233,14,71.17570763714046,0.0452041625976598,15.438796043396,280.86388952468144,24,3.516759776536313,257.0018310826276,1.368734264133664,109.91407728195219,25.595864805065993
,38,-20.32082093537804,14,71.17570763714046,0.05909395217894975,15.49788999557495,284.7701991302357,24,3.5459610027855155,260.90814068818185,9.181353475242238,110.74139261245749,29.50217441062028
,38,-15.926222629129471,14,71.17570763714046,0.048952102661131036,15.54684209823608,289.16479743648426,24,3.575,265.3027389944304,17.97055008773938,111.42672204971332,33.89677271686885
,38,-12.410543984130616,14,71.17570763714046,0.04465699195861994,15.5914990901947,292.6804760814831,24,3.6038781163434903,268.81841763942924,25.00190737773709,112.051919937134,37.41245136186771
,38,-11.629282063019756,14,71.17570763714046,0.04414987564086914,15.63564896583557,293.46173800259396,24,3.632596685082873,269.5996795605401,26.56443121995881,112.67001819610617,38.193713282978564
,38,-11.629282063019756,13,71.17570763714046,0.04733109474182129,15.68298006057739,293.46173800259396,25,3.6611570247933884,269.5996795605401,26.56443121995881,113.28532242774985,38.193713282978564
,38,-9.084840161745637,12,67.2541390096895,0.04147386550903853,15.72445392608643,296.0061799038681,26,3.6868131868131866,269.80033569848166,28.90821698329137,113.78300881385832,37.99305714503701
,38,-9.084840161745637,10,67.2541390096895,0.04400014877318981,15.76845407485962,296.0061799038681,28,3.7095890410958905,269.80033569848166,28.90821698329137,114.22301030159022,37.99305714503701
,38,-9.084840161745637,8,67.2541390096895,0.051801919937130236,15.82025599479675,296.0061799038681,30,3.726775956284153,269.80033569848166,28.90821698329137,114.63742566108726,37.99305714503701
,38,-9.084840161745637,6,67.2541390096895,0.04356908798218129,15.86382508277893,296.0061799038681,32,3.7384196185286105,269.80033569848166,28.90821698329137,114.89884018898036,37.99305714503701
,38,-7.424658579385067,5,67.2541390096895,0.05720281600951971,15.92102789878845,297.66636148622865,33,3.744565217391304,271.4605172808422,32.22858014801251,115.18485426902795,39.65323872739758
,38,-6.350423437857639,4,67.2541390096895,0.04292917251586914,15.96395707130432,298.7405966277561,34,3.747967479674797,272.53475242236965,34.37705043106737,115.35657095909143,40.727473868925
,38,-2.6340886549172176,3,63.3325703822385,0.048250913620000446,16.01220798492432,302.4569314106965,35,3.7486486486486488,273.50598916609437,39.06462195773251,115.50132369995143,41.698710612649734
,38,0.10032806897078217,1,63.3325703822385,0.04863309860229137,16.06084108352661,305.1913481345845,37,3.746630727762803,276.24040588998236,44.53345540550851,115.54995679855372,44.43312733653773
,38,-0.7232013427939243,-1,65.6855115587091,0.0499649047851598,16.11080598831177,306.01487754634917,39,3.739247311827957,277.06393530174705,44.53345540550851,115.59992170333888,45.25665674830243
,38,0.31090257114518494,-1,66.07919432364388,0.042078971862789416,16.15288496017456,307.0489814602883,39,3.7265415549597853,278.37361715114054,46.87724116884108,115.64200067520167,46.566338597695896
,38,0.31090257114518494,-2,66.07919432364388,0.04759407043457031,16.20047903060913,307.0489814602883,40,3.713903743315508,278.37361715114054,46.87724116884108,115.73718881607081,46.566338597695896
,38,-1.4728770885786204,-5,71.17570763714046,0.04659199714661,16.24707102775574,308.8327611200121,43,3.6986666666666665,280.1573968108643,46.87724116884108,115.97014880180386,48.3501182574197
,38,-1.4728770885786204,-8,71.17570763714046,0.04951000213623047,16.29658102989197,308.8327611200121,46,3.675531914893617,280.1573968108643,46.87724116884108,116.3662288188937,48.3501182574197
,38,-1.4728770885786204,-9,71.17570763714046,0.0440518856048584,16.34063291549683,308.8327611200121,47,3.6445623342175066,280.1573968108643,46.87724116884108,116.76269578933743,48.3501182574197
,38,-1.4728770885786204,-8,71.17570763714046,0.043464183807369494,16.3840970993042,308.8327611200121,46,3.611111111111111,280.1573968108643,46.87724116884108,117.11040925979638,48.3501182574197
,38,-1.4728770885786204,-8,71.17570763714046,0.046828985214229846,16.43092608451843,308.8327611200121,46,3.5804749340369395,280.1573968108643,46.87724116884108,117.48504114151022,48.3501182574197
,38,-0.6916151674677593,-7,71.17570763714046,0.041273832321170545,16.4721999168396,309.61402304112295,45,3.55,280.9386587319752,48.4397650110628,117.77395796775842,49.13138017853056
,38,-0.6916151674677593,-4,71.17570763714046,0.05402016639710183,16.5262200832367,309.61402304112295,42,3.522309711286089,280.9386587319752,48.4397650110628,117.99003863334683,49.13138017853056
,38,-0.6916151674677593,-1,71.17570763714046,0.042629957199089574,16.56885004043579,309.61402304112295,39,3.5026178010471205,280.9386587319752,48.4397650110628,118.03266859054591,49.13138017853056
,38,2.3464560921644946,3,63.3325703822385,0.04513692855834961,16.61398696899414,312.6520943007552,35,3.4908616187989554,283.3907835507743,49.02571145189594,118.16807937622096,46.67925535973144
,38,5.831158922713051,10,55.88311589227131,0.04504990577698109,16.65903687477112,316.13679713130375,28,3.4895833333333335,285.1206988632028,50.78049897001602,118.61857843399076,44.94934004730297
,38,14.847714961470977,12,32.35370412756542,0.05109310150145774,16.71012997627258,325.1533531700617,26,3.5064935064935066,292.574731059739,52.34302281223775,119.23169565200826,37.49530785076677
,38,24.866788738841844,15,3.727779049362945,0.04485106468201039,16.75498104095459,335.17242694743254,23,3.528497409326425,302.5938048371099,52.34302281223775,119.90446162223841,27.476234073395904
,38,27.265812161440458,18,-3.126573586633097,0.04718089103699086,16.80216193199158,337.57145037003113,20,3.558139534883721,304.99282825970846,52.34302281223775,120.75371766090424,25.07721065079729
,38,26.095445181963836,23,-7.032883192187378,0.048573017120357775,16.85073494911194,338.74181734950776,15,3.595360824742268,308.8976119630731,47.26787212939651,121.87089705467247,21.172426947432673
,38,21.17349507896544,28,-4.689097428854816,0.04434013366699219,16.89507508277893,343.66376745250614,10,3.645244215938303,312.17891203173866,39.06462195773251,123.11242079734825,17.89112687876707
,38,21.17349507896544,31,-4.689097428854816,0.04002881050109863,16.93510389328003,343.66376745250614,7,3.707692307692308,312.17891203173866,39.06462195773251,124.35331392288231,17.89112687876707
,38,16.32967116807813,34,-3.126573586633097,0.035452127456672144,16.9705560207367,348.50759136339343,4,3.7774936061381075,315.92896925307076,30.47074082551309,125.55868625640916,14.141069657434961
,38,14.37651636530099,36,-10.93919279774167,0.03829598426817782,17.00885200500488,350.46074616617057,2,3.854591836734694,323.3509575036239,21.09559777218281,126.93734169006356,6.719081406881821
,38,14.37651636530099,37,-10.93919279774167,0.03199887275696156,17.04085087776184,350.46074616617057,1,3.936386768447837,323.3509575036239,21.09559777218281,128.12129998207115,6.719081406881821
,38,16.232013427939275,36,-18.75181200885024,0.0394740104675293,17.08032488822937,352.31624322880884,2,4.020304568527918,326.9642938887616,19.33775844968338,129.5423643589022,3.1057450217441067
,38,12.970244907301447,35,-12.50171663996338,0.03950619697571156,17.11983108520508,355.57801174944666,3,4.10126582278481,328.07759212634454,17.18928816662853,130.9250812530521,4.219043259327082
,38,12.970244907301447,35,-12.50171663996338,0.03305792808532715,17.15288901329041,355.57801174944666,3,4.179292929292929,328.07759212634454,17.18928816662853,132.08210873603855,4.219043259327082
,38,12.940947585259789,35,-16.60334172579538,0.030886888504021215,17.18377590179443,355.6073090714883,3,4.2569269521410575,330.9780270084686,14.25955596246281,133.16314983367928,1.318608377203022
,38,12.032730601968419,35,-18.75181200885024,0.037919998168948865,17.22169589996338,356.5155260547797,3,4.334170854271357,333.39017318989835,10.93919279774167,134.49034976959248,-1.0935378042267487
,38,12.032730601968419,35,-18.75181200885024,0.033960103988651014,17.25565600395203,356.5155260547797,3,4.4110275689223055,333.39017318989835,10.93919279774167,135.67895340919526,-1.0935378042267487
,38,10.860837720302133,34,-18.75181200885024,0.03827190399169922,17.29392790794373,357.68741893644597,4,4.4875,334.56206607156463,8.595407034409098,136.98019814491303,-2.265430685893035
,38,10.860837720302133,34,-18.75181200885024,0.028750181198120117,17.32267808914185,357.68741893644597,4,4.561097256857855,334.56206607156463,8.595407034409098,137.95770430564912,-2.265430685893035
,38,9.786602578774701,34,-18.75181200885024,0.033062934875481176,17.35574102401733,358.7616540779734,4,4.634328358208955,335.63630121309205,6.446936751354237,139.08184409141546,-3.3396658274204656
,38,10.079575799191273,34,-18.75181200885024,0.03493905067443848,17.39068007469177,359.05462729838996,4,4.707196029776675,335.9292744335086,7.032883192187378,140.26977181434637,-3.046692607003895
,38,10.079575799191273,34,-18.75181200885024,0.029242992401130152,17.4199230670929,359.05462729838996,4,4.77970297029703,335.9292744335086,7.032883192187378,141.26403355598478,-3.046692607003895
,38,7.83344777599756,34,-14.84550240329595,0.03270196914672141,17.45262503623962,361.30075532158367,4,4.851851851851852,336.4175631342029,5.275043869687956,142.37590050697332,-2.5584039063096045
,38,11.446784161135271,34,-22.65812161440452,0.03912591934204812,17.49175095558167,364.91409170672136,4,4.9236453201970445,338.2730601968412,7.032883192187378,143.70618176460295,-4.4139009689478925
,38,11.446784161135271,34,-22.65812161440452,0.042720079421989965,17.53447103500366,364.91409170672136,4,4.995085995085995,338.2730601968412,7.032883192187378,145.15866446495062,-4.4139009689478925
,38,12.813992523079271,34,-26.56443121995881,0.03904604911805265,17.57351708412171,366.28130006866536,4,5.0661764705882355,339.6402685587852,7.032883192187378,146.48623013496442,-5.781109330891894
,38,15.001525902189668,35,-32.81452658884566,0.04138588905333762,17.61490297317505,368.46883344777575,3,5.136919315403423,341.8278019378956,7.032883192187378,147.93473625183123,-7.968642710002291
,38,15.001525902189668,34,-32.81452658884566,0.04481697082520242,17.65971994400025,368.46883344777575,4,5.209756097560976,341.8278019378956,7.032883192187378,149.4585132598881,-7.968642710002291
,38,15.646066987106128,35,-32.42389562829023,0.043257951736450195,17.7029778957367,369.1133745326922,3,5.2798053527980535,342.7457846952008,8.595407034409098,150.97254157066385,-7.050659952697031
,38,14.41557946135653,35,-28.90821698329137,0.03519511222839,17.73817300796509,370.3438620584418,3,5.351941747572815,343.9762722209504,8.595407034409098,152.2043704986575,-5.820172426947431
,38,16.329671168078125,35,-34.37705043106737,0.03248786926268821,17.77066087722778,372.2579537651634,3,5.423728813559322,345.890363927672,8.595407034409098,153.3414459228516,-7.734264133669028
,38,16.329671168078125,35,-34.37705043106737,0.03133106231690164,17.80199193954468,372.2579537651634,3,5.495169082125604,345.890363927672,8.595407034409098,154.43803310394316,-7.734264133669028
,38,16.329671168078125,35,-34.37705043106737,0.042102098464958715,17.84409403800964,372.2579537651634,3,5.566265060240964,345.890363927672,8.595407034409098,155.9116065502167,-7.734264133669028
,38,16.329671168078125,36,-34.37705043106737,0.04162406921387074,17.88571810722351,372.2579537651634,2,5.637019230769231,345.890363927672,8.595407034409098,157.41007304191606,-7.734264133669028
,38,15.16754406042573,36,-31.05668726634623,0.03294682502746937,17.91866493225098,373.4200808728158,2,5.709832134292566,347.0524910353244,8.595407034409098,158.59615874290495,-6.572137026016631
,38,14.96246280613413,36,-30.47074082551309,0.032281160354610705,17.95094609260559,373.6251621271074,2,5.782296650717703,347.257572289616,8.595407034409098,159.75828051567095,-6.367055771725032
,38,14.96246280613413,37,-30.47074082551309,0.03857684135437012,17.98952293395996,373.6251621271074,1,5.854415274463007,347.257572289616,8.595407034409098,161.18562364578264,-6.367055771725032
,38,14.96246280613413,37,-30.47074082551309,0.03509998321532848,18.02462291717529,373.6251621271074,1,5.928571428571429,347.257572289616,8.595407034409098,162.48432302474978,-6.367055771725032
,38,14.96246280613413,37,-30.47074082551309,0.030358076095581055,18.05498099327087,373.6251621271074,1,6.002375296912114,347.257572289616,8.595407034409098,163.60757184028628,-6.367055771725032
,38,16.329671168078125,37,-34.37705043106737,0.035933017730719996,18.09091401100159,374.9923704890514,1,6.075829383886256,348.62478065156,8.595407034409098,164.93709349632292,-7.734264133669028
,38,18.282825970855267,37,-34.37705043106737,0.03169798851012828,18.12261199951172,376.9455252918285,1,6.148936170212766,350.57793545433714,12.50171663996338,166.10991907119765,-5.781109330891887
,38,18.282825970855267,37,-34.37705043106737,0.0298459529876709,18.15245795249939,376.9455252918285,1,6.221698113207547,350.57793545433714,12.50171663996338,167.21421933174148,-5.781109330891887
,38,19.98207064927139,37,-36.72083619439995,0.03762197494507191,18.19007992744446,378.6447699702446,1,6.294117647058823,350.63653009842045,14.25955596246281,168.60623240470915,-5.7225146868085774
,38,19.98207064927139,37,-36.72083619439995,0.032665967941277074,18.22274589538574,378.6447699702446,1,6.366197183098592,350.63653009842045,14.25955596246281,169.8148732185364,-5.7225146868085774
,38,18.497672999160756,38,-31.64263370717937,0.04069209098816273,18.2634379863739,380.12916762035525,0,6.437939110070258,352.7068741893642,14.84550240329595,171.3611726760866,-3.6521705958648045
,38,20.450827801937898,38,-31.64263370717937,0.04125595092773793,18.30469393730164,382.0823224231324,0,6.511682242990654,354.66002899214135,18.75181200885024,172.92889881134064,-1.6990157930876588
,38,20.919584954604417,38,-30.47074082551309,0.035980939865112305,18.34067487716675,382.5510795757989,0,6.585081585081585,355.94911116197426,20.50965133134967,174.2961745262149,-0.40993362325474614
,38,20.919584954604417,38,-30.47074082551309,0.030892133712768555,18.37156701087952,382.5510795757989,0,6.658139534883721,355.94911116197426,20.50965133134967,175.47007560730012,-0.40993362325474614
,38,21.212558175020988,38,-30.47074082551309,0.033165931701660156,18.40473294258118,382.84405279621546,0,6.730858468677495,356.24208438239083,21.09559777218281,176.7303810119632,-0.11696040283817588
,38,21.212558175020988,38,-30.47074082551309,0.033941030502319336,18.4386739730835,382.84405279621546,0,6.8032407407407405,356.24208438239083,21.09559777218281,178.02014017105134,-0.11696040283817588
,38,20.665674830243383,27,-28.90821698329137,0.04917907714844105,18.48785305023194,383.39093614099306,11,6.875288683602771,356.7889677271684,21.09559777218281,179.34797525405924,0.4299229419394255
,38,20.665674830243383,24,-28.90821698329137,0.04066395759581809,18.52851700782776,383.39093614099306,14,6.921658986175115,356.7889677271684,21.09559777218281,180.32391023635887,0.4299229419394255
,38,20.665674830243383,23,-28.90821698329137,0.036110877990722656,18.56462788581848,383.39093614099306,15,6.960919540229885,356.7889677271684,21.09559777218281,181.1544604301455,0.4299229419394255
,38,22.413748378728926,22,-28.32227054245823,0.04391813278197887,18.60854601860046,385.1390096894786,16,6.997706422018348,358.94720378423716,25.00190737773709,182.12065935134902,2.588158999008165
,38,21.798504615854128,21,-26.56443121995881,0.033882856369018555,18.64242887496948,385.7542534523534,17,7.032036613272311,359.56244754711196,25.00190737773709,182.8321993350984,3.2034027618829626
,38,22.57976653696499,20,-26.56443121995881,0.04420614242554066,18.68663501739502,386.53551537346425,18,7.063926940639269,360.3437094682228,26.56443121995881,183.71632218360924,3.984664682993822
,38,22.57976653696499,19,-26.56443121995881,0.035207986831672144,18.72184300422669,386.53551537346425,19,7.093394077448747,360.3437094682228,26.56443121995881,184.385273933411,3.984664682993822
,38,24.532921339742128,19,-26.56443121995881,0.03510594367980957,18.7569489479065,388.4886701762414,19,7.120454545454545,362.29686427099995,30.47074082551309,185.0522868633274,5.937819485770962
,38,25.118867780575265,18,-22.65812161440452,0.03575396537780051,18.7927029132843,389.0746166170745,20,7.147392290249433,365.6172274357211,34.37705043106737,185.6958582401278,9.258182650492103
,38,25.118867780575265,17,-22.65812161440452,0.030807971954349256,18.82351088523865,389.0746166170745,21,7.171945701357466,365.6172274357211,34.37705043106737,186.21959376335172,9.258182650492103
,38,25.74387731746396,16,-21.09559777218281,0.03466200828551891,18.85817289352417,389.6996261539632,22,7.194130925507901,367.33600366216496,36.72083619439995,186.77418589592003,10.976958876935992
,38,25.861066605630583,15,-12.50171663996338,0.03826117515563965,18.89643406867981,389.81681544212984,23,7.213963963963964,373.46890974288516,42.9709315632868,187.34810352325462,17.109864957656214
,38,25.861066605630583,15,-12.50171663996338,0.029824018478390002,18.9262580871582,389.81681544212984,23,7.2314606741573035,373.46890974288516,42.9709315632868,187.79546380043047,17.109864957656214
,38,24.6891737239643,14,-8.595407034409098,0.03887081146240945,18.96512889862061,390.9887083237961,24,7.248878923766816,375.03143358510687,43.36156252384223,188.33965516090421,18.672388799877933
,38,24.6891737239643,14,-8.595407034409098,0.03440499305725098,18.99953389167786,390.9887083237961,24,7.263982102908278,375.03143358510687,43.36156252384223,188.82132506370573,18.672388799877933
,38,22.54070344090944,14,-0.7827878233005237,0.04521703720092063,19.04475092887878,393.13717860685097,24,7.279017857142857,378.351796749828,44.53345540550851,189.4543635845186,21.992751964599073
,38,21.785534447241936,14,1.374837872892343,0.04975605010987039,19.09450697898865,393.89234760051846,24,7.293986636971047,379.1069657434955,44.53345540550851,190.1509482860568,22.747920958266576
,38,20.998931868467235,14,5.296406500343331,0.04903006553649902,19.14353704452515,394.67895017929317,24,7.308888888888889,381.0654612039365,45.7053482871748,190.8373692035678,24.706416418707565
,38,22.366140230411236,15,5.296406500343331,0.045526981353759766,19.18906402587891,396.04615854123716,23,7.323725055432372,382.4326695658805,48.4397650110628,191.52027392387419,26.073624780651567
,38,21.7487602044709,15,7.060349431601431,0.052067041397091174,19.241131067276,396.6635385671775,23,7.34070796460177,383.0500495918208,48.4397650110628,192.30127954483055,26.691004806591902
,38,21.95490959029527,15,6.471351186388952,0.059005022048950195,19.30013608932495,396.86968795300186,23,7.357615894039735,383.25619897764517,48.4397650110628,193.1863548755648,26.484855420767534
,38,22.366140230411236,15,5.296406500343331,0.04865097999572754,19.34878706932068,397.2809185931178,23,7.3744493392070485,383.6674296177611,48.4397650110628,193.91611957550072,26.073624780651567
,38,22.366140230411236,16,5.296406500343331,0.053375005722053004,19.40216207504273,397.2809185931178,22,7.391208791208792,383.6674296177611,48.4397650110628,194.77011966705356,26.073624780651567
,38,22.366140230411236,16,5.296406500343331,0.04861593246459961,19.45077800750733,397.2809185931178,22,7.410087719298246,383.6674296177611,48.4397650110628,195.54797458648716,26.073624780651567
,38,23.738689250019082,16,1.374837872892343,0.06096792221068981,19.51174592971802,398.65346761272565,22,7.428884026258205,385.03997863736896,48.4397650110628,196.5234613418582,24.70107576104372
,38,23.738689250019082,16,1.374837872892343,0.05127406120299938,19.56301999092102,398.65346761272565,22,7.4475982532751095,385.03997863736896,48.4397650110628,197.34384632110618,24.70107576104372
,38,23.738689250019082,15,1.374837872892343,0.05744194984436035,19.62046194076538,398.65346761272565,23,7.466230936819172,385.03997863736896,48.4397650110628,198.2054755687716,24.70107576104372
,38,23.738689250019082,15,1.374837872892343,0.04328298568725941,19.66374492645264,398.65346761272565,23,7.482608695652174,385.03997863736896,48.4397650110628,198.85472035408048,24.70107576104372
,38,23.533607995727483,13,1.960784313725483,0.05280804634093883,19.71655297279358,398.85854886701725,25,7.4989154013015185,385.24505989166056,48.4397650110628,199.54122495651268,24.90615701533532
,38,23.738689250019082,13,1.374837872892343,0.05015611648559215,19.76670908927917,399.06363012130885,25,7.510822510822511,385.45014114595216,48.4397650110628,200.19325447082537,24.70107576104372
,38,21.7487602044709,11,7.060349431601431,0.05320286750793812,19.81991195678711,401.05355916685704,27,7.52267818574514,387.44007019150035,48.4397650110628,200.77848601341267,26.691004806591902
,38,18.797512779430846,9,15.49248493171587,0.052737951278690076,19.8726499080658,404.0048065918971,29,7.530172413793103,390.3913176165404,48.4397650110628,201.25312757492088,29.642252231631957
,38,11.913862821393156,8,21.76699473563743,0.06559205055237172,19.93824195861817,410.88845654993474,30,7.533333333333333,392.882810711833,39.06462195773251,201.77786397933986,27.150759136339357
,38,9.570077058060583,8,21.76699473563743,0.043904066085808324,19.98214602470398,413.2322423132673,30,7.534334763948498,395.22659647516554,34.37705043106737,202.12909650802632,24.806973373006784
,38,11.217135881589986,8,17.06111238269628,0.051449060440059924,20.03359508514404,414.8793011367967,30,7.535331905781584,396.8736552986949,34.37705043106737,202.5406889915468,23.15991454947738
,38,10.573662928206302,8,16.66742961776151,0.05048394203187101,20.08407902717591,415.5227740901804,30,7.536324786324786,397.79270618753293,32.81452658884566,202.94456052780177,22.240863660639356
,38,10.573662928206302,8,16.66742961776151,0.04845404624937899,20.13253307342529,415.5227740901804,30,7.537313432835821,397.79270618753293,32.81452658884566,203.3321928977968,22.240863660639356
,38,10.984893568322274,8,15.49248493171587,0.04252696037293191,20.17506003379822,415.93400473029635,30,7.538297872340426,398.2039368276489,32.81452658884566,203.67240858078026,21.829633020523385
,38,10.984893568322274,8,15.49248493171587,0.053817033767700195,20.22887706756592,415.93400473029635,30,7.53927813163482,398.2039368276489,32.81452658884566,204.10294485092186,21.829633020523385
,38,8.78881513694973,8,21.76699473563743,0.047928810119628906,20.27680587768555,418.1300831616689,30,7.540254237288136,400.4000152590214,32.81452658884566,204.4863753318789,24.02571145189593
,38,8.78881513694973,7,21.76699473563743,0.05401301383971813,20.33081889152527,418.1300831616689,31,7.54122621564482,400.4000152590214,32.81452658884566,204.8644664287569,24.02571145189593
,38,8.78881513694973,7,21.76699473563743,0.04357719421386008,20.37439608573913,418.1300831616689,31,7.540084388185654,400.4000152590214,32.81452658884566,205.16950678825393,24.02571145189593
,38,8.78881513694973,8,21.76699473563743,0.05021786689759011,20.42461395263672,418.1300831616689,30,7.538947368421053,400.4000152590214,32.81452658884566,205.57124972343465,24.02571145189593
,38,8.239795529106585,8,23.33562218661784,0.04752707481384277,20.47214102745056,418.67910276951204,30,7.5399159663865545,400.94903486686457,32.81452658884566,205.9514663219454,24.574731059739072
,38,8.239795529106585,9,23.33562218661784,0.05408906936645863,20.52623009681702,418.67910276951204,29,7.540880503144654,400.94903486686457,32.81452658884566,206.4382679462435,24.574731059739072
,38,8.239795529106585,10,23.33562218661784,0.054813861846920275,20.58104395866394,418.67910276951204,28,7.543933054393306,400.94903486686457,32.81452658884566,206.98640656471272,24.574731059739072
,38,8.239795529106585,10,23.33562218661784,0.041399955749508166,20.62244391441345,418.67910276951204,28,7.549060542797495,400.94903486686457,32.81452658884566,207.4004061222078,24.574731059739072
,38,8.239795529106585,10,23.33562218661784,0.045332193374640894,20.66777610778809,418.67910276951204,28,7.554166666666666,400.94903486686457,32.81452658884566,207.8537280559542,24.574731059739072
,38,10.984893568322274,4,15.49248493171587,0.05735278129576926,20.72512888908386,421.42420080872773,34,7.5592515592515594,403.69413290608026,32.81452658884566,208.08313918113728,21.829633020523385
