abs_avik=calc,Referanse=calc,PowerD=calc,avvik=calc,joySide=meas,Ts=calc,Tid=meas,TvD=calc,Lys=meas,MAEList=calc,TvA=calc,joyForward=meas,IAEList=calc,PowerA=calc
Lys0=38
,38,0,0,0,0.005,0,0,38,0,0,0,0,0
,38,0,0,0,0.05009293556213379,0.05009293556213379,0,38,0,0,0,0,0
,38,0,1,0,0.03386116027832031,0.0839540958404541,0,37,0,0,0,0.03386116027832031,0
,38,0,0,0,0.0323178768157959,0.11627197265625,0,38,0.3333333333333333,0,0,0.03386116027832031,0
,38,0,1,0,0.03423094749450684,0.1505029201507568,0,37,0.25,0,0,0.06809210777282715,0
,38,0,0,0,0.04018306732177734,0.1906859874725342,0,38,0.4,0,0,0.06809210777282715,0
,38,0,0,0,0.04977703094482422,0.2404630184173584,0,38,0.3333333333333333,0,0,0.06809210777282715,0
,38,0,0,0,0.03705096244812012,0.2775139808654785,0,38,0.2857142857142857,0,0,0.06809210777282715,0
,38,0,0,0,0.04316496849060059,0.3206789493560791,0,38,0.25,0,0,0.06809210777282715,0
,38,0,1,0,0.05032110214233398,0.3710000514984131,0,37,0.2222222222222222,0,0,0.1184132099151611,0
,38,0,1,0,0.04362082481384277,0.4146208763122559,0,37,0.3,0,0,0.1620340347290039,0
,38,0,1,0,0.03973603248596191,0.4543569087982178,0,37,0.3636363636363637,0,0,0.2017700672149658,0
,38,0,1,0,0.04244804382324219,0.49680495262146,0,37,0.4166666666666667,0,0,0.244218111038208,0
,38,0,1,0,0.04374098777770996,0.5405459403991699,0,37,0.4615384615384616,0,0,0.287959098815918,0
,38,0,1,0,0.0315549373626709,0.5721008777618408,0,37,0.5,0,0,0.3195140361785889,0
,38,0,1,0,0.03087711334228516,0.602977991104126,0,37,0.5333333333333333,0,0,0.350391149520874,0
,38,0,1,0,0.04345607757568359,0.6464340686798096,0,37,0.5625,0,0,0.3938472270965576,0
,38,0,1,0,0.04097580909729004,0.6874098777770996,0,37,0.5882352941176471,0,0,0.4348230361938477,0
,38,0,1,0,0.03200507164001465,0.7194149494171143,0,37,0.6111111111111112,0,0,0.4668281078338623,0
,38,0,1,0,0.02915215492248535,0.7485671043395996,0,37,0.6315789473684211,0,0,0.4959802627563477,0
,38,0,1,0,0.02840781211853027,0.7769749164581299,0,37,0.65,0,0,0.5243880748748779,0
,38,0,1,0,0.03252696990966797,0.8095018863677979,0,37,0.6666666666666666,0,0,0.5569150447845459,0
,38,0,1,0,0.02958917617797852,0.8390910625457764,0,37,0.6818181818181817,0,0,0.5865042209625244,0
,38,0,1,0,0.02938985824584961,0.868480920791626,0,37,0.6956521739130435,0,0,0.615894079208374,0
,38,0,1,0,0.03018498420715332,0.8986659049987793,0,37,0.7083333333333334,0,0,0.6460790634155273,0
,38,0,1,0,0.02985811233520508,0.9285240173339844,0,37,0.7199999999999999,0,0,0.6759371757507324,0
,38,0,1,0,0.02846193313598633,0.9569859504699707,0,37,0.7307692307692307,0,0,0.7043991088867188,0
,38,0,1,0,0.02694296836853027,0.983928918838501,0,37,0.7407407407407407,0,0,0.731342077255249,0
,38,0,1,0,0.03470301628112793,1.018631935119629,0,37,0.75,0,0,0.766045093536377,0
,38,0,1,0,0.03031516075134277,1.048947095870972,0,37,0.7586206896551724,0,0,0.7963602542877197,0
,38,0,1,0,0.02349686622619629,1.072443962097168,0,37,0.7666666666666667,0,0,0.819857120513916,0
,38,0,1,0,0.0299229621887207,1.102366924285889,0,37,0.7741935483870968,0,0,0.8497800827026367,0
,38,0,1,0,0.02973318099975586,1.132100105285645,0,37,0.78125,0,0,0.8795132637023926,0
,38,0,1,0,0.03558492660522461,1.167685031890869,0,37,0.7878787878787879,0,0,0.9150981903076172,0
,38,0,1,0,0.0309748649597168,1.198659896850586,0,37,0.7941176470588235,0,0,0.946073055267334,0
,38,0,1,0,0.02970600128173828,1.228365898132324,0,37,0.8,0,0,0.9757790565490723,0
,38,0,1,0,0.02605819702148438,1.254424095153809,0,37,0.8055555555555555,0,0,1.001837253570557,0
,38,0,1,0,0.02702498435974121,1.28144907951355,0,37,0.8108108108108109,0,0,1.028862237930298,0
,38,0,1,0,0.02805781364440918,1.309506893157959,0,37,0.8157894736842104,0,0,1.056920051574707,0
,38,0,1,0,0.03298020362854004,1.342487096786499,0,37,0.8205128205128204,0,0,1.089900255203247,0
,38,0,1,0,0.0313258171081543,1.373812913894653,0,37,0.825,0,0,1.121226072311401,0
,38,0,1,0,0.03588199615478516,1.409694910049438,0,37,0.8292682926829269,0,0,1.157108068466187,0
,38,0,1,0,0.04046511650085449,1.450160026550293,0,37,0.8333333333333334,0,0,1.197573184967041,0
,38,0,1,0,0.03138899803161621,1.481549024581909,0,37,0.8372093023255815,0,0,1.228962182998657,0
,38,0,1,0,0.0283360481262207,1.50988507270813,0,37,0.840909090909091,0,0,1.257298231124878,0
,38,0,1,0,0.03167486190795898,1.541559934616089,0,37,0.8444444444444445,0,0,1.288973093032837,0
,38,1.094300755321584,1,-3.126573586633097,0.03016996383666992,1.571729898452759,1.094300755321584,37,0.8478260869565217,1.094300755321584,0,1.319143056869507,-1.094300755321584
,38,1.094300755321584,1,-3.126573586633097,0.03736519813537598,1.609095096588135,1.094300755321584,37,0.851063829787234,1.094300755321584,0,1.356508255004883,-1.094300755321584
,38,1.641184100099186,1,-4.689097428854816,0.04502391815185547,1.65411901473999,1.641184100099186,37,0.8541666666666666,1.641184100099186,0,1.401532173156738,-1.641184100099186
,38,1.641184100099186,1,-4.689097428854816,0.0369560718536377,1.691075086593628,1.641184100099186,37,0.8571428571428571,1.641184100099186,0,1.438488245010376,-1.641184100099186
,38,1.641184100099186,1,-4.689097428854816,0.04405999183654785,1.735135078430176,1.641184100099186,37,0.86,1.641184100099186,0,1.482548236846924,-1.641184100099186
,38,1.641184100099186,1,-4.689097428854816,0.04668092727661133,1.781816005706787,1.641184100099186,37,0.8627450980392158,1.641184100099186,0,1.529229164123535,-1.641184100099186
,38,1.641184100099186,1,-4.689097428854816,0.04821610450744629,1.830032110214233,1.641184100099186,37,0.8653846153846153,1.641184100099186,0,1.577445268630981,-1.641184100099186
,38,1.641184100099186,1,-4.689097428854816,0.04284381866455078,1.872875928878784,1.641184100099186,37,0.8679245283018869,1.641184100099186,0,1.620289087295532,-1.641184100099186
,38,1.641184100099186,1,-4.689097428854816,0.04490303993225098,1.917778968811035,1.641184100099186,37,0.8703703703703704,1.641184100099186,0,1.665192127227783,-1.641184100099186
,38,1.641184100099186,1,-4.689097428854816,0.03871297836303711,1.956491947174072,1.641184100099186,37,0.8727272727272727,1.641184100099186,0,1.70390510559082,-1.641184100099186
,38,1.641184100099186,1,-4.689097428854816,0.03535103797912598,1.991842985153198,1.641184100099186,37,0.875,1.641184100099186,0,1.739256143569946,-1.641184100099186
,38,1.846265354390784,1,-5.275043869687956,0.03505492210388184,2.02689790725708,1.846265354390784,37,0.8771929824561402,1.846265354390784,0,1.774311065673828,-1.846265354390784
,38,1.846265354390784,1,-5.275043869687956,0.02999210357666016,2.05689001083374,1.846265354390784,37,0.8793103448275861,1.846265354390784,0,1.804303169250488,-1.846265354390784
,38,1.641184100099186,1,-4.689097428854816,0.03173208236694336,2.088622093200684,2.051346608682383,37,0.8813559322033898,2.051346608682383,0,1.836035251617432,-1.641184100099186
,38,1.641184100099186,1,-4.689097428854816,0.03037095069885254,2.118993043899536,2.051346608682383,37,0.8833333333333332,2.051346608682383,0,1.866406202316284,-1.641184100099186
,38,1.641184100099186,1,-4.689097428854816,0.02771186828613281,2.146704912185669,2.051346608682383,37,0.8852459016393443,2.051346608682383,0,1.894118070602417,-1.641184100099186
,38,1.641184100099186,1,-4.689097428854816,0.03484010696411133,2.18154501914978,2.051346608682383,37,0.8870967741935484,2.051346608682383,0,1.928958177566528,-1.641184100099186
,38,1.641184100099186,1,-4.689097428854816,0.03199505805969238,2.213540077209473,2.051346608682383,37,0.8888888888888889,2.051346608682383,0,1.960953235626221,-1.641184100099186
,38,2.051346608682384,1,-5.860990310521097,0.03727889060974121,2.250818967819214,2.461509117265582,37,0.890625,2.461509117265582,0,1.998232126235962,-2.051346608682384
,38,1.837262531471732,1,-0.7827878233005237,0.04929494857788086,2.300113916397095,2.675593194476233,37,0.8923076923076923,5.802166781109331,3.126573586633097,2.047527074813843,1.289311055161365
,38,1.837262531471732,1,-0.7827878233005237,0.03461718559265137,2.334731101989746,2.675593194476233,37,0.8939393939393939,5.802166781109331,3.126573586633097,2.082144260406494,1.289311055161365
,38,1.837262531471732,1,-0.7827878233005237,0.02834296226501465,2.363074064254761,2.675593194476233,37,0.8955223880597016,5.802166781109331,3.126573586633097,2.110487222671509,1.289311055161365
,38,1.837262531471732,1,-0.7827878233005237,0.0315549373626709,2.394629001617432,2.675593194476233,37,0.8970588235294118,5.802166781109331,3.126573586633097,2.14204216003418,1.289311055161365
,38,1.837262531471732,1,-0.7827878233005237,0.03232407569885254,2.426953077316284,2.675593194476233,37,0.8985507246376812,5.802166781109331,3.126573586633097,2.174366235733032,1.289311055161365
,38,1.837262531471732,1,-0.7827878233005237,0.03005480766296387,2.457007884979248,2.675593194476233,37,0.9,5.802166781109331,3.126573586633097,2.204421043395996,1.289311055161365
,38,1.837262531471732,1,-0.7827878233005237,0.03411221504211426,2.491120100021362,2.675593194476233,37,0.9014084507042254,5.802166781109331,3.126573586633097,2.23853325843811,1.289311055161365
,38,1.563820859082933,1,-0.001525902189669637,0.0312809944152832,2.522401094436646,2.949034866865032,37,0.9027777777777779,6.07560845349813,3.126573586633097,2.269814252853394,1.562752727550164
,38,1.563820859082933,1,-0.001525902189669637,0.02636384963989258,2.548764944076538,2.949034866865032,37,0.9041095890410958,6.07560845349813,3.126573586633097,2.296178102493286,1.562752727550164
,38,2.540398260471506,1,-0.001525902189669637,0.03154206275939941,2.580307006835938,3.925612268253605,37,0.9054054054054054,7.052185854886702,5.079728389410243,2.327720165252686,2.539330128938737
,38,2.540398260471506,1,-0.001525902189669637,0.03049588203430176,2.610802888870239,3.925612268253605,37,0.9066666666666666,7.052185854886702,5.079728389410243,2.358216047286987,2.539330128938737
,38,3.516975661860073,1,-0.001525902189669637,0.04006600379943848,2.650868892669678,4.902189669642173,37,0.9078947368421053,8.028763256275269,7.032883192187378,2.398282051086426,3.515907530327305
,38,4.298237582970933,1,-0.001525902189669637,0.02933907508850098,2.680207967758179,5.683451590753032,37,0.909090909090909,8.810025177386128,8.595407034409098,2.427621126174927,4.297169451438164
,38,4.298237582970933,1,-0.001525902189669637,0.02951693534851074,2.709724903106689,5.683451590753032,37,0.9102564102564102,8.810025177386128,8.595407034409098,2.457138061523438,4.297169451438164
,38,6.251392385748074,1,-0.001525902189669637,0.03410601615905762,2.743830919265747,7.636606393530172,37,0.911392405063291,10.76317998016327,12.50171663996338,2.491244077682495,6.250324254215305
,38,7.42328526741436,1,-0.001525902189669637,0.02862095832824707,2.772451877593994,8.808499275196459,37,0.9125,11.93507286182956,14.84550240329595,2.519865036010742,7.422217135881591
,38,7.42328526741436,1,-0.001525902189669637,0.03057408332824707,2.803025960922241,8.808499275196459,37,0.9135802469135802,11.93507286182956,14.84550240329595,2.550439119338989,7.422217135881591
,38,8.009231708247501,1,-0.001525902189669637,0.03166794776916504,2.834693908691406,9.394445716029601,37,0.9146341463414634,12.5210193026627,16.01739528496223,2.582107067108154,8.008163576714733
,38,7.42328526741436,1,-0.001525902189669637,0.04561519622802734,2.880309104919434,9.980392156862742,37,0.9156626506024097,13.10696574349584,14.84550240329595,2.627722263336182,7.422217135881591
,38,7.42328526741436,1,-0.001525902189669637,0.03381490707397461,2.914124011993408,9.980392156862742,37,0.9166666666666666,13.10696574349584,14.84550240329595,2.661537170410156,7.422217135881591
,38,8.595178149080647,1,-0.001525902189669637,0.03699588775634766,2.951119899749756,11.15228503852903,37,0.9176470588235293,14.27885862516213,17.18928816662853,2.698533058166504,8.594110017547878
,38,8.595178149080647,1,-0.001525902189669637,0.03945302963256836,2.990572929382324,11.15228503852903,37,0.9186046511627907,14.27885862516213,17.18928816662853,2.737986087799072,8.594110017547878
,38,8.595178149080647,1,-0.001525902189669637,0.03955316543579102,3.030126094818115,11.15228503852903,37,0.9195402298850574,14.27885862516213,17.18928816662853,2.777539253234863,8.594110017547878
,38,8.595178149080647,1,-0.001525902189669637,0.03342390060424805,3.063549995422363,11.15228503852903,37,0.9204545454545453,14.27885862516213,17.18928816662853,2.810963153839111,8.594110017547878
,38,9.376440070191501,1,-0.001525902189669637,0.03900289535522461,3.102552890777588,11.93354695963988,37,0.9213483146067416,15.06012054627298,18.75181200885024,2.849966049194336,9.375371938658732
,38,10.54833295185779,1,-0.001525902189669637,0.03646612167358398,3.139019012451172,13.10543984130617,37,0.9222222222222223,16.23201342793926,21.09559777218281,2.88643217086792,10.54726482032502
,38,11.32959487296864,1,-0.001525902189669637,0.04858207702636719,3.187601089477539,13.88670176241702,37,0.9230769230769232,17.01327534905012,22.65812161440452,2.935014247894287,11.32852674143587
,38,11.32959487296864,2,-0.001525902189669637,0.05444478988647461,3.242045879364014,13.88670176241702,36,0.9239130434782609,17.01327534905012,22.65812161440452,3.043903827667236,11.32852674143587
,38,11.62256809338521,2,-0.001525902189669637,0.03791117668151855,3.279957056045532,14.17967498283359,36,0.9354838709677418,17.30624856946669,23.24406805523766,3.119726181030273,11.62149996185244
,38,11.32959487296864,3,-0.001525902189669637,0.04516196250915527,3.325119018554688,14.47264820325016,35,0.9468085106382979,17.59922178988326,22.65812161440452,3.255212068557739,11.32852674143587
,38,11.32959487296864,3,-0.001525902189669637,0.0386970043182373,3.363816022872925,14.47264820325016,35,0.9684210526315789,17.59922178988326,22.65812161440452,3.371303081512451,11.32852674143587
,38,10.84786755168994,3,1.374837872892343,0.04622006416320801,3.410036087036133,14.95437552452887,35,0.9895833333333334,18.08094911116196,22.65812161440452,3.509963274002075,11.81025406271458
,38,10.84786755168994,2,1.374837872892343,0.07483601570129395,3.484872102737427,14.95437552452887,36,1.010309278350515,18.08094911116196,22.65812161440452,3.659635305404663,11.81025406271458
,38,10.84786755168994,1,1.374837872892343,0.03873085975646973,3.523602962493896,14.95437552452887,37,1.020408163265306,18.08094911116196,22.65812161440452,3.698366165161133,11.81025406271458
,38,10.84786755168994,1,1.374837872892343,0.04271602630615234,3.566318988800049,14.95437552452887,37,1.02020202020202,18.08094911116196,22.65812161440452,3.741082191467285,11.81025406271458
,38,10.84786755168994,0,1.374837872892343,0.04673099517822266,3.613049983978271,14.95437552452887,38,1.02,18.08094911116196,22.65812161440452,3.741082191467285,11.81025406271458
,38,10.84786755168994,0,1.374837872892343,0.04162502288818359,3.654675006866455,14.95437552452887,38,1.00990099009901,18.08094911116196,22.65812161440452,3.741082191467285,11.81025406271458
,38,10.02433813992523,0,3.727779049362945,0.04435491561889648,3.699029922485352,15.77790493629358,38,1,18.90447852292668,22.65812161440452,3.741082191467285,12.63378347447929
,38,10.02433813992523,0,3.727779049362945,0.04464316368103027,3.743673086166382,15.77790493629358,38,0.9902912621359224,18.90447852292668,22.65812161440452,3.741082191467285,12.63378347447929
,38,10.84786755168994,0,1.374837872892343,0.0460808277130127,3.789753913879395,16.60143434805829,38,0.9807692307692307,19.72800793469139,22.65812161440452,3.741082191467285,11.81025406271458
,38,10.43663691157397,2,2.549782558937963,0.05375504493713379,3.843508958816528,17.01266498817426,36,0.9714285714285714,20.13923857480735,22.65812161440452,3.848592281341553,12.22148470283055
,38,10.02433813992523,3,3.727779049362945,0.04887104034423828,3.892379999160767,17.424963759823,35,0.9811320754716981,20.55153734645609,22.65812161440452,3.995205402374268,12.63378347447929
,38,10.02433813992523,3,3.727779049362945,0.04439210891723633,3.936772108078003,17.424963759823,35,1,20.55153734645609,22.65812161440452,4.128381729125977,12.63378347447929
,38,10.02433813992523,3,3.727779049362945,0.05502986907958984,3.991801977157593,17.424963759823,35,1.018518518518519,20.55153734645609,22.65812161440452,4.293471336364746,12.63378347447929
,38,10.02433813992523,3,3.727779049362945,0.04723191261291504,4.039033889770508,17.424963759823,35,1.036697247706422,20.55153734645609,22.65812161440452,4.435167074203491,12.63378347447929
,38,11.19623102159151,3,3.727779049362945,0.04369401931762695,4.082727909088135,18.59685664148929,35,1.054545454545454,21.72343022812238,25.00190737773709,4.566249132156372,13.80567635614558
,38,11.78217746242465,3,3.727779049362945,0.04430413246154785,4.127032041549683,19.18280308232243,35,1.072072072072072,22.30937666895553,26.17380025940337,4.699161529541016,14.39162279697872
,38,11.97749294270237,3,3.727779049362945,0.04643392562866211,4.173465967178345,19.37811856260015,35,1.089285714285714,22.50469214923324,26.56443121995881,4.838463306427002,14.58693827725643
,38,11.97749294270237,3,3.727779049362945,0.04834413528442383,4.221810102462769,19.37811856260015,35,1.106194690265487,22.50469214923324,26.56443121995881,4.983495712280273,14.58693827725643
,38,11.97749294270237,3,3.727779049362945,0.05729484558105469,4.279104948043823,19.37811856260015,35,1.12280701754386,22.50469214923324,26.56443121995881,5.155380249023438,14.58693827725643
,38,11.97749294270237,4,3.727779049362945,0.03863000869750977,4.317734956741333,19.37811856260015,34,1.139130434782609,22.50469214923324,26.56443121995881,5.309900283813477,14.58693827725643
,38,13.14938582436866,4,3.727779049362945,0.04705905914306641,4.364794015884399,20.55001144426643,34,1.163793103448276,23.67658503089952,28.90821698329137,5.498136520385742,15.75883115892271
,38,13.14938582436866,4,3.727779049362945,0.05215907096862793,4.416953086853027,20.55001144426643,34,1.188034188034188,23.67658503089952,28.90821698329137,5.706772804260254,15.75883115892271
,38,13.14938582436866,4,3.727779049362945,0.04657387733459473,4.463526964187622,20.55001144426643,34,1.211864406779661,23.67658503089952,28.90821698329137,5.893068313598633,15.75883115892271
,38,13.14938582436866,3,3.727779049362945,0.05282497406005859,4.516351938247681,20.55001144426643,35,1.235294117647059,23.67658503089952,28.90821698329137,6.051543235778809,15.75883115892271
,38,13.93064774547951,3,3.727779049362945,0.05242300033569336,4.568774938583374,21.33127336537729,35,1.25,24.45784695201039,30.47074082551309,6.208812236785889,16.54009308003358
,38,14.75417715724422,3,1.374837872892343,0.04380702972412109,4.612581968307495,22.154802777142,35,1.264462809917355,25.2813763637751,30.47074082551309,6.340233325958252,15.71656366826886
,38,15.82185091935607,3,-0.001525902189669637,0.04598093032836914,4.658562898635864,23.22247653925385,35,1.278688524590164,25.38559548332953,31.64263370717937,6.478176116943359,15.8207827878233
,38,17.18905928130007,3,-0.001525902189669637,0.04389405250549316,4.702456951141357,24.58968490119785,35,1.292682926829268,26.75280384527353,34.37705043106737,6.609858274459839,17.1879911497673
,38,20.00160219729915,4,-0.7827878233005237,0.04581594467163086,4.748272895812988,27.40222781719694,34,1.306451612903226,29.01846341649502,39.45525291828794,6.793122053146362,19.45365072098879
,38,20.00160219729915,4,-0.7827878233005237,0.03669309616088867,4.784965991973877,27.40222781719694,34,1.328,29.01846341649502,39.45525291828794,6.939894437789917,19.45365072098879
,38,21.75944151979858,3,-0.7827878233005237,0.04573297500610352,4.83069896697998,29.16006713969637,35,1.349206349206349,30.77630273899445,42.9709315632868,7.077093362808228,21.21149004348822
,38,21.75944151979858,3,-0.7827878233005237,0.06821298599243164,4.898911952972412,29.16006713969637,35,1.362204724409449,30.77630273899445,42.9709315632868,7.281732320785522,21.21149004348822
,38,21.75944151979858,3,-0.7827878233005237,0.04256296157836914,4.941474914550781,29.16006713969637,35,1.375,30.77630273899445,42.9709315632868,7.40942120552063,21.21149004348822
,38,21.75944151979858,3,-0.7827878233005237,0.07301497459411621,5.014489889144897,29.16006713969637,35,1.387596899224806,30.77630273899445,42.9709315632868,7.628466129302979,21.21149004348822
,38,21.75944151979858,3,-0.7827878233005237,0.0551760196685791,5.069665908813477,29.16006713969637,35,1.4,30.77630273899445,42.9709315632868,7.793994188308716,21.21149004348822
,38,21.75944151979858,3,-0.7827878233005237,0.05243515968322754,5.122101068496704,29.16006713969637,35,1.412213740458015,30.77630273899445,42.9709315632868,7.951299667358398,21.21149004348822
,38,19.2203402761883,3,-0.7827878233005237,0.0401298999786377,5.162230968475342,31.69916838330665,35,1.424242424242424,33.31540398260474,37.89272907606623,8.071689367294312,18.67238879987793
,38,18.63439383535516,3,-0.7827878233005237,0.04964613914489746,5.211877107620239,32.28511482413979,35,1.43609022556391,33.90135042343788,36.72083619439995,8.220627784729004,18.08644235904479
,38,18.63439383535516,3,-0.7827878233005237,0.04028797149658203,5.252165079116821,32.28511482413979,35,1.447761194029851,33.90135042343788,36.72083619439995,8.34149169921875,18.08644235904479
,38,17.75547417410544,2,-0.7827878233005237,0.0457618236541748,5.297926902770996,33.16403448538951,36,1.459259259259259,34.78027008468759,34.96299687190051,8.4330153465271,17.20752269779507
,38,17.46250095368887,2,-0.7827878233005237,0.04085803031921387,5.33878493309021,33.45700770580608,36,1.463235294117647,35.07324330510416,34.37705043106737,8.514731407165527,16.9145494773785
,38,18.28282597085527,2,-3.126573586633097,0.05312514305114746,5.391910076141357,34.27733272297248,36,1.467153284671533,35.89356832227057,34.37705043106737,8.620981693267822,16.0942244602121
,38,21.09536888685436,3,-7.814145113298244,0.05780291557312012,5.449712991714478,37.08987563897157,35,1.471014492753623,36.36232547493708,36.72083619439995,8.794390439987183,15.62546730754559
,38,22.18913557640956,3,-10.93919279774167,0.04275202751159668,5.492465019226074,38.18364232852676,35,1.482014388489208,37.45609216449228,36.72083619439995,8.922646522521973,14.53170061799039
,38,22.18913557640956,3,-10.93919279774167,0.03981804847717285,5.532283067703247,38.18364232852676,35,1.492857142857143,37.45609216449228,36.72083619439995,9.042100667953491,14.53170061799039
,38,21.36881055924316,3,-8.595407034409098,0.0374298095703125,5.56971287727356,39.00396734569316,35,1.50354609929078,38.27641718165868,36.72083619439995,9.154390096664429,15.35202563515679
,38,20.82192721446555,4,-7.032883192187378,0.04769206047058105,5.617404937744141,39.55085069047076,34,1.514084507042254,38.82330052643627,36.72083619439995,9.345158338546753,15.89890897993439
,38,20.82192721446555,4,-7.032883192187378,0.0336921215057373,5.651097059249878,39.55085069047076,34,1.531468531468532,38.82330052643627,36.72083619439995,9.479926824569702,15.89890897993439
,38,20.82192721446555,4,-7.032883192187378,0.03520083427429199,5.68629789352417,39.55085069047076,34,1.548611111111111,38.82330052643627,36.72083619439995,9.62073016166687,15.89890897993439
,38,20.82192721446555,4,-7.032883192187378,0.03588604927062988,5.7221839427948,39.55085069047076,34,1.56551724137931,38.82330052643627,36.72083619439995,9.76427435874939,15.89890897993439
,38,20.82192721446555,3,-7.032883192187378,0.04048013687133789,5.762664079666138,39.55085069047076,35,1.582191780821918,38.82330052643627,36.72083619439995,9.885714769363403,15.89890897993439
,38,20.82192721446555,4,-7.032883192187378,0.04133296012878418,5.803997039794922,39.55085069047076,34,1.591836734693878,38.82330052643627,36.72083619439995,10.05104660987854,15.89890897993439
,38,20.82192721446555,3,-7.032883192187378,0.04504084587097168,5.849037885665894,39.55085069047076,35,1.608108108108108,38.82330052643627,36.72083619439995,10.18616914749146,15.89890897993439
,38,20.82192721446555,3,-7.032883192187378,0.03441119194030762,5.883449077606201,39.55085069047076,35,1.61744966442953,38.82330052643627,36.72083619439995,10.28940272331238,15.89890897993439
,38,20.82192721446555,2,-7.032883192187378,0.02927589416503906,5.91272497177124,39.55085069047076,36,1.626666666666667,38.82330052643627,36.72083619439995,10.34795451164246,15.89890897993439
,38,20.82192721446555,2,-7.032883192187378,0.04193806648254395,5.954663038253784,39.55085069047076,36,1.629139072847682,38.82330052643627,36.72083619439995,10.43183064460754,15.89890897993439
,38,20.82192721446555,2,-7.032883192187378,0.03419685363769531,5.988859891891479,39.55085069047076,36,1.631578947368421,38.82330052643627,36.72083619439995,10.50022435188293,15.89890897993439
,38,20.82192721446555,1,-7.032883192187378,0.03456020355224609,6.023420095443726,39.55085069047076,37,1.633986928104575,38.82330052643627,36.72083619439995,10.53478455543518,15.89890897993439
,38,20.61684596017396,1,-6.446936751354237,0.04120278358459473,6.06462287902832,39.75593194476236,37,1.62987012987013,39.02838178072787,36.72083619439995,10.57598733901978,16.10399023422599
,38,20.82192721446555,1,-7.032883192187378,0.03428006172180176,6.098902940750122,39.96101319905395,37,1.625806451612903,39.23346303501947,36.72083619439995,10.61026740074158,15.89890897993439
,38,20.82192721446555,1,-7.032883192187378,0.03386306762695313,6.132766008377075,39.96101319905395,37,1.621794871794872,39.23346303501947,36.72083619439995,10.64413046836853,15.89890897993439
,38,20.82192721446555,1,-7.032883192187378,0.03613090515136719,6.168896913528442,39.96101319905395,37,1.617834394904459,39.23346303501947,36.72083619439995,10.6802613735199,15.89890897993439
,38,20.00160219729916,1,-4.689097428854816,0.03823614120483398,6.207133054733276,40.78133821622035,37,1.613924050632911,40.05378805218586,36.72083619439995,10.71849751472473,16.71923399710079
,38,20.00160219729916,1,-4.689097428854816,0.03987693786621094,6.247009992599487,40.78133821622035,37,1.610062893081761,40.05378805218586,36.72083619439995,10.75837445259094,16.71923399710079
,38,20.00160219729916,1,-4.689097428854816,0.04699110984802246,6.29400110244751,40.78133821622035,37,1.60625,40.05378805218586,36.72083619439995,10.80536556243896,16.71923399710079
,38,20.00160219729916,1,-4.689097428854816,0.04840993881225586,6.342411041259766,40.78133821622035,37,1.602484472049689,40.05378805218586,36.72083619439995,10.85377550125122,16.71923399710079
,38,20.00160219729916,1,-4.689097428854816,0.03796887397766113,6.380379915237427,40.78133821622035,37,1.598765432098765,40.05378805218586,36.72083619439995,10.89174437522888,16.71923399710079
,38,20.00160219729916,0,-4.689097428854816,0.04851508140563965,6.428894996643066,40.78133821622035,38,1.595092024539877,40.05378805218586,36.72083619439995,10.89174437522888,16.71923399710079
,38,20.00160219729916,0,-4.689097428854816,0.0436561107635498,6.472551107406616,40.78133821622035,38,1.585365853658537,40.05378805218586,36.72083619439995,10.89174437522888,16.71923399710079
,38,20.00160219729916,0,-4.689097428854816,0.03730392456054688,6.509855031967163,40.78133821622035,38,1.575757575757576,40.05378805218586,36.72083619439995,10.89174437522888,16.71923399710079
,38,19.45471885252156,1,-3.126573586633097,0.05428385734558105,6.564138889312744,41.32822156099794,37,1.566265060240964,40.60067139696346,36.72083619439995,10.94602823257446,17.26611734187839
,38,19.45471885252156,1,-3.126573586633097,0.03353714942932129,6.597676038742065,41.32822156099794,37,1.562874251497006,40.60067139696346,36.72083619439995,10.97956538200378,17.26611734187839
,38,19.45471885252156,1,-3.126573586633097,0.03342199325561523,6.631098031997681,41.32822156099794,37,1.559523809523809,40.60067139696346,36.72083619439995,11.0129873752594,17.26611734187839
,38,19.45471885252156,1,-3.126573586633097,0.04081106185913086,6.671909093856812,41.32822156099794,37,1.556213017751479,40.60067139696346,36.72083619439995,11.05379843711853,17.26611734187839
,38,19.45471885252156,1,-3.126573586633097,0.03111791610717773,6.703027009963989,41.32822156099794,37,1.552941176470588,40.60067139696346,36.72083619439995,11.08491635322571,17.26611734187839
,38,19.45471885252156,1,-3.126573586633097,0.03584098815917969,6.738867998123169,41.32822156099794,37,1.549707602339181,40.60067139696346,36.72083619439995,11.12075734138489,17.26611734187839
,38,19.45471885252156,1,-3.126573586633097,0.04145288467407227,6.780320882797241,41.32822156099794,37,1.546511627906977,40.60067139696346,36.72083619439995,11.16221022605896,17.26611734187839
,38,19.45471885252156,1,-3.126573586633097,0.04076910018920898,6.82108998298645,41.32822156099794,37,1.543352601156069,40.60067139696346,36.72083619439995,11.20297932624817,17.26611734187839
,38,19.45471885252156,1,-3.126573586633097,0.04071712493896484,6.861807107925415,41.32822156099794,37,1.540229885057471,40.60067139696346,36.72083619439995,11.24369645118714,17.26611734187839
,38,19.45471885252156,2,-3.126573586633097,0.04636788368225098,6.908174991607666,41.32822156099794,36,1.537142857142857,40.60067139696346,36.72083619439995,11.33643221855164,17.26611734187839
,38,19.04455634393836,2,-1.954680704966816,0.0441429615020752,6.952317953109741,41.73838406958114,36,1.539772727272727,41.01083390554666,36.72083619439995,11.42471814155579,17.67627985046159
,38,17.75547417410544,3,-0.7827878233005237,0.04422593116760254,6.996543884277344,43.02746623941407,35,1.542372881355932,41.47959105821317,34.96299687190051,11.55739593505859,17.20752269779507
,38,18.34142061493859,4,-0.7827878233005237,0.05355310440063477,7.050096988677979,43.61341268024722,34,1.550561797752809,42.06553749904632,36.13488975356681,11.77160835266113,17.79346913862822
,38,19.24963759822996,5,-2.540627145799956,0.04679989814758301,7.096896886825562,44.5216296635386,33,1.564245810055866,42.38780804150456,36.72083619439995,12.00560784339905,17.47119859616999
,38,18.28282597085527,6,-3.126573586633097,0.05344319343566895,7.15034008026123,45.48844129091328,32,1.583333333333333,43.76478217746245,34.37705043106737,12.32626700401306,16.0942244602121
,38,15.50934615091173,7,-0.7827878233005237,0.04671883583068848,7.197058916091919,48.26192111085682,31,1.607734806629834,44.89761196307319,30.47074082551309,12.65329885482788,14.96139467460136
,38,15.50934615091173,8,-0.7827878233005237,0.03391003608703613,7.230968952178955,48.26192111085682,30,1.637362637362637,44.89761196307319,30.47074082551309,12.92457914352417,14.96139467460136
,38,12.77492942702373,8,-0.7827878233005237,0.04733610153198242,7.278305053710938,50.99633783474482,30,1.672131147540984,47.63202868696118,25.00190737773709,13.30326795578003,12.22697795071336
,38,11.21240558480201,9,-0.7827878233005237,0.03566503524780273,7.31397008895874,52.55886167696654,29,1.706521739130435,49.1945525291829,21.87685969329366,13.62425327301025,10.66445410849165
,38,11.21240558480201,11,-0.7827878233005237,0.03689479827880859,7.350864887237549,52.55886167696654,27,1.745945945945946,49.1945525291829,21.87685969329366,14.03009605407715,10.66445410849165
,38,9.6498817425803,14,-0.7827878233005237,0.04526400566101074,7.39612889289856,54.12138551918826,24,1.795698924731183,50.75707637140461,18.75181200885024,14.6637921333313,9.101930266269934
,38,5.743572137026018,15,-0.7827878233005237,0.04803919792175293,7.444168090820313,58.02769512474254,23,1.86096256684492,54.6633859769589,10.93919279774167,15.38438010215759,5.195620660715652
,38,5.743572137026018,15,-0.7827878233005237,0.03797292709350586,7.482141017913818,58.02769512474254,23,1.930851063829787,54.6633859769589,10.93919279774167,15.95397400856018,5.195620660715652
,38,5.743572137026018,15,-0.7827878233005237,0.04000687599182129,7.52214789390564,58.02769512474254,23,2.0,54.6633859769589,10.93919279774167,16.5540771484375,5.195620660715652
,38,4.571679255359732,15,-0.7827878233005237,0.04147720336914063,7.56362509727478,59.19958800640883,23,2.068421052631579,55.83527885862519,8.595407034409098,17.17623519897461,4.023727779049366
,38,3.790417334248872,15,-0.7827878233005237,0.03657698631286621,7.600202083587646,59.98084992751969,23,2.136125654450262,56.61654077973605,7.032883192187378,17.7248899936676,3.242465857938506
,38,3.790417334248872,15,-0.7827878233005237,0.03475284576416016,7.634954929351807,59.98084992751969,23,2.203125,56.61654077973605,7.032883192187378,18.24618268013,3.242465857938506
,38,3.790417334248872,15,-0.7827878233005237,0.04724407196044922,7.682199001312256,59.98084992751969,23,2.269430051813472,56.61654077973605,7.032883192187378,18.95484375953674,3.242465857938506
,38,3.790417334248872,14,-0.7827878233005237,0.02986907958984375,7.7120680809021,59.98084992751969,24,2.335051546391753,56.61654077973605,7.032883192187378,19.37301087379456,3.242465857938506
,38,3.790417334248872,15,-0.7827878233005237,0.04144597053527832,7.753514051437378,59.98084992751969,23,2.394871794871795,56.61654077973605,7.032883192187378,19.99470043182373,3.242465857938506
,38,3.790417334248872,15,-0.7827878233005237,0.03754782676696777,7.791061878204346,59.98084992751969,23,2.459183673469388,56.61654077973605,7.032883192187378,20.55791783332825,3.242465857938506
,38,3.790417334248872,16,-0.7827878233005237,0.03782010078430176,7.828881978988647,59.98084992751969,22,2.522842639593909,56.61654077973605,7.032883192187378,21.16303944587707,3.242465857938506
,38,9.06393530174716,16,-0.7827878233005237,0.03973507881164551,7.868617057800293,65.25436789501798,22,2.590909090909091,61.89005874723433,17.57991912718395,21.79880070686341,8.515983825436793
,38,10.82177462424659,17,-0.7827878233005237,0.03833699226379395,7.906954050064087,67.0122072175174,21,2.658291457286432,63.64789806973376,21.09559777218281,22.4505295753479,10.27382314793622
,38,10.82177462424659,17,-0.7827878233005237,0.02764797210693359,7.934602022171021,67.0122072175174,21,2.73,63.64789806973376,21.09559777218281,22.92054510116577,10.27382314793622
,38,12.77492942702373,17,-0.7827878233005237,0.03162693977355957,7.96622896194458,68.96536202029454,21,2.800995024875622,65.6010528725109,25.00190737773709,23.45820307731628,12.22697795071336
,38,12.77492942702373,17,-0.7827878233005237,0.03234004974365234,7.998569011688232,68.96536202029454,21,2.871287128712871,65.6010528725109,25.00190737773709,24.00798392295838,12.22697795071336
,38,14.37651636530099,17,-3.126573586633097,0.03029990196228027,8.028868913650513,70.56694895857181,21,2.940886699507389,65.64011596856644,26.56443121995881,24.52308225631714,12.18791485465782
,38,16.32967116807813,17,-3.126573586633097,0.03286600112915039,8.061734914779663,72.52010376134894,21,3.009803921568627,67.59327077134357,30.47074082551309,25.0818042755127,14.14106965743496
,38,16.32967116807813,16,-3.126573586633097,0.03575301170349121,8.097487926483154,72.52010376134894,22,3.078048780487805,67.59327077134357,30.47074082551309,25.65385246276856,14.14106965743496
,38,16.32967116807813,17,-3.126573586633097,0.0393061637878418,8.136794090270996,72.52010376134894,21,3.140776699029126,67.59327077134357,30.47074082551309,26.32205724716187,14.14106965743496
,38,16.32967116807813,16,-3.126573586633097,0.03584194183349609,8.172636032104492,72.52010376134894,22,3.207729468599034,67.59327077134357,30.47074082551309,26.89552831649781,14.14106965743496
,38,16.87655451285573,12,-4.689097428854816,0.03920888900756836,8.211844921112061,73.06698710612654,26,3.269230769230769,68.14015411612117,30.47074082551309,27.36603498458862,13.59418631265736
,38,16.87655451285573,10,-4.689097428854816,0.04474306106567383,8.256587982177734,73.06698710612654,28,3.311004784688995,68.14015411612117,30.47074082551309,27.81346559524536,13.59418631265736
,38,16.87655451285573,10,-4.689097428854816,0.03317594528198242,8.289763927459717,73.06698710612654,28,3.342857142857143,68.14015411612117,30.47074082551309,28.14522504806519,13.59418631265736
,38,18.04844739452202,9,-4.689097428854816,0.0378730297088623,8.327636957168579,74.23887998779282,29,3.374407582938389,69.31204699778745,32.81452658884566,28.48608231544495,14.76607919432364
,38,18.04844739452202,9,-4.689097428854816,0.03248310089111328,8.360120058059692,74.23887998779282,29,3.400943396226415,69.31204699778745,32.81452658884566,28.77843022346497,14.76607919432364
,38,16.87655451285573,9,-4.689097428854816,0.03614401817321777,8.39626407623291,75.4107728694591,29,3.427230046948357,70.48393987945373,30.47074082551309,29.10372638702393,13.59418631265736
,38,18.04844739452202,9,-4.689097428854816,0.04062795639038086,8.436892032623291,76.58266575112538,29,3.453271028037383,71.65583276112002,32.81452658884566,29.46937799453735,14.76607919432364
,38,18.04844739452202,9,-4.689097428854816,0.03700494766235352,8.473896980285645,76.58266575112538,29,3.47906976744186,71.65583276112002,32.81452658884566,29.80242252349854,14.76607919432364
,38,18.04844739452202,9,-4.689097428854816,0.03563499450683594,8.50953197479248,76.58266575112538,29,3.50462962962963,71.65583276112002,32.81452658884566,30.12313747406006,14.76607919432364
,38,18.04844739452202,10,-4.689097428854816,0.0331571102142334,8.542689085006714,76.58266575112538,28,3.529953917050691,71.65583276112002,32.81452658884566,30.4547085762024,14.76607919432364
,38,18.04844739452202,10,-4.689097428854816,0.03163480758666992,8.574323892593384,76.58266575112538,28,3.559633027522936,71.65583276112002,32.81452658884566,30.7710566520691,14.76607919432364
,38,18.04844739452202,10,-4.689097428854816,0.03656911849975586,8.61089301109314,76.58266575112538,28,3.589041095890411,71.65583276112002,32.81452658884566,31.13674783706665,14.76607919432364
,38,18.04844739452202,11,-4.689097428854816,0.05093002319335938,8.661823034286499,76.58266575112538,27,3.618181818181818,71.65583276112002,32.81452658884566,31.69697809219361,14.76607919432364
,38,18.5367360952163,10,-4.689097428854816,0.04513692855834961,8.706959962844849,77.07095445181967,28,3.65158371040724,72.1441214618143,33.79110399023423,32.1483473777771,15.25436789501793
,38,19.41565575646601,10,-4.689097428854816,0.03980898857116699,8.746768951416016,77.94987411306938,28,3.68018018018018,73.02304112306401,35.54894331273365,32.54643726348877,16.13328755626764
,38,19.41565575646601,11,-4.689097428854816,0.03585505485534668,8.782624006271362,77.94987411306938,27,3.708520179372197,73.02304112306401,35.54894331273365,32.94084286689758,16.13328755626764
,38,18.63439383535516,11,-0.7827878233005237,0.03528809547424316,8.817912101745605,78.73113603418023,27,3.741071428571428,74.97619592584115,36.72083619439995,33.32901191711426,18.08644235904479
,38,18.63439383535516,12,-0.7827878233005237,0.04100298881530762,8.858915090560913,78.73113603418023,26,3.773333333333333,74.97619592584115,36.72083619439995,33.82104778289795,18.08644235904479
,38,18.63439383535516,12,-0.7827878233005237,0.0375218391418457,8.896436929702759,78.73113603418023,26,3.809734513274336,74.97619592584115,36.72083619439995,34.2713098526001,18.08644235904479
,38,19.80628671702144,13,-0.7827878233005237,0.05739808082580566,8.953835010528564,79.90302891584651,25,3.845814977973568,76.14808880750743,39.06462195773251,35.01748490333557,19.25833524071107
,38,19.80628671702144,14,-0.7827878233005237,0.04728293418884277,9.001117944717407,79.90302891584651,24,3.885964912280702,76.14808880750743,39.06462195773251,35.67944598197937,19.25833524071107
,38,19.80628671702144,14,-0.7827878233005237,0.05920696258544922,9.060324907302856,79.90302891584651,24,3.930131004366812,76.14808880750743,39.06462195773251,36.50834345817566,19.25833524071107
,38,19.80628671702144,14,-0.7827878233005237,0.04117202758789063,9.101496934890747,79.90302891584651,24,3.973913043478261,76.14808880750743,39.06462195773251,37.08475184440613,19.25833524071107
,38,20.58754863813229,14,-0.7827878233005237,0.05071902275085449,9.152215957641602,80.68429083695737,24,4.017316017316017,76.92935072861829,40.62714579995422,37.79481816291809,20.03959716182193
,38,21.46646829938201,14,-0.7827878233005237,0.03997111320495605,9.192187070846558,81.56321049820708,24,4.060344827586207,77.808270389868,42.38498512245366,38.35441374778748,20.91851682307165
,38,21.55436026550698,14,-0.1968413824673831,0.04146599769592285,9.23365306854248,81.65110246433205,24,4.103004291845494,78.30632486457617,42.9709315632868,38.9349377155304,21.41657129777982
,38,21.48599984740978,14,-0.001525902189669637,0.05135393142700195,9.285006999969482,81.71946288242925,24,4.145299145299146,78.37468528267337,42.9709315632868,39.65389275550843,21.48493171587702
,38,21.48599984740978,14,-0.001525902189669637,0.03977799415588379,9.324784994125366,81.71946288242925,24,4.187234042553191,78.37468528267337,42.9709315632868,40.2107846736908,21.48493171587702
,38,21.48599984740978,14,-0.001525902189669637,0.05589008331298828,9.380675077438354,81.71946288242925,24,4.228813559322034,78.37468528267337,42.9709315632868,40.99324584007263,21.48493171587702
,38,21.48599984740978,14,-0.001525902189669637,0.05310797691345215,9.433783054351807,81.71946288242925,24,4.270042194092827,78.37468528267337,42.9709315632868,41.73675751686097,21.48493171587702
,38,21.48599984740978,13,-0.001525902189669637,0.05662989616394043,9.490412950515747,81.71946288242925,25,4.310924369747899,78.37468528267337,42.9709315632868,42.47294616699219,21.48493171587702
,38,21.48599984740978,13,-0.001525902189669637,0.0475151538848877,9.537928104400635,81.71946288242925,25,4.347280334728033,78.37468528267337,42.9709315632868,43.09064316749573,21.48493171587702
,38,21.48599984740978,12,-0.001525902189669637,0.04625391960144043,9.584182024002075,81.71946288242925,26,4.383333333333334,78.37468528267337,42.9709315632868,43.64569020271301,21.48493171587702
,38,21.48599984740978,11,-0.001525902189669637,0.03797793388366699,9.622159957885742,81.71946288242925,27,4.4149377593361,78.37468528267337,42.9709315632868,44.06344747543335,21.48493171587702
,38,22.26726176852064,11,-0.001525902189669637,0.04868292808532715,9.670842885971069,82.5007248035401,27,4.442148760330578,79.15594720378422,44.53345540550851,44.59895968437195,22.26619363698787
,38,20.96200503547722,11,3.727779049362945,0.04704904556274414,9.717891931533813,83.80598153658353,27,4.469135802469136,80.46120393682765,44.53345540550851,45.11649918556214,23.57145037003128
,38,19.58945601586938,10,7.649347676813911,0.05657005310058594,9.774461984634399,85.17853055619137,28,4.495901639344262,81.83375295643549,44.53345540550851,45.68219971656799,24.94399938963912
,38,19.58945601586938,10,7.649347676813911,0.04046297073364258,9.814924955368042,85.17853055619137,28,4.518367346938776,81.83375295643549,44.53345540550851,46.08682942390442,24.94399938963912
,38,16.29533836881055,9,17.06111238269628,0.07384395599365234,9.888768911361694,88.47264820325019,29,4.540650406504065,85.12787060349432,44.53345540550851,46.7514250278473,28.23811703669795
,38,11.80308232242313,8,17.06111238269628,0.0718071460723877,9.960576057434082,92.96490424963762,30,4.558704453441296,89.62012664988174,35.54894331273365,47.32588219642639,23.74586099031052
,38,11.21713588158999,7,17.06111238269628,0.05151796340942383,10.01209402084351,93.55085069047076,31,4.57258064516129,90.20607309071488,34.37705043106737,47.68650794029236,23.15991454947738
,38,10.39360646982529,7,19.41405355916686,0.04212689399719238,10.0542209148407,94.37438010223545,31,4.582329317269076,91.02960250247959,34.37705043106737,47.9813961982727,23.98344396124208
,38,9.570077058060582,7,21.76699473563743,0.04786014556884766,10.10208106040955,95.19790951400015,31,4.592,91.85313191424427,34.37705043106737,48.31641721725465,24.80697337300679
,38,9.570077058060582,7,21.76699473563743,0.04222702980041504,10.14430809020996,95.19790951400015,31,4.601593625498008,91.85313191424427,34.37705043106737,48.61200642585755,24.80697337300679
,38,8.239795529106585,7,23.33562218661784,0.04649996757507324,10.19080805778503,96.52819104295416,31,4.611111111111111,92.08537422751197,32.81452658884566,48.93750619888306,24.57473105973907
,38,4.914091706721601,7,27.25719081406881,0.04289793968200684,10.23370599746704,99.85389486533913,31,4.620553359683795,92.66598001068129,28.90821698329137,49.23779177665711,23.99412527656977
,38,1.789044022278174,7,27.25719081406881,0.05314302444458008,10.28684902191162,102.9789425497826,31,4.629921259842519,95.79102769512472,22.65812161440452,49.60979294776917,20.86907759212634
,38,3.710612649729155,7,21.76699473563743,0.04662394523620605,10.33347296714783,104.9005111772335,31,4.63921568627451,97.7125963225757,22.65812161440452,49.93616056442261,18.94750896467536
,38,5.500953688868545,7,20.0,0.0456690788269043,10.37914204597473,106.6908522163729,31,4.6484375,98.26604104676889,25.00190737773709,50.25584411621094,19.50095368886854
,38,4.882505531395442,8,21.76699473563743,0.08747196197509766,10.46661400794983,107.3093003738461,30,4.657587548638133,98.88448920424199,25.00190737773709,50.95561981201172,20.11940184634164
,38,4.471274891279467,8,22.94193942168308,0.08802700042724609,10.55464100837707,107.720531013962,30,4.670542635658915,99.29571984435796,25.00190737773709,51.65983581542969,20.53063248645762
,38,4.471274891279467,8,22.94193942168308,0.04714798927307129,10.60178899765015,107.720531013962,30,4.683397683397684,99.29571984435796,25.00190737773709,52.03701972961426,20.53063248645762
,38,4.291218432898456,8,25.68856336308842,0.05532097816467285,10.65710997581482,107.900587472343,30,4.696153846153846,101.0383001449607,26.56443121995881,52.47958755493165,22.27321278706035
,38,4.291218432898456,9,25.68856336308842,0.05659103393554688,10.71370100975037,107.900587472343,29,4.708812260536399,101.0383001449607,26.56443121995881,52.98890686035157,22.27321278706035
,38,9.662394140535595,9,25.68856336308842,0.05415105819702148,10.76785206794739,113.2717631799802,29,4.725190839694656,106.4094758525978,37.30678263523309,53.47626638412476,27.64438849469749
,38,11.9085221637293,9,25.68856336308842,0.04274392127990723,10.8105959892273,115.5178912031739,29,4.741444866920152,108.6556038757915,41.7990386816205,53.86096167564393,29.8905165178912
,38,10.77355611505303,9,27.25719081406881,0.0438389778137207,10.85443496704102,116.6528572518502,29,4.757575757575758,108.6925307087816,40.62714579995422,54.25551247596741,29.8535896849012
,38,10.77355611505303,9,27.25719081406881,0.04051899909973145,10.89495396614075,116.6528572518502,29,4.773584905660377,108.6925307087816,40.62714579995422,54.620183467865,29.8535896849012
,38,10.77355611505303,9,27.25719081406881,0.04990100860595703,10.9448549747467,116.6528572518502,29,4.789473684210527,108.6925307087816,40.62714579995422,55.06929254531861,29.8535896849012
,38,10.77355611505303,9,27.25719081406881,0.05351710319519043,10.9983720779419,116.6528572518502,29,4.805243445692884,108.6925307087816,40.62714579995422,55.55094647407532,29.8535896849012
,38,10.77355611505303,9,27.25719081406881,0.0493009090423584,11.04767298698425,116.6528572518502,29,4.82089552238806,108.6925307087816,40.62714579995422,55.99465465545655,29.8535896849012
,38,10.77355611505303,8,27.25719081406881,0.05180501937866211,11.09947800636292,116.6528572518502,30,4.836431226765799,108.6925307087816,40.62714579995422,56.40909481048585,29.8535896849012
,38,10.77355611505303,8,27.25719081406881,0.04681801795959473,11.14629602432251,116.6528572518502,30,4.848148148148148,108.6925307087816,40.62714579995422,56.7836389541626,29.8535896849012
,38,10.77355611505303,7,27.25719081406881,0.04794502258300781,11.19424104690552,116.6528572518502,31,4.859778597785978,108.6925307087816,40.62714579995422,57.11925411224366,29.8535896849012
,38,10.77355611505303,5,27.25719081406881,0.05831289291381836,11.25255393981934,116.6528572518502,33,4.867647058823529,108.6925307087816,40.62714579995422,57.41081857681275,29.8535896849012
,38,10.77355611505303,3,27.25719081406881,0.04896116256713867,11.30151510238647,116.6528572518502,35,4.868131868131868,108.6925307087816,40.62714579995422,57.55770206451416,29.8535896849012
,38,10.77355611505303,2,27.25719081406881,0.04802083969116211,11.34953594207764,116.6528572518502,36,4.861313868613139,108.6925307087816,40.62714579995422,57.65374374389649,29.8535896849012
,38,6.824979018844891,1,29.61013199053941,0.04761195182800293,11.39714789390564,120.6014343480583,37,4.850909090909091,110.9940489814603,34.37705043106737,57.70135569572449,27.55207141222248
,38,2.369649805447475,0,31.1787594415198,0.05962514877319336,11.45677304267883,125.0567635614557,38,4.836956521739131,114.3513389791714,26.56443121995881,57.70135569572449,24.19478141451133
,38,-2.946135652704656,-1,33.53170061799038,0.0521090030670166,11.50888204574585,130.3725490196078,39,4.819494584837545,118.0200656137941,17.57991912718395,57.75346469879151,20.52605477988861
,38,-2.946135652704656,-2,33.53170061799038,0.04145097732543945,11.55033302307129,130.3725490196078,40,4.798561151079137,118.0200656137941,17.57991912718395,57.83636665344239,20.52605477988861
,38,-6.852445258258943,-2,33.53170061799038,0.04746389389038086,11.59779691696167,134.2788586251622,40,4.774193548387097,121.9263752193484,9.767299916075379,57.93129444122314,16.61974517433432
,38,-8.219653620202944,-2,33.53170061799038,0.05852699279785156,11.65632390975952,135.6460669871062,40,4.75,123.2935835812924,7.032883192187378,58.04834842681885,15.25253681239032
,38,-8.805600061036085,-2,33.53170061799038,0.05379104614257813,11.7101149559021,136.2320134279393,40,4.725978647686833,123.8795300221256,5.860990310521097,58.15593051910401,14.66659037155718
,38,-9.391546501869225,-2,33.53170061799038,0.06195306777954102,11.77206802368164,136.8179598687724,40,4.702127659574468,124.4654764629587,4.689097428854816,58.27983665466309,14.08064393072404
,38,-10.72182803082323,-1,35.10032806897079,0.05427289009094238,11.82634091377258,138.1482413977264,39,4.678445229681979,124.6977187762264,3.126573586633097,58.33410954475403,13.84840161745633
,38,-11.89372091248951,-1,35.10032806897079,0.05064296722412109,11.87698388099671,139.3201342793927,39,4.658450704225352,125.8696116578927,0.7827878233005237,58.38475251197815,12.67650873579004
,38,-12.71725032425422,-2,37.45326924544137,0.0453040599822998,11.922287940979,140.1436636911574,40,4.63859649122807,126.6931410696574,0.7827878233005237,58.47536063194275,13.50003814755474
,38,-13.12848096437018,-1,38.62821393148699,0.04778003692626953,11.97006797790527,140.5548943312734,39,4.615384615384615,127.1043717097734,0.7827878233005237,58.52314066886902,13.91126878767071
,38,-13.26626993209735,-1,39.02189669642176,0.04776811599731445,12.01783609390259,140.6926832990005,39,4.59581881533101,127.2421606775006,0.7827878233005237,58.57090878486634,14.04905775539788
,38,-13.88364995803769,-1,40.78583962767988,0.05099582672119141,12.06883192062378,141.3100633249409,39,4.576388888888889,127.8595407034409,0.7827878233005237,58.62190461158753,14.66643778133822
,38,-13.88364995803769,-1,40.78583962767988,0.04188108444213867,12.11071300506592,141.3100633249409,39,4.557093425605537,127.8595407034409,0.7827878233005237,58.66378569602967,14.66643778133822
,38,-14.29488059815366,-2,41.9607843137255,0.04591703414916992,12.15663003921509,141.7212939650569,40,4.537931034482758,128.2707713435569,0.7827878233005237,58.75561976432801,15.07766842145418
,38,-15.4623483634699,-1,45.29640650034333,0.04079890251159668,12.19742894172668,142.8887617303731,39,4.515463917525773,129.4382391088731,0.7827878233005237,58.7964186668396,16.24513618677042
,38,-15.4623483634699,-1,45.29640650034333,0.03497004508972168,12.23239898681641,142.8887617303731,39,4.496575342465754,129.4382391088731,0.7827878233005237,58.83138871192933,16.24513618677042
,38,-16.28587777523461,-1,47.64934767681392,0.08256292343139648,12.3149619102478,143.7122911421378,39,4.477815699658703,130.2617685206378,0.7827878233005237,58.91395163536072,17.06866559853514
,38,-16.83489738307775,-1,49.21797512779431,0.06215715408325195,12.37711906433105,144.261310749981,39,4.459183673469388,130.810788128481,0.7827878233005237,58.97610878944398,17.61768520637827
,38,-16.83489738307775,0,49.21797512779431,0.04944896697998047,12.42656803131104,144.261310749981,38,4.440677966101695,130.810788128481,0.7827878233005237,58.97610878944398,17.61768520637827
,38,-19.57892729076066,1,57.05806057831693,0.05204391479492188,12.47861194610596,147.0053406576639,37,4.425675675675675,133.5548180361639,0.7827878233005237,59.0281527042389,20.36171511406118
,38,-19.78507667658503,2,57.64705882352941,0.04901909828186035,12.52763104438782,147.2114900434883,36,4.414141414141414,133.7609674219883,0.7827878233005237,59.12619090080262,20.56786449988555
,38,-20.40245670252537,3,59.41100175478753,0.04182291030883789,12.56945395469666,147.8288700694286,35,4.406040268456376,134.3783474479286,0.7827878233005237,59.25165963172913,21.18524452582589
,38,-20.95147631036851,5,60.97962920576792,0.05108809471130371,12.62054204940796,148.3778896772717,33,4.40133779264214,134.9273670557718,0.7827878233005237,59.50710010528565,21.73426413366903
,38,-20.95147631036851,7,60.97962920576792,0.05005288124084473,12.6705949306488,148.3778896772717,31,4.403333333333333,134.9273670557718,0.7827878233005237,59.85747027397156,21.73426413366903
,38,-20.95147631036851,9,60.97962920576792,0.04357409477233887,12.71416902542114,148.3778896772717,29,4.411960132890365,134.9273670557718,0.7827878233005237,60.24963712692261,21.73426413366903
,38,-21.77500572213321,9,63.3325703822385,0.0384519100189209,12.75262093544006,149.2014190890365,29,4.427152317880795,135.7508964675364,0.7827878233005237,60.5957043170929,22.55779354543373
,38,-21.77500572213321,11,63.3325703822385,0.04927611351013184,12.8018970489502,149.2014190890365,27,4.442244224422442,135.7508964675364,0.7827878233005237,61.13774156570435,22.55779354543373
,38,-21.77500572213321,12,63.3325703822385,0.04475688934326172,12.84665393829346,149.2014190890365,26,4.463815789473684,135.7508964675364,0.7827878233005237,61.67482423782349,22.55779354543373
,38,-17.86869611657892,15,63.3325703822385,0.04778909683227539,12.89444303512573,153.1077286945908,23,4.488524590163935,139.6572060730908,8.595407034409098,62.39166069030762,26.46410315098802
,38,-17.86869611657892,17,63.3325703822385,0.04864287376403809,12.94308590888977,153.1077286945908,21,4.522875816993464,139.6572060730908,8.595407034409098,63.21858954429627,26.46410315098802
,38,-12.79049362935835,19,63.3325703822385,0.04588413238525391,12.98897004127503,158.1859311818113,19,4.563517915309446,144.7354085603113,18.75181200885024,64.09038805961609,31.54230563820859
,38,-9.958419165331497,21,63.3325703822385,0.04414606094360352,13.03311610221863,161.0180056458382,17,4.61038961038961,147.5674830243382,24.41596093690395,65.01745533943176,34.37438010223544
,38,-7.094911116197451,23,61.5686274509804,0.049285888671875,13.0824019908905,163.8815136949722,15,4.663430420711974,149.1962310215916,28.90821698329137,66.15103077888489,36.00312809948882
,38,-2.781795986877238,25,57.05806057831693,0.04550504684448242,13.12790703773499,168.1946288242924,13,4.72258064516129,150.3519493400473,34.37705043106737,67.28865694999695,37.1588464179446
,38,-2.781795986877238,24,57.05806057831693,0.0497589111328125,13.1776659488678,168.1946288242924,14,4.787781350482315,150.3519493400473,34.37705043106737,68.48287081718445,37.1588464179446
,38,-2.781795986877238,23,57.05806057831693,0.04049515724182129,13.21816110610962,168.1946288242924,15,4.849358974358974,150.3519493400473,34.37705043106737,69.41425943374634,37.1588464179446
,38,-2.781795986877238,18,57.05806057831693,0.04421782493591309,13.26237893104553,168.1946288242924,20,4.907348242811501,150.3519493400473,34.37705043106737,70.21018028259277,37.1588464179446
,38,-2.488822766460668,10,57.05806057831693,0.0446159839630127,13.30699491500855,168.487602044709,28,4.949044585987261,150.6449225604639,34.96299687190051,70.6563401222229,37.45181963836117
,38,-1.60990310521095,-4,57.05806057831693,0.04722309112548828,13.35421800613403,169.3665217059587,42,4.965079365079365,151.5238422217136,36.72083619439995,70.84523248672486,38.3307392996109
,38,-1.60990310521095,-20,57.05806057831693,0.04919695854187012,13.4034149646759,169.3665217059587,58,4.936708860759493,151.5238422217136,36.72083619439995,71.82917165756226,38.3307392996109
,38,-1.60990310521095,-34,57.05806057831693,0.06154108047485352,13.46495604515076,169.3665217059587,72,4.858044164037855,151.5238422217136,36.72083619439995,73.92156839370728,38.3307392996109
,38,-2.022201876859686,-38,58.23605706874189,0.05474305152893066,13.51969909667969,169.7788204776074,76,4.735849056603773,151.9361409933624,36.72083619439995,76.00180435180665,38.74303807125964
,38,-2.43343251697566,-39,59.41100175478753,0.04865479469299316,13.56835389137268,170.1900511177234,77,4.601880877742946,152.3473716334783,36.72083619439995,77.89934134483338,39.15426871137561
,38,-2.982452124818796,-40,60.97962920576792,0.04507708549499512,13.61343097686768,170.7390707255665,78,4.465625,152.8963912413215,36.72083619439995,79.70242476463318,39.70328831921874
,38,-2.982452124818796,-39,60.97962920576792,0.04654812812805176,13.65997910499573,170.7390707255665,77,4.327102803738318,152.8963912413215,36.72083619439995,81.5178017616272,39.70328831921874
,38,-2.982452124818796,-39,60.97962920576792,0.04890990257263184,13.70888900756836,170.7390707255665,77,4.192546583850931,152.8963912413215,36.72083619439995,83.42528796195984,39.70328831921874
,38,-2.982452124818796,-36,60.97962920576792,0.04993891716003418,13.75882792472839,170.7390707255665,74,4.058823529411764,152.8963912413215,36.72083619439995,85.22308897972108,39.70328831921874
,38,3.138399328603036,-35,55.48943312733654,0.04816603660583496,13.80699396133423,176.8599221789884,73,3.935185185185185,155.1741054398413,45.11940184634165,86.9089002609253,41.98100251773861
,38,19.23163195239186,-35,40.19684138246737,0.04743003845214844,13.85442399978638,192.9531548027772,73,3.815384615384616,160.5625238422217,66.60105287251088,88.5689516067505,47.36942092011902
,38,30.49355306324864,-34,31.1787594415198,0.04995298385620117,13.90437698364258,204.215075913634,72,3.696319018404908,165.5117875944152,82.81223773556114,90.26735305786133,52.31868467231251
,38,23.71305409323262,-34,40.78583962767988,0.04568004608154297,13.95005702972412,210.99557488365,72,3.581039755351682,165.5673304341192,75.97619592584116,91.82047462463379,52.26314183260854
,38,17.81681544213017,-34,46.47135118638895,0.04145002365112305,13.99150705337525,216.8918135347524,72,3.466463414634146,167.4837109941253,68.16357671473259,93.22977542877197,50.34676127260242
,38,17.81681544213017,-35,46.47135118638895,0.04319286346435547,14.0346999168396,216.8918135347524,73,3.35258358662614,167.4837109941253,68.16357671473259,94.74152565002441,50.34676127260242
,38,21.46677347981994,-36,33.53170061799038,0.04628705978393555,14.08098697662354,220.5417715724422,74,3.236363636363636,172.8915083543145,66.40573739223315,96.4078598022461,44.93896391241321
,38,21.46677347981994,-14,33.53170061799038,0.0535271167755127,14.13451409339905,220.5417715724422,52,3.117824773413897,172.8915083543145,66.40573739223315,97.15723943710328,44.93896391241321
,38,19.71442740520333,27,36.86427100022889,0.05703091621398926,14.19154500961304,222.2941176470588,11,3.066265060240964,173.4719615472649,65.23384451056687,98.69707417488099,45.51941710536354
,38,15.67124437323568,20,30.00076295109484,0.04726791381835938,14.2388129234314,226.3373006790265,18,3.138138138138138,182.3196002136264,52.34302281223775,99.64243245124818,36.67177843900206
,38,6.706416418707558,13,16.27679865720608,0.05999398231506348,14.29880690574646,235.3021286335546,25,3.188622754491018,200.8912031738766,24.80659189745937,100.422354221344,18.10017547875182
,38,0.4602883955138459,10,-0.1968413824673831,0.04106497764587402,14.33987188339233,241.5482566567483,28,3.217910447761194,218.6688792248417,0.7827878233005237,100.8330039978027,0.3224994277866777
,38,-3.550698100251772,7,-0.7827878233005237,0.05018401145935059,14.39005589485169,245.5592431525139,31,3.238095238095238,223.0900282291906,-7.649347676813911,101.1842920780182,-4.098649576562138
,38,-3.550698100251772,5,-0.7827878233005237,0.04634213447570801,14.43639802932739,245.5592431525139,33,3.249258160237389,223.0900282291906,-7.649347676813911,101.4160027503967,-4.098649576562138
,38,-6.295796139467456,6,7.060349431601431,0.05147194862365723,14.48786997795105,248.3043411917297,32,3.254437869822485,225.8351262684062,-7.649347676813911,101.7248344421387,-1.353551537346455
,38,-6.295796139467456,6,7.060349431601431,0.03304409980773926,14.52091407775879,248.3043411917297,32,3.262536873156342,225.8351262684062,-7.649347676813911,101.9230990409851,-1.353551537346455
,38,-9.796063172350651,6,17.06111238269628,0.04564189910888672,14.56655597686768,251.8046082246128,32,3.270588235294118,229.3353933012894,-7.649347676813911,102.1969504356384,2.14671549553674
,38,-7.617685206378267,6,21.76699473563743,0.04021406173706055,14.60677003860474,253.9829861905852,32,3.278592375366569,234.8078889143206,0.001525902189669637,102.4382348060608,7.619211108567937
,38,-8.16670481422141,6,23.33562218661784,0.03710103034973145,14.64387106895447,254.5320057984283,32,3.286549707602339,235.3569085221638,0.001525902189669637,102.6608409881592,8.168230716411079
,38,-8.16670481422141,6,23.33562218661784,0.0404808521270752,14.68435192108154,254.5320057984283,32,3.294460641399417,235.3569085221638,0.001525902189669637,102.9037261009216,8.168230716411079
,38,-10.72625314717327,7,31.76470588235294,0.04140305519104004,14.72575497627258,257.0915541313802,31,3.302325581395349,238.6977187762265,0.7827878233005237,103.1935474872589,11.50904097047379
,38,-16.13893339436943,6,40.78583962767988,0.04050993919372559,14.76626491546631,262.5042343785763,32,3.31304347826087,239.5998321507592,-3.727779049362945,103.4366071224213,12.41115434500649
,38,-19.87373159380483,6,45.29640650034333,0.03555607795715332,14.80182099342346,266.2390325780117,32,3.320809248554913,240.1772335393302,-8.039978637369337,103.6499435901642,11.83375295643549
,38,-19.87373159380483,6,45.29640650034333,0.04382705688476563,14.84564805030823,266.2390325780117,32,3.328530259365994,240.1772335393302,-8.039978637369337,103.9129059314728,11.83375295643549
,38,-22.16823071641108,6,47.64934767681392,0.0661768913269043,14.91182494163513,268.5335317006179,32,3.336206896551724,240.824673838407,-10.98191805905242,104.3099672794342,11.18631265735866
,38,-25.79499504081788,7,51.56786449988555,0.04959797859191895,14.96142292022705,272.1602960250247,31,3.343839541547278,241.7084763866637,-15.49248493171587,104.6571531295776,10.30251010910201
,38,-27.91264209964141,8,60.97962920576792,0.05216503143310547,15.01358795166016,274.2779430838482,30,3.354285714285714,246.1790646219578,-13.13954375524529,105.0744733810425,14.77309834439613
,38,-27.91264209964141,8,60.97962920576792,0.04409313201904297,15.0576810836792,274.2779430838482,30,3.367521367521368,246.1790646219578,-13.13954375524529,105.4272184371948,14.77309834439613
,38,-27.8734264133669,9,66.4698252841993,0.05939698219299316,15.11707806587219,274.3171587701228,29,3.380681818181818,250.0614175631342,-9.217975127794297,105.9617912769318,18.6554512855726
,38,-29.32364385442892,10,71.17570763714046,0.054473876953125,15.17155194282532,275.7673762111848,28,3.396600566572238,251.905317769131,-8.824292362859531,106.506530046463,20.49935149156939
,38,-27.55970092317082,11,71.17570763714046,0.05298304557800293,15.22453498840332,277.5313191424429,27,3.415254237288135,253.6692607003891,-5.296406500343331,107.089343547821,22.26329442282749
,38,-24.91073472190432,12,71.17570763714046,0.06190395355224609,15.28643894195557,280.1802853437094,26,3.436619718309859,256.3182269016556,0.001525902189669637,107.832190990448,24.91226062409399
,38,-24.91073472190432,13,71.17570763714046,0.05111312866210938,15.33755207061768,280.1802853437094,25,3.460674157303371,256.3182269016556,0.001525902189669637,108.4966616630554,24.91226062409399
,38,-24.52010376134889,14,71.17570763714046,0.05603981018066406,15.39359188079834,280.5709163042648,24,3.487394957983193,256.7088578622111,0.7827878233005237,109.2812190055847,25.30289158464942
,38,-24.22713054093232,14,71.17570763714046,0.04520416259765625,15.438796043396,280.8638895246814,24,3.516759776536313,257.0018310826276,1.368734264133664,109.9140772819519,25.59586480506599
,38,-20.32082093537804,14,71.17570763714046,0.05909395217895508,15.49788999557495,284.7701991302356,24,3.545961002785516,260.9081406881819,9.181353475242238,110.7413926124573,29.50217441062028
,38,-15.92622262912947,14,71.17570763714046,0.04895210266113281,15.54684209823608,289.1647974364842,24,3.575,265.3027389944305,17.97055008773938,111.4267220497131,33.89677271686885
,38,-12.41054398413061,14,71.17570763714046,0.04465699195861816,15.5914990901947,292.680476081483,24,3.60387811634349,268.8184176394293,25.00190737773709,112.0519199371338,37.4124513618677
,38,-11.62928206301975,14,71.17570763714046,0.04414987564086914,15.63564896583557,293.4617380025939,24,3.632596685082873,269.5996795605402,26.56443121995881,112.670018196106,38.19371328297856
,38,-11.62928206301975,13,71.17570763714046,0.04733109474182129,15.68298006057739,293.4617380025939,25,3.661157024793388,269.5996795605402,26.56443121995881,113.2853224277496,38.19371328297856
,38,-9.084840161745632,12,67.25413900968949,0.0414738655090332,15.72445392608643,296.006179903868,26,3.686813186813187,269.8003356984817,28.90821698329137,113.783008813858,37.993057145037
,38,-9.084840161745632,10,67.25413900968949,0.04400014877319336,15.76845407485962,296.006179903868,28,3.70958904109589,269.8003356984817,28.90821698329137,114.22301030159,37.993057145037
,38,-9.084840161745632,8,67.25413900968949,0.05180191993713379,15.82025599479675,296.006179903868,30,3.726775956284153,269.8003356984817,28.90821698329137,114.637425661087,37.993057145037
,38,-9.084840161745632,6,67.25413900968949,0.04356908798217773,15.86382508277893,296.006179903868,32,3.73841961852861,269.8003356984817,28.90821698329137,114.8988401889801,37.993057145037
,38,-7.42465857938506,5,67.25413900968949,0.05720281600952148,15.92102789878845,297.6663614862286,33,3.744565217391304,271.4605172808423,32.22858014801251,115.1848542690277,39.65323872739758
,38,-6.350423437857632,4,67.25413900968949,0.04292917251586914,15.96395707130432,298.740596627756,34,3.747967479674797,272.5347524223697,34.37705043106737,115.3565709590912,40.72747386892501
,38,-2.634088654917214,3,63.3325703822385,0.04825091361999512,16.01220798492432,302.4569314106965,35,3.748648648648649,273.5059891660944,39.06462195773251,115.5013236999512,41.69871061264973
,38,0.1003280689707822,1,63.3325703822385,0.04863309860229492,16.06084108352661,305.1913481345844,37,3.746630727762803,276.2404058899824,44.53345540550851,115.5499567985535,44.43312733653772
,38,-0.7232013427939279,-1,65.6855115587091,0.04996490478515625,16.11080598831177,306.0148775463491,39,3.739247311827957,277.0639353017471,44.53345540550851,115.5999217033386,45.25665674830243
,38,0.3109025711451885,-1,66.07919432364387,0.04207897186279297,16.15288496017456,307.0489814602883,39,3.726541554959785,278.3736171511406,46.87724116884108,115.6420006752014,46.56633859769589
,38,0.3109025711451885,-2,66.07919432364387,0.04759407043457031,16.20047903060913,307.0489814602883,40,3.713903743315508,278.3736171511406,46.87724116884108,115.7371888160706,46.56633859769589
,38,-1.472877088578617,-5,71.17570763714046,0.04659199714660645,16.24707102775574,308.832761120012,43,3.698666666666667,280.1573968108644,46.87724116884108,115.9701488018036,48.3501182574197
,38,-1.472877088578617,-8,71.17570763714046,0.04951000213623047,16.29658102989197,308.832761120012,46,3.675531914893617,280.1573968108644,46.87724116884108,116.3662288188934,48.3501182574197
,38,-1.472877088578617,-9,71.17570763714046,0.0440518856048584,16.34063291549683,308.832761120012,47,3.644562334217507,280.1573968108644,46.87724116884108,116.7626957893372,48.3501182574197
,38,-1.472877088578617,-8,71.17570763714046,0.04346418380737305,16.3840970993042,308.832761120012,46,3.611111111111111,280.1573968108644,46.87724116884108,117.1104092597961,48.3501182574197
,38,-1.472877088578617,-8,71.17570763714046,0.0468289852142334,16.43092608451843,308.832761120012,46,3.58047493403694,280.1573968108644,46.87724116884108,117.48504114151,48.3501182574197
,38,-0.6916151674677558,-7,71.17570763714046,0.04127383232116699,16.4721999168396,309.6140230411229,45,3.55,280.9386587319752,48.4397650110628,117.7739579677582,49.13138017853055
,38,-0.6916151674677558,-4,71.17570763714046,0.05402016639709473,16.5262200832367,309.6140230411229,42,3.522309711286089,280.9386587319752,48.4397650110628,117.9900386333466,49.13138017853055
,38,-0.6916151674677558,-1,71.17570763714046,0.04262995719909668,16.56885004043579,309.6140230411229,39,3.502617801047121,280.9386587319752,48.4397650110628,118.0326685905457,49.13138017853055
,38,2.346456092164498,3,63.3325703822385,0.04513692855834961,16.61398696899414,312.6520943007552,35,3.490861618798955,283.3907835507744,49.02571145189594,118.1680793762207,46.67925535973144
,38,5.831158922713055,10,55.88311589227131,0.04504990577697754,16.65903687477112,316.1367971313037,28,3.489583333333333,285.1206988632029,50.78049897001602,118.6185784339905,44.94934004730297
,38,14.84771496147097,12,32.35370412756542,0.05109310150146484,16.71012997627258,325.1533531700616,26,3.506493506493507,292.5747310597391,52.34302281223775,119.2316956520081,37.49530785076677
,38,24.86678873884184,15,3.727779049362945,0.04485106468200684,16.75498104095459,335.1724269474325,23,3.528497409326425,302.5938048371099,52.34302281223775,119.9044616222382,27.4762340733959
,38,27.26581216144046,18,-3.126573586633097,0.0471808910369873,16.80216193199158,337.5714503700311,20,3.558139534883721,304.9928282597085,52.34302281223775,120.7537176609039,25.07721065079729
,38,26.09544518196383,23,-7.032883192187378,0.04857301712036133,16.85073494911194,338.7418173495077,15,3.595360824742268,308.8976119630731,47.26787212939651,121.8708970546722,21.17242694743267
,38,21.17349507896544,28,-4.689097428854816,0.04434013366699219,16.89507508277893,343.6637674525061,10,3.645244215938303,312.1789120317387,39.06462195773251,123.112420797348,17.89112687876707
,38,21.17349507896544,31,-4.689097428854816,0.04002881050109863,16.93510389328003,343.6637674525061,7,3.707692307692308,312.1789120317387,39.06462195773251,124.3533139228821,17.89112687876707
,38,16.32967116807813,34,-3.126573586633097,0.03545212745666504,16.9705560207367,348.5075913633934,4,3.777493606138107,315.9289692530708,30.47074082551309,125.5586862564087,14.14106965743496
,38,14.37651636530099,36,-10.93919279774167,0.03829598426818848,17.00885200500488,350.4607461661705,2,3.854591836734694,323.3509575036239,21.09559777218281,126.9373416900635,6.719081406881819
,38,14.37651636530099,37,-10.93919279774167,0.03199887275695801,17.04085087776184,350.4607461661705,1,3.936386768447837,323.3509575036239,21.09559777218281,128.1212999820709,6.719081406881819
,38,16.23201342793927,36,-18.75181200885024,0.0394740104675293,17.08032488822937,352.3162432288088,2,4.020304568527918,326.9642938887616,19.33775844968338,129.542364358902,3.105745021744106
,38,12.97024490730145,35,-12.50171663996338,0.03950619697570801,17.11983108520508,355.5780117494466,3,4.10126582278481,328.0775921263446,17.18928816662853,130.9250812530518,4.219043259327081
,38,12.97024490730145,35,-12.50171663996338,0.03305792808532715,17.15288901329041,355.5780117494466,3,4.179292929292929,328.0775921263446,17.18928816662853,132.0821087360382,4.219043259327081
,38,12.94094758525979,35,-16.60334172579538,0.03088688850402832,17.18377590179443,355.6073090714883,3,4.256926952141058,330.9780270084687,14.25955596246281,133.1631498336792,1.318608377203025
,38,12.03273060196842,35,-18.75181200885024,0.03791999816894531,17.22169589996338,356.5155260547797,3,4.334170854271357,333.3901731898984,10.93919279774167,134.4903497695923,-1.093537804226746
,38,12.03273060196842,35,-18.75181200885024,0.03396010398864746,17.25565600395203,356.5155260547797,3,4.411027568922306,333.3901731898984,10.93919279774167,135.678953409195,-1.093537804226746
,38,10.86083772030213,34,-18.75181200885024,0.03827190399169922,17.29392790794373,357.6874189364459,4,4.4875,334.5620660715647,8.595407034409098,136.9801981449127,-2.265430685893032
,38,10.86083772030213,34,-18.75181200885024,0.02875018119812012,17.32267808914185,357.6874189364459,4,4.561097256857855,334.5620660715647,8.595407034409098,137.9577043056488,-2.265430685893032
,38,9.7866025787747,34,-18.75181200885024,0.03306293487548828,17.35574102401733,358.7616540779734,4,4.634328358208955,335.6363012130921,6.446936751354237,139.0818440914154,-3.339665827420462
,38,10.07957579919127,34,-18.75181200885024,0.03493905067443848,17.39068007469177,359.0546272983899,4,4.707196029776675,335.9292744335087,7.032883192187378,140.2697718143463,-3.046692607003892
,38,10.07957579919127,34,-18.75181200885024,0.02924299240112305,17.4199230670929,359.0546272983899,4,4.77970297029703,335.9292744335087,7.032883192187378,141.2640335559845,-3.046692607003892
,38,7.833447775997561,34,-14.84550240329595,0.03270196914672852,17.45262503623962,361.3007553215836,4,4.851851851851852,336.417563134203,5.275043869687956,142.3759005069733,-2.558403906309604
,38,11.44678416113527,34,-22.65812161440452,0.03912591934204102,17.49175095558167,364.9140917067213,4,4.923645320197044,338.2730601968412,7.032883192187378,143.7061817646027,-4.413900968947891
,38,11.44678416113527,34,-22.65812161440452,0.04272007942199707,17.53447103500366,364.9140917067213,4,4.995085995085995,338.2730601968412,7.032883192187378,145.1586644649506,-4.413900968947891
,38,12.81399252307927,34,-26.56443121995881,0.03904604911804199,17.57351708412171,366.2813000686653,4,5.066176470588236,339.6402685587852,7.032883192187378,146.486230134964,-5.781109330891892
,38,15.00152590218967,35,-32.81452658884566,0.04138588905334473,17.61490297317505,368.4688334477757,3,5.136919315403423,341.8278019378956,7.032883192187378,147.9347362518311,-7.968642710002291
,38,15.00152590218967,34,-32.81452658884566,0.04481697082519531,17.65971994400025,368.4688334477757,4,5.209756097560976,341.8278019378956,7.032883192187378,149.4585132598877,-7.968642710002291
,38,15.64606698710613,35,-32.42389562829023,0.0432579517364502,17.7029778957367,369.1133745326922,3,5.279805352798054,342.7457846952009,8.595407034409098,150.9725415706635,-7.050659952697029
,38,14.41557946135653,35,-28.90821698329137,0.03519511222839355,17.73817300796509,370.3438620584417,3,5.351941747572815,343.9762722209505,8.595407034409098,152.2043704986572,-5.820172426947429
,38,16.32967116807813,35,-34.37705043106737,0.03248786926269531,17.77066087722778,372.2579537651634,3,5.423728813559322,345.8903639276721,8.595407034409098,153.3414459228516,-7.734264133669028
,38,16.32967116807813,35,-34.37705043106737,0.03133106231689453,17.80199193954468,372.2579537651634,3,5.495169082125604,345.8903639276721,8.595407034409098,154.4380331039429,-7.734264133669028
,38,16.32967116807813,35,-34.37705043106737,0.04210209846496582,17.84409403800964,372.2579537651634,3,5.566265060240964,345.8903639276721,8.595407034409098,155.9116065502167,-7.734264133669028
,38,16.32967116807813,36,-34.37705043106737,0.04162406921386719,17.88571810722351,372.2579537651634,2,5.637019230769231,345.8903639276721,8.595407034409098,157.4100730419159,-7.734264133669028
,38,15.16754406042573,36,-31.05668726634623,0.03294682502746582,17.91866493225098,373.4200808728157,2,5.709832134292566,347.0524910353245,8.595407034409098,158.5961587429047,-6.572137026016629
,38,14.96246280613413,36,-30.47074082551309,0.03228116035461426,17.95094609260559,373.6251621271073,2,5.782296650717703,347.2575722896161,8.595407034409098,159.7582805156708,-6.36705577172503
,38,14.96246280613413,37,-30.47074082551309,0.03857684135437012,17.98952293395996,373.6251621271073,1,5.854415274463007,347.2575722896161,8.595407034409098,161.1856236457825,-6.36705577172503
,38,14.96246280613413,37,-30.47074082551309,0.03509998321533203,18.02462291717529,373.6251621271073,1,5.928571428571429,347.2575722896161,8.595407034409098,162.4843230247498,-6.36705577172503
,38,14.96246280613413,37,-30.47074082551309,0.03035807609558105,18.05498099327087,373.6251621271073,1,6.002375296912114,347.2575722896161,8.595407034409098,163.6075718402862,-6.36705577172503
,38,16.32967116807813,37,-34.37705043106737,0.03593301773071289,18.09091401100159,374.9923704890513,1,6.075829383886256,348.6247806515601,8.595407034409098,164.9370934963226,-7.734264133669028
,38,18.28282597085527,37,-34.37705043106737,0.03169798851013184,18.12261199951172,376.9455252918285,1,6.148936170212766,350.5779354543372,12.50171663996338,166.1099190711975,-5.781109330891888
,38,18.28282597085527,37,-34.37705043106737,0.0298459529876709,18.15245795249939,376.9455252918285,1,6.221698113207547,350.5779354543372,12.50171663996338,167.2142193317413,-5.781109330891888
,38,19.98207064927139,37,-36.72083619439995,0.03762197494506836,18.19007992744446,378.6447699702446,1,6.294117647058823,350.6365300984205,14.25955596246281,168.6062324047089,-5.722514686808574
,38,19.98207064927139,37,-36.72083619439995,0.03266596794128418,18.22274589538574,378.6447699702446,1,6.366197183098592,350.6365300984205,14.25955596246281,169.8148732185364,-5.722514686808574
,38,18.49767299916075,38,-31.64263370717937,0.04069209098815918,18.2634379863739,380.1291676203552,0,6.437939110070258,352.7068741893643,14.84550240329595,171.3611726760864,-3.652170595864802
,38,20.45082780193789,38,-31.64263370717937,0.04125595092773438,18.30469393730164,382.0823224231323,0,6.511682242990654,354.6600289921414,18.75181200885024,172.9288988113403,-1.699015793087661
,38,20.91958495460441,38,-30.47074082551309,0.0359809398651123,18.34067487716675,382.5510795757988,0,6.585081585081585,355.9491111619743,20.50965133134967,174.2961745262146,-0.4099336232547461
,38,20.91958495460441,38,-30.47074082551309,0.03089213371276855,18.37156701087952,382.5510795757988,0,6.658139534883721,355.9491111619743,20.50965133134967,175.4700756072998,-0.4099336232547461
,38,21.21255817502098,38,-30.47074082551309,0.03316593170166016,18.40473294258118,382.8440527962154,0,6.730858468677495,356.2420843823909,21.09559777218281,176.7303810119629,-0.1169604028381759
,38,21.21255817502098,38,-30.47074082551309,0.03394103050231934,18.4386739730835,382.8440527962154,0,6.80324074074074,356.2420843823909,21.09559777218281,178.020140171051,-0.1169604028381759
,38,20.66567483024338,27,-28.90821698329137,0.0491790771484375,18.48785305023194,383.390936140993,11,6.875288683602771,356.7889677271685,21.09559777218281,179.3479752540588,0.4299229419394255
,38,20.66567483024338,24,-28.90821698329137,0.0406639575958252,18.52851700782776,383.390936140993,14,6.921658986175115,356.7889677271685,21.09559777218281,180.3239102363587,0.4299229419394255
,38,20.66567483024338,23,-28.90821698329137,0.03611087799072266,18.56462788581848,383.390936140993,15,6.960919540229885,356.7889677271685,21.09559777218281,181.1544604301453,0.4299229419394255
,38,22.41374837872892,22,-28.32227054245823,0.04391813278198242,18.60854601860046,385.1390096894785,16,6.997706422018348,358.9472037842372,25.00190737773709,182.1206593513489,2.588158999008165
,38,21.79850461585413,21,-26.56443121995881,0.03388285636901855,18.64242887496948,385.7542534523533,17,7.032036613272311,359.562447547112,25.00190737773709,182.8321993350983,3.203402761882963
,38,22.57976653696498,20,-26.56443121995881,0.04420614242553711,18.68663501739502,386.5355153734642,18,7.063926940639269,360.3437094682229,26.56443121995881,183.716322183609,3.984664682993822
,38,22.57976653696498,19,-26.56443121995881,0.03520798683166504,18.72184300422669,386.5355153734642,19,7.093394077448747,360.3437094682229,26.56443121995881,184.3852739334107,3.984664682993822
,38,24.53292133974212,19,-26.56443121995881,0.03510594367980957,18.7569489479065,388.4886701762413,19,7.120454545454545,362.296864271,30.47074082551309,185.052286863327,5.937819485770962
,38,25.11886778057526,18,-22.65812161440452,0.03575396537780762,18.7927029132843,389.0746166170745,20,7.147392290249433,365.6172274357211,34.37705043106737,185.6958582401276,9.258182650492104
,38,25.11886778057526,17,-22.65812161440452,0.0308079719543457,18.82351088523865,389.0746166170745,21,7.171945701357466,365.6172274357211,34.37705043106737,186.2195937633514,9.258182650492104
,38,25.74387731746396,16,-21.09559777218281,0.03466200828552246,18.85817289352417,389.6996261539631,22,7.194130925507901,367.336003662165,36.72083619439995,186.7741858959198,10.97695887693599
,38,25.86106660563058,15,-12.50171663996338,0.03826117515563965,18.89643406867981,389.8168154421298,23,7.213963963963964,373.4689097428852,42.9709315632868,187.3481035232544,17.10986495765622
,38,25.86106660563058,15,-12.50171663996338,0.02982401847839355,18.9262580871582,389.8168154421298,23,7.231460674157304,373.4689097428852,42.9709315632868,187.7954638004303,17.10986495765622
,38,24.68917372396429,14,-8.595407034409098,0.03887081146240234,18.96512889862061,390.9887083237961,24,7.248878923766816,375.0314335851069,43.36156252384223,188.3396551609039,18.67238879987793
,38,24.68917372396429,14,-8.595407034409098,0.03440499305725098,18.99953389167786,390.9887083237961,24,7.263982102908278,375.0314335851069,43.36156252384223,188.8213250637055,18.67238879987793
,38,22.54070344090944,14,-0.7827878233005237,0.04521703720092773,19.04475092887878,393.1371786068509,24,7.279017857142857,378.351796749828,44.53345540550851,189.4543635845184,21.99275196459907
,38,21.78553444724193,14,1.374837872892343,0.04975605010986328,19.09450697898865,393.8923476005184,24,7.293986636971047,379.1069657434956,44.53345540550851,190.1509482860565,22.74792095826657
,38,20.99893186846723,14,5.296406500343331,0.04903006553649902,19.14353704452515,394.6789501792931,24,7.308888888888889,381.0654612039365,45.7053482871748,190.8373692035675,24.70641641870756
,38,22.36614023041124,15,5.296406500343331,0.04552698135375977,19.18906402587891,396.0461585412371,23,7.323725055432372,382.4326695658805,48.4397650110628,191.5202739238739,26.07362478065157
,38,21.7487602044709,15,7.060349431601431,0.05206704139709473,19.241131067276,396.6635385671775,23,7.34070796460177,383.0500495918209,48.4397650110628,192.3012795448303,26.6910048065919
,38,21.95490959029527,15,6.471351186388952,0.0590050220489502,19.30013608932495,396.8696879530018,23,7.357615894039735,383.2561989776453,48.4397650110628,193.1863548755646,26.48485542076753
,38,22.36614023041124,15,5.296406500343331,0.04865097999572754,19.34878706932068,397.2809185931177,23,7.374449339207048,383.6674296177612,48.4397650110628,193.9161195755005,26.07362478065157
,38,22.36614023041124,16,5.296406500343331,0.0533750057220459,19.40216207504273,397.2809185931177,22,7.391208791208792,383.6674296177612,48.4397650110628,194.7701196670532,26.07362478065157
,38,22.36614023041124,16,5.296406500343331,0.04861593246459961,19.45077800750733,397.2809185931177,22,7.410087719298246,383.6674296177612,48.4397650110628,195.5479745864868,26.07362478065157
,38,23.73868925001908,16,1.374837872892343,0.06096792221069336,19.51174592971802,398.6534676127256,22,7.428884026258205,385.039978637369,48.4397650110628,196.5234613418579,24.70107576104372
,38,23.73868925001908,16,1.374837872892343,0.05127406120300293,19.56301999092102,398.6534676127256,22,7.447598253275109,385.039978637369,48.4397650110628,197.343846321106,24.70107576104372
,38,23.73868925001908,15,1.374837872892343,0.05744194984436035,19.62046194076538,398.6534676127256,23,7.466230936819172,385.039978637369,48.4397650110628,198.2054755687714,24.70107576104372
,38,23.73868925001908,15,1.374837872892343,0.04328298568725586,19.66374492645264,398.6534676127256,23,7.482608695652174,385.039978637369,48.4397650110628,198.8547203540802,24.70107576104372
,38,23.53360799572748,13,1.960784313725483,0.05280804634094238,19.71655297279358,398.8585488670172,25,7.498915401301518,385.2450598916606,48.4397650110628,199.5412249565124,24.90615701533532
,38,23.73868925001908,13,1.374837872892343,0.0501561164855957,19.76670908927917,399.0636301213088,25,7.510822510822511,385.4501411459522,48.4397650110628,200.1932544708252,24.70107576104372
,38,21.7487602044709,11,7.060349431601431,0.05320286750793457,19.81991195678711,401.053559166857,27,7.52267818574514,387.4400701915004,48.4397650110628,200.7784860134125,26.6910048065919
,38,18.79751277943085,9,15.49248493171587,0.05273795127868652,19.8726499080658,404.004806591897,29,7.530172413793103,390.3913176165405,48.4397650110628,201.2531275749207,29.64225223163195
,38,11.91386282139316,8,21.76699473563743,0.06559205055236816,19.93824195861817,410.8884565499347,30,7.533333333333333,392.882810711833,39.06462195773251,201.7778639793396,27.15075913633936
,38,9.570077058060582,8,21.76699473563743,0.04390406608581543,19.98214602470398,413.2322423132672,30,7.534334763948498,395.2265964751656,34.37705043106737,202.1290965080261,24.80697337300679
,38,11.21713588158999,8,17.06111238269628,0.05144906044006348,20.03359508514404,414.8793011367967,30,7.535331905781584,396.873655298695,34.37705043106737,202.5406889915466,23.15991454947738
,38,10.5736629282063,8,16.66742961776151,0.05048394203186035,20.08407902717591,415.5227740901804,30,7.536324786324786,397.792706187533,32.81452658884566,202.9445605278015,22.24086366063936
,38,10.5736629282063,8,16.66742961776151,0.04845404624938965,20.13253307342529,415.5227740901804,30,7.537313432835821,397.792706187533,32.81452658884566,203.3321928977966,22.24086366063936
,38,10.98489356832228,8,15.49248493171587,0.0425269603729248,20.17506003379822,415.9340047302964,30,7.538297872340426,398.2039368276489,32.81452658884566,203.67240858078,21.82963302052338
,38,10.98489356832228,8,15.49248493171587,0.0538170337677002,20.22887706756592,415.9340047302964,30,7.53927813163482,398.2039368276489,32.81452658884566,204.1029448509216,21.82963302052338
,38,8.788815136949728,8,21.76699473563743,0.04792881011962891,20.27680587768555,418.1300831616689,30,7.540254237288136,400.4000152590215,32.81452658884566,204.4863753318787,24.02571145189593
,38,8.788815136949728,7,21.76699473563743,0.05401301383972168,20.33081889152527,418.1300831616689,31,7.54122621564482,400.4000152590215,32.81452658884566,204.8644664287567,24.02571145189593
,38,8.788815136949728,7,21.76699473563743,0.04357719421386719,20.37439608573913,418.1300831616689,31,7.540084388185654,400.4000152590215,32.81452658884566,205.1695067882538,24.02571145189593
,38,8.788815136949728,8,21.76699473563743,0.05021786689758301,20.42461395263672,418.1300831616689,30,7.538947368421053,400.4000152590215,32.81452658884566,205.5712497234345,24.02571145189593
,38,8.239795529106585,8,23.33562218661784,0.04752707481384277,20.47214102745056,418.679102769512,30,7.539915966386554,400.9490348668646,32.81452658884566,205.9514663219452,24.57473105973907
,38,8.239795529106585,9,23.33562218661784,0.05408906936645508,20.52623009681702,418.679102769512,29,7.540880503144654,400.9490348668646,32.81452658884566,206.4382679462433,24.57473105973907
,38,8.239795529106585,10,23.33562218661784,0.05481386184692383,20.58104395866394,418.679102769512,28,7.543933054393306,400.9490348668646,32.81452658884566,206.9864065647125,24.57473105973907
,38,8.239795529106585,10,23.33562218661784,0.04139995574951172,20.62244391441345,418.679102769512,28,7.549060542797495,400.9490348668646,32.81452658884566,207.4004061222076,24.57473105973907
,38,8.239795529106585,10,23.33562218661784,0.04533219337463379,20.66777610778809,418.679102769512,28,7.554166666666666,400.9490348668646,32.81452658884566,207.853728055954,24.57473105973907
,38,10.98489356832228,4,15.49248493171587,0.05735278129577637,20.72512888908386,421.4242008087277,34,7.559251559251559,403.6941329060803,32.81452658884566,208.0831391811371,21.82963302052338
