abs_avik=calc,avvik=calc,PowerD=calc,joySide=meas,Ts=calc,Tid=meas,joyForward=meas,TvD=calc,Lys=meas,refferanse=calc,TvA=calc,MAEList=calc,IAEList=calc,PowerA=calc
Lys0=38
,0,3.49609375,-0.78125,0.005,0,6.4453125,0,38,38,0,0,0,2.94921875
,0,4.82421875,-0.390625,0.02060508728027344,0.02060508728027344,9.375,1.328125,38,38,1.6015625,0,0,4.55078125
,0,4.82421875,-0.390625,0.0063629150390625,0.02696800231933594,9.375,1.328125,38,38,1.6015625,0,0,4.55078125
,0,4.82421875,-0.390625,0.01602411270141602,0.04299211502075195,9.375,1.328125,38,38,1.6015625,0,0,4.55078125
,0,4.82421875,-0.390625,0.0080718994140625,0.05106401443481445,9.375,1.328125,38,38,1.6015625,0,0,4.55078125
,0,4.82421875,-0.390625,0.01004314422607422,0.06110715866088867,9.375,1.328125,38,38,1.6015625,0,0,4.55078125
,0,5.99609375,-0.390625,0.01502490043640137,0.07613205909729004,11.71875,2.5,38,38,2.7734375,0,0,5.72265625
,0,6.6796875,-0.390625,0.01499795913696289,0.09113001823425293,13.0859375,3.18359375,38,38,3.45703125,0,0,6.40625
,0,6.6796875,-0.390625,0.007218122482299805,0.09834814071655273,13.0859375,3.18359375,38,38,3.45703125,0,0,6.40625
,0,6.6796875,-0.390625,0.007989883422851563,0.1063380241394043,13.0859375,3.18359375,38,38,3.45703125,0,0,6.40625
,0,8.33984375,-0.390625,0.009449958801269531,0.1157879829406738,16.40625,4.84375,38,38,5.1171875,0,0,8.06640625
,0,8.33984375,-0.390625,0.008979082107543945,0.1247670650482178,16.40625,4.84375,38,38,5.1171875,0,0,8.06640625
,0,8.33984375,-0.390625,0.00527191162109375,0.1300389766693115,16.40625,4.84375,38,38,5.1171875,0,0,8.06640625
,0,8.33984375,-0.390625,0.008985996246337891,0.1390249729156494,16.40625,4.84375,38,38,5.1171875,0,0,8.06640625
,0,8.4375,-0.390625,0.007700204849243164,0.1467251777648926,16.6015625,4.94140625,38,38,5.21484375,0,0,8.1640625
,0,8.4375,-0.390625,0.006181001663208008,0.1529061794281006,16.6015625,4.94140625,38,38,5.21484375,0,0,8.1640625
,0,9.4140625,-0.390625,0.008714914321899414,0.16162109375,18.5546875,5.91796875,38,38,6.19140625,0,0,9.140625
,0,9.4140625,-0.390625,0.004939079284667969,0.166560173034668,18.5546875,5.91796875,38,38,6.19140625,0,0,9.140625
,0,11.85546875,-0.390625,0.0142369270324707,0.1807971000671387,23.4375,8.359375,38,38,8.6328125,0,0,11.58203125
,0,12.63671875,-0.390625,0.01378202438354492,0.1945791244506836,25.0,9.140625,38,38,9.4140625,0,0,12.36328125
,0,12.63671875,-0.390625,0.007055044174194336,0.2016341686248779,25.0,9.140625,38,38,9.4140625,0,0,12.36328125
,0,13.80859375,-0.390625,0.007091999053955078,0.208726167678833,27.34375,10.3125,38,38,10.5859375,0,0,13.53515625
,0,13.80859375,-0.390625,0.007272958755493164,0.2159991264343262,27.34375,10.3125,38,38,10.5859375,0,0,13.53515625
,-1,13.90625,-0.390625,0.007036924362182617,0.2230360507965088,27.5390625,10.41015625,39,38,10.68359375,0,0.007036924362182617,13.6328125
,0,14.58984375,-0.390625,0.01052308082580566,0.2335591316223145,28.90625,11.09375,38,38,11.3671875,-0.04166666666666666,0.007036924362182617,14.31640625
,0,15.37109375,-0.390625,0.01024794578552246,0.2438070774078369,30.46875,11.875,38,38,12.1484375,-0.04,0.007036924362182617,15.09765625
,0,15.37109375,-0.390625,0.00311589241027832,0.2469229698181152,30.46875,11.875,38,38,12.1484375,-0.03846153846153846,0.007036924362182617,15.09765625
,0,16.15234375,-0.390625,0.01920223236083984,0.2661252021789551,32.03125,12.65625,38,38,12.9296875,-0.03703703703703703,0.007036924362182617,15.87890625
,0,16.15234375,-0.390625,0.009908914566040039,0.2760341167449951,32.03125,12.65625,38,38,12.9296875,-0.03571428571428571,0.007036924362182617,15.87890625
,0,16.15234375,-0.390625,0.01072287559509277,0.2867569923400879,32.03125,12.65625,38,38,12.9296875,-0.03448275862068966,0.007036924362182617,15.87890625
,0,16.15234375,-0.390625,0.01330208778381348,0.3000590801239014,32.03125,12.65625,38,38,12.9296875,-0.03333333333333333,0.007036924362182617,15.87890625
,0,16.484375,1.171875,0.009047031402587891,0.3091061115264893,33.7890625,12.98828125,38,38,14.35546875,-0.03225806451612903,0.007036924362182617,17.3046875
,0,16.6796875,1.171875,0.01197290420532227,0.3210790157318115,34.1796875,13.18359375,38,38,14.55078125,-0.03125,0.007036924362182617,17.5
,0,16.6796875,1.171875,0.00495600700378418,0.3260350227355957,34.1796875,13.18359375,38,38,14.55078125,-0.0303030303030303,0.007036924362182617,17.5
,0,16.6796875,1.171875,0.009869098663330078,0.3359041213989258,34.1796875,13.18359375,38,38,14.55078125,-0.02941176470588236,0.007036924362182617,17.5
,1,16.40625,3.90625,0.03024697303771973,0.3661510944366455,35.546875,13.45703125,37,38,16.19140625,-0.02857142857142857,0.03728389739990234,19.140625
,1,16.40625,3.90625,0.008905887603759766,0.3750569820404053,35.546875,13.45703125,37,38,16.19140625,0,0.04618978500366211,19.140625
,1,17.3828125,3.90625,0.01982021331787109,0.3948771953582764,37.5,14.43359375,37,38,17.16796875,0.02702702702702703,0.0660099983215332,20.1171875
,1,19.3359375,3.90625,0.02118182182312012,0.4160590171813965,41.40625,16.38671875,37,38,19.12109375,0.05263157894736842,0.08719182014465332,22.0703125
,0,19.3359375,3.90625,0.009057044982910156,0.4251160621643066,41.40625,16.38671875,38,38,19.12109375,0.07692307692307693,0.08719182014465332,22.0703125
,0,19.3359375,3.90625,0.008907079696655273,0.4340231418609619,41.40625,16.38671875,38,38,19.12109375,0.075,0.08719182014465332,22.0703125
,0,19.3359375,3.90625,0.007524967193603516,0.4415481090545654,41.40625,16.38671875,38,38,19.12109375,0.07317073170731707,0.08719182014465332,22.0703125
,0,19.3359375,3.90625,0.004487037658691406,0.4460351467132568,41.40625,16.38671875,38,38,19.12109375,0.07142857142857142,0.08719182014465332,22.0703125
,-1,20.1171875,3.90625,0.0197899341583252,0.465825080871582,42.96875,17.16796875,39,38,19.90234375,0.06976744186046512,0.1069817543029785,22.8515625
,-1,20.1171875,3.90625,0.007592916488647461,0.4734179973602295,42.96875,17.16796875,39,38,19.90234375,0.04545454545454546,0.114574670791626,22.8515625
,-2,20.1171875,3.90625,0.007673025131225586,0.4810910224914551,42.96875,17.16796875,40,38,19.90234375,0.02222222222222222,0.1299207210540771,22.8515625
,-3,18.1640625,3.90625,0.02172994613647461,0.5028209686279297,39.0625,19.12109375,41,38,21.85546875,-0.02173913043478261,0.195110559463501,20.8984375
,-3,18.1640625,3.90625,0.006975173950195313,0.509796142578125,39.0625,19.12109375,41,38,21.85546875,-0.0851063829787234,0.2160360813140869,20.8984375
,-5,18.1640625,3.90625,0.02378296852111816,0.5335791110992432,39.0625,19.12109375,43,38,21.85546875,-0.1458333333333333,0.3349509239196777,20.8984375
,-5,18.1640625,3.90625,0.003125905990600586,0.5367050170898438,39.0625,19.12109375,43,38,21.85546875,-0.2448979591836735,0.3505804538726807,20.8984375
,-5,18.1640625,3.90625,0.006973981857299805,0.5436789989471436,39.0625,19.12109375,43,38,21.85546875,-0.34,0.3854503631591797,20.8984375
,-5,18.1640625,3.90625,0.02203607559204102,0.5657150745391846,39.0625,19.12109375,43,38,21.85546875,-0.4313725490196079,0.4956307411193848,20.8984375
,-5,18.1640625,3.90625,0.01196503639221191,0.5776801109313965,39.0625,19.12109375,43,38,21.85546875,-0.5192307692307693,0.5554559230804443,20.8984375
,-5,17.6171875,5.46875,0.008275032043457031,0.5859551429748535,39.0625,19.66796875,43,38,22.40234375,-0.6037735849056603,0.5968310832977295,21.4453125
,-5,17.6171875,5.46875,0.01052403450012207,0.5964791774749756,39.0625,19.66796875,43,38,22.40234375,-0.6851851851851852,0.6494512557983398,21.4453125
,-5,17.6171875,5.46875,0.007198810577392578,0.6036779880523682,39.0625,19.66796875,43,38,22.40234375,-0.7636363636363637,0.6854453086853027,21.4453125
,-5,16.66015625,8.203125,0.01475620269775391,0.6184341907501221,39.0625,20.625,43,38,23.359375,-0.8392857142857142,0.7592263221740723,22.40234375
,-5,16.66015625,8.203125,0.002574920654296875,0.6210091114044189,39.0625,20.625,43,38,23.359375,-0.912280701754386,0.7721009254455566,22.40234375
,-5,16.66015625,8.203125,0.006617069244384766,0.6276261806488037,39.0625,20.625,43,38,23.359375,-0.9827586206896552,0.8051862716674805,22.40234375
,-5,13.65234375,12.890625,0.01525187492370605,0.6428780555725098,36.328125,23.6328125,43,38,23.6328125,-1.050847457627119,0.8814456462860107,22.67578125
,-5,13.65234375,12.890625,0.007981061935424805,0.6508591175079346,36.328125,23.6328125,43,38,23.6328125,-1.116666666666667,0.9213509559631348,22.67578125
,-5,11.923828125,15.0390625,0.01566100120544434,0.6665201187133789,34.375,25.361328125,43,38,23.857421875,-1.180327868852459,0.9996559619903564,22.451171875
,-5,12.060546875,14.6484375,0.01134586334228516,0.6778659820556641,34.375,25.498046875,43,38,23.994140625,-1.241935483870968,1.056385278701782,22.314453125
,-6,11.923828125,15.0390625,0.02190613746643066,0.6997721195220947,34.375,25.634765625,44,38,24.130859375,-1.301587301587302,1.187822103500366,22.451171875
,-6,11.923828125,15.0390625,0.02068591117858887,0.7204580307006836,34.375,25.634765625,44,38,24.130859375,-1.375,1.311937570571899,22.451171875
,-5,11.923828125,15.0390625,0.009932994842529297,0.7303910255432129,34.375,25.634765625,43,38,24.130859375,-1.446153846153846,1.361602544784546,22.451171875
,-5,11.923828125,15.0390625,0.007842063903808594,0.7382330894470215,34.375,25.634765625,43,38,24.130859375,-1.5,1.400812864303589,22.451171875
,-5,11.923828125,15.0390625,0.02683496475219727,0.7650680541992188,34.375,25.634765625,43,38,24.130859375,-1.552238805970149,1.534987688064575,22.451171875
,-4,11.923828125,15.0390625,0.01109004020690918,0.7761580944061279,34.375,25.634765625,42,38,24.130859375,-1.602941176470588,1.579347848892212,22.451171875
,-4,11.923828125,15.0390625,0.02692604064941406,0.803084135055542,34.375,25.634765625,42,38,24.130859375,-1.63768115942029,1.687052011489868,22.451171875
,-4,11.923828125,15.0390625,0.01495885848999023,0.8180429935455322,34.375,25.634765625,42,38,24.130859375,-1.671428571428572,1.746887445449829,22.451171875
,-4,11.923828125,15.0390625,0.006481170654296875,0.8245241641998291,34.375,25.634765625,42,38,24.130859375,-1.704225352112676,1.772812128067017,22.451171875
,-3,11.923828125,15.0390625,0.03152680397033691,0.856050968170166,34.375,25.634765625,41,38,24.130859375,-1.736111111111111,1.867392539978027,22.451171875
,-3,11.923828125,15.0390625,0.01103019714355469,0.8670811653137207,34.375,25.634765625,41,38,24.130859375,-1.753424657534246,1.900483131408691,22.451171875
,-3,11.923828125,15.0390625,0.01782488822937012,0.8849060535430908,34.375,25.634765625,41,38,24.130859375,-1.77027027027027,1.953957796096802,22.451171875
,-3,11.923828125,15.0390625,0.01529312133789063,0.9001991748809814,34.375,25.634765625,41,38,24.130859375,-1.786666666666667,1.999837160110474,22.451171875
,-3,11.923828125,15.0390625,0.006690025329589844,0.9068892002105713,34.375,25.634765625,41,38,24.130859375,-1.802631578947368,2.019907236099243,22.451171875
,-3,11.923828125,15.0390625,0.009047985076904297,0.9159371852874756,34.375,25.634765625,41,38,24.130859375,-1.818181818181818,2.047051191329956,22.451171875
,-3,11.923828125,15.0390625,0.02310585975646973,0.9390430450439453,34.375,25.634765625,41,38,24.130859375,-1.833333333333333,2.116368770599365,22.451171875
,-3,11.923828125,15.0390625,0.009492158889770508,0.9485352039337158,34.375,25.634765625,41,38,24.130859375,-1.848101265822785,2.144845247268677,22.451171875
,-2,11.923828125,15.0390625,0.03970789909362793,0.9882431030273438,34.375,25.634765625,40,38,24.130859375,-1.8625,2.224261045455933,22.451171875
,-2,11.923828125,15.0390625,0.01019501686096191,0.9984381198883057,34.375,25.634765625,40,38,24.130859375,-1.864197530864198,2.244651079177856,22.451171875
,-2,11.923828125,15.0390625,0.005680084228515625,1.004118204116821,34.375,25.634765625,40,38,24.130859375,-1.865853658536586,2.256011247634888,22.451171875
,-2,13.49609375,10.546875,0.02612996101379395,1.030248165130615,34.375,27.20703125,40,38,25.703125,-1.867469879518072,2.308271169662476,20.87890625
,-2,13.49609375,10.546875,0.006374835968017578,1.036623001098633,34.375,27.20703125,40,38,25.703125,-1.869047619047619,2.321020841598511,20.87890625
,-2,13.49609375,10.546875,0.008427143096923828,1.045050144195557,34.375,27.20703125,40,38,25.703125,-1.870588235294118,2.337875127792358,20.87890625
,-2,16.728515625,8.0078125,0.02297687530517578,1.068027019500732,39.0625,30.439453125,40,38,27.158203125,-1.872093023255814,2.38382887840271,22.333984375
,-2,16.728515625,8.0078125,0.01045513153076172,1.078482151031494,39.0625,30.439453125,40,38,27.158203125,-1.873563218390805,2.404739141464233,22.333984375
,-1,20.1171875,3.90625,0.03909683227539063,1.117578983306885,42.96875,33.828125,39,38,27.67578125,-1.875,2.443835973739624,22.8515625
,-1,20.1171875,3.90625,0.009436130523681641,1.127015113830566,42.96875,33.828125,39,38,27.67578125,-1.865168539325843,2.453272104263306,22.8515625
,-1,20.1171875,3.90625,0.01179790496826172,1.138813018798828,42.96875,33.828125,39,38,27.67578125,-1.855555555555556,2.465070009231567,22.8515625
,-1,21.6796875,3.90625,0.02729010581970215,1.16610312461853,46.09375,35.390625,39,38,29.23828125,-1.846153846153846,2.49236011505127,24.4140625
,-1,21.6796875,3.90625,0.01002192497253418,1.176125049591064,46.09375,35.390625,39,38,29.23828125,-1.83695652173913,2.502382040023804,24.4140625
,-1,21.6796875,3.90625,0.00887608528137207,1.185001134872437,46.09375,35.390625,39,38,29.23828125,-1.827956989247312,2.511258125305176,24.4140625
,-1,23.212890625,1.7578125,0.0179288387298584,1.202929973602295,47.65625,36.923828125,39,38,29.267578125,-1.819148936170213,2.529186964035034,24.443359375
,-1,23.212890625,1.7578125,0.005708217620849609,1.208638191223145,47.65625,36.923828125,39,38,29.267578125,-1.810526315789474,2.534895181655884,24.443359375
,-1,23.212890625,1.7578125,0.02184081077575684,1.230479001998901,47.65625,36.923828125,39,38,29.267578125,-1.802083333333333,2.556735992431641,24.443359375
,-1,23.212890625,1.7578125,0.007061004638671875,1.237540006637573,47.65625,36.923828125,39,38,29.267578125,-1.793814432989691,2.563796997070313,24.443359375
,-1,25.361328125,1.7578125,0.01846218109130859,1.256002187728882,51.953125,39.072265625,39,38,31.416015625,-1.785714285714286,2.582259178161621,26.591796875
,-1,25.947265625,1.7578125,0.009831905364990234,1.265834093093872,53.125,39.658203125,39,38,32.001953125,-1.777777777777778,2.592091083526611,27.177734375
,-1,25.947265625,1.7578125,0.0082550048828125,1.274089097976685,53.125,39.658203125,39,38,32.001953125,-1.77,2.600346088409424,27.177734375
,-1,25.947265625,1.7578125,0.005981922149658203,1.280071020126343,53.125,39.658203125,39,38,32.001953125,-1.762376237623762,2.606328010559082,27.177734375
,-1,25.947265625,1.7578125,0.01738595962524414,1.297456979751587,53.125,39.658203125,39,38,32.001953125,-1.754901960784314,2.623713970184326,27.177734375
,-1,25.947265625,1.7578125,0.007405996322631836,1.304862976074219,53.125,39.658203125,39,38,32.001953125,-1.747572815533981,2.631119966506958,27.177734375
,-1,26.728515625,1.7578125,0.02722620964050293,1.332089185714722,54.6875,40.439453125,39,38,32.783203125,-1.740384615384615,2.658346176147461,27.958984375
,-1,26.728515625,1.7578125,0.008266925811767578,1.340356111526489,54.6875,40.439453125,39,38,32.783203125,-1.733333333333333,2.666613101959229,27.958984375
,-1,26.728515625,1.7578125,0.01783394813537598,1.358190059661865,54.6875,40.439453125,39,38,32.783203125,-1.726415094339623,2.684447050094604,27.958984375
,-1,27.900390625,1.7578125,0.01249909400939941,1.370689153671265,57.03125,41.611328125,39,38,33.955078125,-1.719626168224299,2.696946144104004,29.130859375
,-1,27.900390625,1.7578125,0.009013891220092773,1.379703044891357,57.03125,41.611328125,39,38,33.955078125,-1.712962962962963,2.705960035324097,29.130859375
,-1,26.728515625,1.7578125,0.01849913597106934,1.398202180862427,54.6875,42.783203125,39,38,35.126953125,-1.706422018348624,2.724459171295166,27.958984375
,-1,26.728515625,1.7578125,0.007550954818725586,1.405753135681152,54.6875,42.783203125,39,38,35.126953125,-1.7,2.732010126113892,27.958984375
,-1,26.728515625,1.7578125,0.004827976226806641,1.410581111907959,54.6875,42.783203125,39,38,35.126953125,-1.693693693693694,2.736838102340698,27.958984375
,-1,26.728515625,1.7578125,0.03518390655517578,1.445765018463135,54.6875,42.783203125,39,38,35.126953125,-1.6875,2.772022008895874,27.958984375
,0,26.728515625,1.7578125,0.00315403938293457,1.448919057846069,54.6875,42.783203125,38,38,35.126953125,-1.68141592920354,2.772022008895874,27.958984375
,0,26.728515625,1.7578125,0.009313106536865234,1.458232164382935,54.6875,42.783203125,38,38,35.126953125,-1.666666666666667,2.772022008895874,27.958984375
,0,25.9765625,3.90625,0.02661490440368652,1.484847068786621,54.6875,43.53515625,38,38,35.87890625,-1.652173913043478,2.772022008895874,28.7109375
,0,25.9765625,3.90625,0.01335692405700684,1.498203992843628,54.6875,43.53515625,38,38,35.87890625,-1.637931034482759,2.772022008895874,28.7109375
,0,25.9765625,3.90625,0.01728701591491699,1.515491008758545,54.6875,43.53515625,38,38,35.87890625,-1.623931623931624,2.772022008895874,28.7109375
,0,25.9765625,3.90625,0.02610516548156738,1.541596174240112,54.6875,43.53515625,38,38,35.87890625,-1.610169491525424,2.772022008895874,28.7109375
,0,25.9765625,3.90625,0.005846977233886719,1.547443151473999,54.6875,43.53515625,38,38,35.87890625,-1.596638655462185,2.772022008895874,28.7109375
,0,26.171875,3.90625,0.02160501480102539,1.569048166275024,55.078125,43.73046875,38,38,36.07421875,-1.583333333333333,2.772022008895874,28.90625
,0,26.171875,3.90625,0.008056879043579102,1.577105045318604,55.078125,43.73046875,38,38,36.07421875,-1.570247933884298,2.772022008895874,28.90625
,0,26.171875,3.90625,0.0114140510559082,1.588519096374512,55.078125,43.73046875,38,38,36.07421875,-1.557377049180328,2.772022008895874,28.90625
,0,27.1484375,3.90625,0.02014398574829102,1.608663082122803,57.03125,44.70703125,38,38,37.05078125,-1.544715447154472,2.772022008895874,29.8828125
,0,27.1484375,3.90625,0.005497932434082031,1.614161014556885,57.03125,44.70703125,38,38,37.05078125,-1.532258064516129,2.772022008895874,29.8828125
,-1,26.46484375,3.90625,0.02284908294677734,1.637010097503662,55.6640625,45.390625,39,38,37.734375,-1.52,2.794871091842651,29.19921875
,0,27.28515625,1.5625,0.01196503639221191,1.648975133895874,55.6640625,46.2109375,38,38,38.5546875,-1.515873015873016,2.794871091842651,28.37890625
,-1,27.28515625,1.5625,0.01372790336608887,1.662703037261963,55.6640625,46.2109375,39,38,38.5546875,-1.503937007874016,2.80859899520874,28.37890625
,-1,29.296875,0,0.03328800201416016,1.695991039276123,58.59375,48.22265625,39,38,39.47265625,-1.5,2.8418869972229,29.296875
,-2,29.296875,0,0.009894132614135742,1.705885171890259,58.59375,48.22265625,40,38,39.47265625,-1.496124031007752,2.861675262451172,29.296875
,-2,31.064453125,-0.5859375,0.02013587951660156,1.72602105140686,61.71875,49.990234375,40,38,40.830078125,-1.5,2.901947021484375,30.654296875
,-2,32.5,-4.6875,0.01896405220031738,1.744985103607178,61.71875,51.42578125,40,38,42.265625,-1.50381679389313,2.93987512588501,29.21875
,-1,32.5,-4.6875,0.01580095291137695,1.760786056518555,61.71875,51.42578125,39,38,42.265625,-1.507575757575758,2.955676078796387,29.21875
,-1,32.5,-4.6875,0.007972955703735352,1.76875901222229,61.71875,51.42578125,39,38,42.265625,-1.503759398496241,2.963649034500122,29.21875
,-1,31.1328125,-0.78125,0.0163581371307373,1.785117149353027,61.71875,52.79296875,39,38,43.6328125,-1.5,2.980007171630859,30.5859375
,-1,31.1328125,-0.78125,0.007679939270019531,1.792797088623047,61.71875,52.79296875,39,38,43.6328125,-1.496296296296296,2.987687110900879,30.5859375
,-1,30.99609375,-0.390625,0.02508902549743652,1.817886114120483,61.71875,52.9296875,39,38,43.76953125,-1.492647058823529,3.012776136398315,30.72265625
,-1,30.99609375,-0.390625,0.005711078643798828,1.823597192764282,61.71875,52.9296875,39,38,43.76953125,-1.489051094890511,3.018487215042114,30.72265625
,-1,30.99609375,-0.390625,0.01854085922241211,1.842138051986694,61.71875,52.9296875,39,38,43.76953125,-1.485507246376812,3.037028074264526,30.72265625
,-1,32.5,-4.6875,0.01198506355285645,1.854123115539551,61.71875,54.43359375,39,38,45.2734375,-1.482014388489208,3.049013137817383,29.21875
,-1,32.5,-4.6875,0.008566856384277344,1.862689971923828,61.71875,54.43359375,39,38,45.2734375,-1.478571428571429,3.05757999420166,29.21875
,-1,32.5,-4.6875,0.006080150604248047,1.868770122528076,61.71875,54.43359375,39,38,45.2734375,-1.475177304964539,3.063660144805908,29.21875
,-1,32.91015625,-5.859375,0.02402687072753906,1.892796993255615,61.71875,54.84375,39,38,45.68359375,-1.471830985915493,3.087687015533447,28.80859375
,-2,32.91015625,-5.859375,0.01397418975830078,1.906771183013916,61.71875,54.84375,40,38,45.68359375,-1.468531468531468,3.115635395050049,28.80859375
,-3,32.3046875,-0.78125,0.03818988800048828,1.944961071014404,64.0625,55.44921875,41,38,48.6328125,-1.472222222222222,3.230205059051514,31.7578125
,-3,32.3046875,-0.78125,0.0116889476776123,1.956650018692017,64.0625,55.44921875,41,38,48.6328125,-1.482758620689655,3.265271902084351,31.7578125
,-3,32.3046875,-0.78125,0.009298086166381836,1.965948104858398,64.0625,55.44921875,41,38,48.6328125,-1.493150684931507,3.293166160583496,31.7578125
,-5,32.36328125,-0.390625,0.0305778980255127,1.996526002883911,64.453125,55.5078125,43,38,48.96484375,-1.503401360544218,3.44605565071106,32.08984375
,-5,32.94921875,-0.390625,0.01450419425964355,2.011030197143555,65.625,56.09375,43,38,49.55078125,-1.527027027027027,3.518576622009277,32.67578125
,-5,32.94921875,-0.390625,0.006984949111938477,2.018015146255493,65.625,56.09375,43,38,49.55078125,-1.550335570469799,3.55350136756897,32.67578125
,-5,32.94921875,-0.390625,0.02313995361328125,2.041155099868774,65.625,56.09375,43,38,49.55078125,-1.573333333333333,3.669201135635376,32.67578125
,-5,32.94921875,-0.390625,0.008610010147094727,2.049765110015869,65.625,56.09375,43,38,49.55078125,-1.596026490066225,3.71225118637085,32.67578125
,-6,32.94921875,-0.390625,0.03278589248657227,2.082551002502441,65.625,56.09375,44,38,49.55078125,-1.618421052631579,3.908966541290283,32.67578125
,-6,32.94921875,-0.390625,0.007906198501586914,2.090457201004028,65.625,56.09375,44,38,49.55078125,-1.647058823529412,3.956403732299805,32.67578125
,-6,32.94921875,-0.390625,0.01593589782714844,2.106393098831177,65.625,56.09375,44,38,49.55078125,-1.675324675324675,4.052019119262695,32.67578125
,-6,32.265625,1.5625,0.009813070297241211,2.116206169128418,65.625,56.77734375,44,38,50.234375,-1.703225806451613,4.110897541046143,33.359375
,-6,32.265625,1.5625,0.009454965591430664,2.125661134719849,65.625,56.77734375,44,38,50.234375,-1.730769230769231,4.167627334594727,33.359375
,-7,32.265625,1.5625,0.01407098770141602,2.139732122421265,65.625,56.77734375,45,38,50.234375,-1.75796178343949,4.266124248504639,33.359375
,-7,31.54296875,3.90625,0.01734304428100586,2.157075166702271,65.8203125,57.5,45,38,51.15234375,-1.791139240506329,4.38752555847168,34.27734375
,-6,31.54296875,3.90625,0.01152300834655762,2.168598175048828,65.8203125,57.5,44,38,51.15234375,-1.823899371069182,4.456663608551025,34.27734375
,-7,30.99609375,5.46875,0.02993988990783691,2.198538064956665,65.8203125,58.046875,45,38,51.69921875,-1.85,4.666242837905884,34.82421875
,-7,30.99609375,5.46875,0.008444070816040039,2.206982135772705,65.8203125,58.046875,45,38,51.69921875,-1.881987577639752,4.725351333618164,34.82421875
,-7,30.99609375,5.46875,0.0100090503692627,2.216991186141968,65.8203125,58.046875,45,38,51.69921875,-1.91358024691358,4.795414686203003,34.82421875
,-7,30.99609375,5.46875,0.02873086929321289,2.245722055435181,65.8203125,58.046875,45,38,51.69921875,-1.94478527607362,4.996530771255493,34.82421875
,-7,30.99609375,5.46875,0.0128319263458252,2.258553981781006,65.8203125,58.046875,45,38,51.69921875,-1.975609756097561,5.08635425567627,34.82421875
,-6,30.99609375,5.46875,0.007660150527954102,2.26621413230896,65.8203125,58.046875,44,38,51.69921875,-2.006060606060606,5.132315158843994,34.82421875
,-6,30.99609375,5.46875,0.0197598934173584,2.285974025726318,65.8203125,58.046875,44,38,51.69921875,-2.030120481927711,5.250874519348145,34.82421875
,-6,30.99609375,5.46875,0.006857156753540039,2.292831182479858,65.8203125,58.046875,44,38,51.69921875,-2.053892215568862,5.292017459869385,34.82421875
,-5,30.3125,7.421875,0.03118991851806641,2.324021100997925,65.8203125,58.73046875,43,38,52.3828125,-2.077380952380953,5.447967052459717,35.5078125
,-5,30.3125,7.421875,0.004358053207397461,2.328379154205322,65.8203125,58.73046875,43,38,52.3828125,-2.094674556213018,5.469757318496704,35.5078125
,-5,30.3125,7.421875,0.01121687889099121,2.339596033096313,65.8203125,58.73046875,43,38,52.3828125,-2.111764705882353,5.52584171295166,35.5078125
,-5,31.40625,4.296875,0.02322101593017578,2.362817049026489,65.8203125,59.82421875,43,38,53.4765625,-2.128654970760234,5.641946792602539,34.4140625
,-4,32.294921875,1.7578125,0.01161003112792969,2.374427080154419,65.8203125,60.712890625,42,38,54.365234375,-2.145348837209302,5.688386917114258,33.525390625
,-4,32.294921875,1.7578125,0.01055502891540527,2.384982109069824,65.8203125,60.712890625,42,38,54.365234375,-2.15606936416185,5.730607032775879,33.525390625
,-4,32.294921875,1.7578125,0.01316690444946289,2.398149013519287,65.8203125,60.712890625,42,38,54.365234375,-2.166666666666667,5.78327465057373,33.525390625
,-4,32.294921875,1.7578125,0.008588075637817383,2.406737089157104,65.8203125,60.712890625,42,38,54.365234375,-2.177142857142857,5.817626953125,33.525390625
,-3,32.841796875,0.1953125,0.02717399597167969,2.433911085128784,65.8203125,61.259765625,41,38,54.912109375,-2.1875,5.899148941040039,32.978515625
,-3,32.841796875,0.1953125,0.004668951034545898,2.43858003616333,65.8203125,61.259765625,41,38,54.912109375,-2.192090395480226,5.913155794143677,32.978515625
,-3,32.841796875,0.1953125,0.007609128952026367,2.446189165115356,65.8203125,61.259765625,41,38,54.912109375,-2.196629213483146,5.935983180999756,32.978515625
,-3,32.841796875,0.1953125,0.02752184867858887,2.473711013793945,65.8203125,61.259765625,41,38,54.912109375,-2.201117318435754,6.018548727035522,32.978515625
,-2,32.841796875,0.1953125,0.005015134811401367,2.478726148605347,65.8203125,61.259765625,40,38,54.912109375,-2.205555555555556,6.028578996658325,32.978515625
,-2,32.841796875,0.1953125,0.007851839065551758,2.486577987670898,65.8203125,61.259765625,40,38,54.912109375,-2.204419889502762,6.044282674789429,32.978515625
,-2,32.841796875,0.1953125,0.01930618286132813,2.505884170532227,65.8203125,61.259765625,40,38,54.912109375,-2.203296703296703,6.082895040512085,32.978515625
,-2,32.841796875,0.1953125,0.007237911224365234,2.513122081756592,65.8203125,61.259765625,40,38,54.912109375,-2.202185792349727,6.097370862960815,32.978515625
,-1,32.841796875,0.1953125,0.02398395538330078,2.537106037139893,65.8203125,61.259765625,39,38,54.912109375,-2.201086956521739,6.121354818344116,32.978515625
,-1,32.841796875,0.1953125,0.006886005401611328,2.543992042541504,65.8203125,61.259765625,39,38,54.912109375,-2.194594594594594,6.128240823745728,32.978515625
,-1,32.841796875,0.1953125,0.003201961517333984,2.547194004058838,65.8203125,61.259765625,39,38,54.912109375,-2.188172043010753,6.131442785263062,32.978515625
,0,33.73046875,-0.390625,0.02590799331665039,2.573101997375488,67.1875,62.1484375,38,38,55.390625,-2.181818181818182,6.131442785263062,33.45703125
,-1,33.73046875,-0.390625,0.006762981414794922,2.579864978790283,67.1875,62.1484375,39,38,55.390625,-2.170212765957447,6.138205766677856,33.45703125
,-1,33.73046875,-0.390625,0.008607149124145508,2.588472127914429,67.1875,62.1484375,39,38,55.390625,-2.164021164021164,6.146812915802002,33.45703125
,0,37.9296875,-10.15625,0.02454996109008789,2.613022089004517,68.75,66.34765625,38,38,58.02734375,-2.157894736842105,6.146812915802002,30.8203125
,0,37.9296875,-10.15625,0.006630897521972656,2.619652986526489,68.75,66.34765625,38,38,58.02734375,-2.146596858638743,6.146812915802002,30.8203125
,1,38.26171875,-10.546875,0.02311515808105469,2.642768144607544,69.140625,66.6796875,37,38,58.0859375,-2.135416666666667,6.169928073883057,30.87890625
,1,38.26171875,-10.546875,0.00735783576965332,2.650125980377197,69.140625,66.6796875,37,38,58.0859375,-2.119170984455959,6.17728590965271,30.87890625
,1,36.962890625,-6.8359375,0.01846504211425781,2.668591022491455,69.140625,67.978515625,37,38,59.384765625,-2.103092783505155,6.195750951766968,32.177734375
,1,36.484375,-5.46875,0.01590895652770996,2.684499979019165,69.140625,68.45703125,37,38,59.86328125,-2.087179487179487,6.211659908294678,32.65625
,2,36.484375,-5.46875,0.006528139114379883,2.691028118133545,69.140625,68.45703125,36,38,59.86328125,-2.071428571428572,6.224716186523438,32.65625
,2,36.484375,-5.46875,0.005846977233886719,2.696875095367432,69.140625,68.45703125,36,38,59.86328125,-2.050761421319797,6.236410140991211,32.65625
,2,37.578125,-8.59375,0.02715802192687988,2.724033117294312,69.140625,69.55078125,36,38,60.95703125,-2.03030303030303,6.290726184844971,31.5625
,2,37.578125,-8.59375,0.01494002342224121,2.738973140716553,69.140625,69.55078125,36,38,60.95703125,-2.010050251256281,6.320606231689453,31.5625
,2,37.4609375,-7.421875,0.01770591735839844,2.756679058074951,69.7265625,69.66796875,36,38,61.66015625,-1.99,6.35601806640625,32.265625
,3,37.4609375,-7.421875,0.01239013671875,2.769069194793701,69.7265625,69.66796875,35,38,61.66015625,-1.970149253731343,6.3931884765625,32.265625
,3,37.4609375,-7.421875,0.006987810134887695,2.776057004928589,69.7265625,69.66796875,35,38,61.66015625,-1.945544554455445,6.414151906967163,32.265625
,3,34.94140625,-0.78125,0.019927978515625,2.795984983444214,69.3359375,72.1875,35,38,63.7890625,-1.921182266009852,6.473935842514038,34.39453125
,3,34.94140625,-0.78125,0.00893402099609375,2.804919004440308,69.3359375,72.1875,35,38,63.7890625,-1.897058823529412,6.500737905502319,34.39453125
,3,34.94140625,-0.78125,0.0205690860748291,2.825488090515137,69.3359375,72.1875,35,38,63.7890625,-1.873170731707317,6.562445163726807,34.39453125
,3,35.625,-2.734375,0.007704019546508789,2.833192110061646,69.3359375,72.87109375,35,38,64.47265625,-1.849514563106796,6.585557222366333,33.7109375
,3,35.625,-2.734375,0.005595922470092773,2.838788032531738,69.3359375,72.87109375,35,38,64.47265625,-1.826086956521739,6.602344989776611,33.7109375
,3,38.291015625,-10.3515625,0.02384114265441895,2.862629175186157,69.3359375,75.537109375,35,38,67.138671875,-1.802884615384615,6.673868417739868,31.044921875
,3,38.291015625,-10.3515625,0.005532979965209961,2.868162155151367,69.3359375,75.537109375,35,38,67.138671875,-1.779904306220096,6.690467357635498,31.044921875
,3,39.04296875,-12.5,0.01668882369995117,2.884850978851318,69.3359375,76.2890625,35,38,67.890625,-1.757142857142857,6.740533828735352,30.29296875
,3,39.04296875,-12.5,0.01232814788818359,2.897179126739502,69.3359375,76.2890625,35,38,67.890625,-1.734597156398104,6.777518272399902,30.29296875
,3,38.974609375,-12.3046875,0.008543014526367188,2.905722141265869,69.3359375,76.357421875,35,38,67.958984375,-1.712264150943396,6.803147315979004,30.361328125
,3,38.974609375,-12.3046875,0.009438037872314453,2.915160179138184,69.3359375,76.357421875,35,38,67.958984375,-1.690140845070423,6.831461429595947,30.361328125
,4,37.94921875,-9.375,0.01543092727661133,2.930591106414795,69.3359375,77.3828125,34,38,68.984375,-1.668224299065421,6.893185138702393,31.38671875
,4,37.94921875,-9.375,0.00975799560546875,2.940349102020264,69.3359375,77.3828125,34,38,68.984375,-1.641860465116279,6.932217121124268,31.38671875
,4,34.94140625,-0.78125,0.02824997901916504,2.968599081039429,69.3359375,80.390625,34,38,71.9921875,-1.615740740740741,7.045217037200928,34.39453125
,4,34.94140625,-0.78125,0.004390954971313477,2.972990036010742,69.3359375,80.390625,34,38,71.9921875,-1.589861751152074,7.062780857086182,34.39453125
,3,34.94140625,-0.78125,0.02066302299499512,2.993653059005737,69.3359375,80.390625,35,38,71.9921875,-1.564220183486239,7.124769926071167,34.39453125
,3,36.171875,-4.296875,0.01309299468994141,3.006746053695679,69.3359375,81.62109375,35,38,73.22265625,-1.54337899543379,7.164048910140991,33.1640625
,3,36.171875,-4.296875,0.003734111785888672,3.010480165481567,69.3359375,81.62109375,35,38,73.22265625,-1.522727272727273,7.175251245498657,33.1640625
,3,36.171875,-4.296875,0.005623817443847656,3.016103982925415,69.3359375,81.62109375,35,38,73.22265625,-1.502262443438914,7.1921226978302,33.1640625
,3,36.71875,-5.859375,0.0224001407623291,3.038504123687744,69.3359375,82.16796875,35,38,73.76953125,-1.481981981981982,7.259323120117188,32.6171875
,3,36.71875,-5.859375,0.007955074310302734,3.046459197998047,69.3359375,82.16796875,35,38,73.76953125,-1.461883408071749,7.283188343048096,32.6171875
,2,35.64453125,-5.859375,0.03220391273498535,3.078663110733032,67.1875,83.2421875,36,38,74.84375,-1.441964285714286,7.347596168518066,31.54296875
,2,35.64453125,-5.859375,0.01381993293762207,3.092483043670654,67.1875,83.2421875,36,38,74.84375,-1.426666666666667,7.375236034393311,31.54296875
,2,35.64453125,-5.859375,0.006165981292724609,3.098649024963379,67.1875,83.2421875,36,38,74.84375,-1.411504424778761,7.38756799697876,31.54296875
,1,35.09765625,-4.296875,0.03538203239440918,3.134031057357788,67.1875,83.7890625,37,38,75.390625,-1.39647577092511,7.422950029373169,32.08984375
,1,35.09765625,-4.296875,0.01209592819213867,3.146126985549927,67.1875,83.7890625,37,38,75.390625,-1.385964912280702,7.435045957565308,32.08984375
,1,35.09765625,-4.296875,0.01134514808654785,3.157472133636475,67.1875,83.7890625,37,38,75.390625,-1.375545851528384,7.446391105651855,32.08984375
,1,33.0859375,-0.78125,0.02362990379333496,3.18110203742981,65.625,85.80078125,37,38,75.83984375,-1.365217391304348,7.47002100944519,32.5390625
,0,33.0859375,-0.78125,0.008671045303344727,3.189773082733154,65.625,85.80078125,38,38,75.83984375,-1.354978354978355,7.47002100944519,32.5390625
,-1,32.16796875,-0.390625,0.0269930362701416,3.216766119003296,64.0625,86.71875,39,38,76.484375,-1.349137931034483,7.497014045715332,31.89453125
,-1,32.16796875,-0.390625,0.004275083541870117,3.221041202545166,64.0625,86.71875,39,38,76.484375,-1.347639484978541,7.501289129257202,31.89453125
,-2,32.16796875,-0.390625,0.01393294334411621,3.234974145889282,64.0625,86.71875,40,38,76.484375,-1.346153846153846,7.529155015945435,31.89453125
,-3,26.796875,1.5625,0.02995586395263672,3.264930009841919,54.6875,92.08984375,41,38,80.48828125,-1.348936170212766,7.619022607803345,27.890625
,-4,26.015625,1.5625,0.01343107223510742,3.278361082077026,53.125,92.87109375,42,38,81.26953125,-1.35593220338983,7.672746896743774,27.109375
,-4,26.015625,1.5625,0.009825944900512695,3.288187026977539,53.125,92.87109375,42,38,81.26953125,-1.367088607594937,7.712050676345825,27.109375
,-5,25.234375,1.5625,0.01333212852478027,3.301519155502319,51.5625,93.65234375,43,38,82.05078125,-1.378151260504202,7.778711318969727,26.328125
,-5,25.234375,1.5625,0.006731986999511719,3.308251142501831,51.5625,93.65234375,43,38,82.05078125,-1.393305439330544,7.812371253967285,26.328125
,-7,22.59765625,3.515625,0.03183603286743164,3.340087175369263,47.65625,96.2890625,45,38,83.3203125,-1.408333333333333,8.035223484039307,25.05859375
,-7,22.59765625,3.515625,0.007925987243652344,3.348013162612915,47.65625,96.2890625,45,38,83.3203125,-1.431535269709544,8.090705394744873,25.05859375
,-7,22.59765625,3.515625,0.007867813110351563,3.355880975723267,47.65625,96.2890625,45,38,83.3203125,-1.454545454545455,8.145780086517334,25.05859375
,-8,16.796875,15.625,0.03408122062683105,3.389962196350098,44.53125,102.08984375,46,38,85.99609375,-1.477366255144033,8.418429851531982,27.734375
,-8,16.796875,15.625,0.006698846817016602,3.396661043167114,44.53125,102.08984375,46,38,85.99609375,-1.504098360655738,8.472020626068115,27.734375
,-9,16.796875,15.625,0.01024699211120605,3.40690803527832,44.53125,102.08984375,47,38,85.99609375,-1.530612244897959,8.56424355506897,27.734375
,-10,16.25,17.1875,0.03151512145996094,3.438423156738281,44.53125,102.63671875,48,38,86.54296875,-1.560975609756098,8.879394769668579,28.28125
,-10,16.25,17.1875,0.004614830017089844,3.443037986755371,44.53125,102.63671875,48,38,86.54296875,-1.595141700404858,8.925543069839478,28.28125
,-11,17.6171875,13.28125,0.0365290641784668,3.479567050933838,44.53125,104.00390625,49,38,87.91015625,-1.629032258064516,9.327362775802612,26.9140625
,-11,17.6171875,13.28125,0.007301092147827148,3.486868143081665,44.53125,104.00390625,49,38,87.91015625,-1.666666666666667,9.407674789428711,26.9140625
,-12,17.6171875,13.28125,0.0108950138092041,3.497763156890869,44.53125,104.00390625,50,38,87.91015625,-1.704,9.53841495513916,26.9140625
,-13,19.7265625,11.71875,0.0332648754119873,3.531028032302856,47.65625,106.11328125,51,38,88.92578125,-1.745019920318725,9.970858335494995,27.9296875
,-13,19.7265625,11.71875,0.008680105209350586,3.539708137512207,47.65625,106.11328125,51,38,88.92578125,-1.78968253968254,10.08369970321655,27.9296875
,-13,19.7265625,11.71875,0.01001095771789551,3.549719095230103,47.65625,106.11328125,51,38,88.92578125,-1.83399209486166,10.2138421535492,27.9296875
,-14,18.359375,15.625,0.02743792533874512,3.577157020568848,47.65625,107.48046875,52,38,90.29296875,-1.877952755905512,10.59797310829163,29.296875
,-14,18.359375,15.625,0.00944209098815918,3.586599111557007,47.65625,107.48046875,52,38,90.29296875,-1.925490196078431,10.73016238212585,29.296875
,-14,17.96875,19.53125,0.03041195869445801,3.617011070251465,49.609375,107.87109375,52,38,92.63671875,-1.97265625,11.15592980384827,31.640625
,-15,17.96875,19.53125,0.01782608032226563,3.63483715057373,49.609375,107.87109375,53,38,92.63671875,-2.019455252918288,11.42332100868225,31.640625
,-15,17.96875,19.53125,0.008353948593139648,3.64319109916687,49.609375,107.87109375,53,38,92.63671875,-2.069767441860465,11.54863023757935,31.640625
,-17,18.125,21.875,0.03841400146484375,3.681605100631714,51.5625,108.02734375,55,38,94.43359375,-2.11969111969112,12.20166826248169,33.4375
,-17,18.125,21.875,0.008269071578979492,3.689874172210693,51.5625,108.02734375,55,38,94.43359375,-2.176923076923077,12.34224247932434,33.4375
,-17,18.125,21.875,0.009004831314086914,3.69887900352478,51.5625,108.02734375,55,38,94.43359375,-2.233716475095786,12.49532461166382,33.4375
,-18,17.578125,23.4375,0.03225016593933105,3.731129169464111,51.5625,108.57421875,56,38,94.98046875,-2.290076335877862,13.07582759857178,33.984375
,-18,17.578125,23.4375,0.009685993194580078,3.740815162658691,51.5625,108.57421875,56,38,94.98046875,-2.349809885931559,13.25017547607422,33.984375
,-20,18.359375,23.4375,0.04207181930541992,3.782886981964111,53.125,109.35546875,58,38,95.76171875,-2.409090909090909,14.09161186218262,34.765625
,-20,18.359375,23.4375,0.01064014434814453,3.793527126312256,53.125,109.35546875,58,38,95.76171875,-2.475471698113207,14.30441474914551,34.765625
,-21,18.359375,23.4375,0.007200002670288086,3.800727128982544,53.125,109.35546875,59,38,95.76171875,-2.541353383458647,14.45561480522156,34.765625
,-22,18.359375,23.4375,0.03542995452880859,3.836157083511353,53.125,109.35546875,60,38,95.76171875,-2.610486891385768,15.23507380485535,34.765625
,-22,18.359375,23.4375,0.008594036102294922,3.844751119613647,53.125,109.35546875,60,38,95.76171875,-2.682835820895523,15.42414259910584,34.765625
,-22,18.359375,23.4375,0.006105899810791016,3.850857019424438,53.125,109.35546875,60,38,95.76171875,-2.754646840148699,15.55847239494324,34.765625
,-23,17.12890625,26.953125,0.02800703048706055,3.878864049911499,53.125,110.5859375,61,38,96.9921875,-2.825925925925926,16.20263409614563,35.99609375
,-24,17.12890625,26.953125,0.009309053421020508,3.88817310333252,53.125,110.5859375,62,38,96.9921875,-2.900369003690037,16.42605137825012,35.99609375
,-25,15.8203125,31.25,0.02982401847839355,3.917997121810913,53.515625,111.89453125,63,38,98.69140625,-2.977941176470588,17.17165184020996,37.6953125
,-26,15.8203125,31.25,0.01061606407165527,3.928613185882568,53.515625,111.89453125,64,38,98.69140625,-3.058608058608058,17.447669506073,37.6953125
,-26,15.8203125,31.25,0.007664918899536133,3.936278104782104,53.515625,111.89453125,64,38,98.69140625,-3.142335766423358,17.64695739746094,37.6953125
,-28,15.13671875,33.203125,0.03680706024169922,3.973085165023804,53.515625,112.578125,66,38,99.375,-3.225454545454546,18.67755508422852,38.37890625
,-28,15.13671875,33.203125,0.007097005844116211,3.98018217086792,53.515625,112.578125,66,38,99.375,-3.315217391304348,18.87627124786377,38.37890625
,-29,15.13671875,33.203125,0.009766817092895508,3.989948987960815,53.515625,112.578125,67,38,99.375,-3.404332129963899,19.15950894355774,38.37890625
,-31,14.453125,35.15625,0.02902007102966309,4.018969058990479,53.515625,113.26171875,69,38,100.05859375,-3.496402877697842,20.0591311454773,39.0625
,-31,14.453125,35.15625,0.007972002029418945,4.026941061019897,53.515625,113.26171875,69,38,100.05859375,-3.594982078853047,20.30626320838928,39.0625
,-33,14.453125,35.15625,0.03314805030822754,4.060089111328125,53.515625,113.26171875,71,38,100.05859375,-3.692857142857143,21.40014886856079,39.0625
,-33,14.453125,35.15625,0.008295059204101563,4.068384170532227,53.515625,113.26171875,71,38,100.05859375,-3.797153024911032,21.67388582229614,39.0625
,-33,14.453125,35.15625,0.007669925689697266,4.076054096221924,53.515625,113.26171875,71,38,100.05859375,-3.900709219858156,21.92699337005615,39.0625
,-34,14.453125,35.15625,0.03023195266723633,4.10628604888916,53.515625,113.26171875,72,38,100.05859375,-4.003533568904594,22.95487976074219,39.0625
,-35,12.0703125,37.5,0.01482701301574707,4.121113061904907,50.390625,115.64453125,73,38,100.80078125,-4.109154929577465,23.47382521629334,38.3203125
,-36,12.0703125,37.5,0.008856058120727539,4.129969120025635,50.390625,115.64453125,74,38,100.80078125,-4.217543859649123,23.79264330863953,38.3203125
,-37,10.380859375,39.2578125,0.02037501335144043,4.150344133377075,48.2421875,117.333984375,75,38,101.259765625,-4.328671328671328,24.54651880264282,37.861328125
,-37,10.380859375,39.2578125,0.008468866348266602,4.158812999725342,48.2421875,117.333984375,75,38,101.259765625,-4.442508710801394,24.85986685752869,37.861328125
,-38,7.314453125000002,45.5078125,0.03114509582519531,4.189958095550537,46.484375,120.400390625,76,38,102.568359375,-4.555555555555555,26.04338049888611,39.169921875
,-38,7.314453125000002,45.5078125,0.006890058517456055,4.196848154067993,46.484375,120.400390625,76,38,102.568359375,-4.671280276816609,26.30520272254944,39.169921875
,-38,7.314453125000002,45.5078125,0.009479045867919922,4.206327199935913,46.484375,120.400390625,76,38,102.568359375,-4.786206896551724,26.6654064655304,39.169921875
,-38,3.6328125,51.5625,0.0303959846496582,4.236723184585571,43.359375,124.08203125,76,38,103.125,-4.900343642611684,27.82045388221741,39.7265625
,-38,3.6328125,51.5625,0.01314091682434082,4.249864101409912,43.359375,124.08203125,76,38,103.125,-5.013698630136986,28.31980872154236,39.7265625
,-39,3.6328125,51.5625,0.009933948516845703,4.259798049926758,43.359375,124.08203125,77,38,103.125,-5.126279863481229,28.70723271369934,39.7265625
,-40,0.1171875,55.46875,0.03296303749084473,4.292761087417603,39.0625,127.59765625,78,38,103.90625,-5.241496598639456,30.02575421333313,38.9453125
,-40,0.1171875,55.46875,0.006303071975708008,4.299064159393311,39.0625,127.59765625,78,38,103.90625,-5.359322033898305,30.27787709236145,38.9453125
,-39,-1.30859375,55.078125,0.03571295738220215,4.334777116775513,35.9375,129.0234375,77,38,105.60546875,-5.476351351351352,31.67068243026733,37.24609375
,-39,-1.30859375,55.078125,0.01116394996643066,4.345941066741943,35.9375,129.0234375,77,38,105.60546875,-5.589225589225589,32.10607647895813,37.24609375
,-39,-1.30859375,55.078125,0.008564949035644531,4.354506015777588,35.9375,129.0234375,77,38,105.60546875,-5.701342281879195,32.44010949134827,37.24609375
,-39,-4.62890625,58.984375,0.03864812850952148,4.393154144287109,32.03125,132.34375,77,38,106.19140625,-5.812709030100335,33.94738650321961,36.66015625
,-39,-4.62890625,58.984375,0.009008884429931641,4.402163028717041,32.03125,132.34375,77,38,106.19140625,-5.923333333333333,34.29873299598694,36.66015625
,-38,-4.62890625,58.984375,0.008304119110107422,4.410467147827148,32.03125,132.34375,76,38,106.19140625,-6.033222591362127,34.61428952217102,36.66015625
,-39,-9.755859375,63.8671875,0.02778482437133789,4.438251972198486,25.1953125,137.470703125,77,38,107.900390625,-6.139072847682119,35.6978976726532,34.951171875
,-38,-9.755859375,63.8671875,0.01195907592773438,4.450211048126221,25.1953125,137.470703125,76,38,107.900390625,-6.247524752475248,36.1523425579071,34.951171875
,-38,-16.6796875,71.09375,0.03425693511962891,4.48446798324585,16.40625,144.39453125,76,38,109.765625,-6.351973684210527,37.45410609245301,33.0859375
,-38,-16.6796875,71.09375,0.01397609710693359,4.498444080352783,16.40625,144.39453125,76,38,109.765625,-6.455737704918032,37.98519778251648,33.0859375
,-38,-16.6796875,71.09375,0.009821891784667969,4.508265972137451,16.40625,144.39453125,76,38,109.765625,-6.558823529411764,38.35842967033386,33.0859375
,-38,-23.125,75.0,0.03892016410827637,4.547186136245728,6.25,150.83984375,76,38,113.4765625,-6.661237785016286,39.83739590644836,29.375
,-38,-23.125,75.0,0.00766301155090332,4.554849147796631,6.25,150.83984375,76,38,113.4765625,-6.762987012987013,40.12859034538269,29.375
,-38,-23.125,75.0,0.007851839065551758,4.562700986862183,6.25,150.83984375,76,38,113.4765625,-6.864077669902913,40.42696022987366,29.375
,-38,-26.26953125,76.171875,0.02368712425231934,4.586388111114502,0.78125,153.984375,76,38,115.80078125,-6.964516129032258,41.3270709514618,27.05078125
,-38,-27.2265625,78.90625,0.01944303512573242,4.605831146240234,0.78125,154.94140625,76,38,116.7578125,-7.064308681672026,42.06590628623963,28.0078125
,-37,-25.3125,73.4375,0.02901887893676758,4.634850025177002,0.78125,156.85546875,75,38,118.671875,-7.163461538461538,43.13960480690002,26.09375
,-37,-25.3125,73.4375,0.008706092834472656,4.643556118011475,0.78125,156.85546875,75,38,118.671875,-7.258785942492013,43.46173024177552,26.09375
,-37,-25.3125,73.4375,0.007354021072387695,4.650910139083862,0.78125,156.85546875,75,38,118.671875,-7.353503184713376,43.73382902145386,26.09375
,-33,-20.52734375,69.53125,0.03724789619445801,4.68815803527832,7.6171875,161.640625,71,38,120.72265625,-7.447619047619048,44.96300959587098,28.14453125
,-32,-20.52734375,69.53125,0.01027894020080566,4.698436975479126,7.6171875,161.640625,70,38,120.72265625,-7.528481012658228,45.29193568229675,28.14453125
,-31,-20.52734375,69.53125,0.01017212867736816,4.708609104156494,7.6171875,161.640625,69,38,120.72265625,-7.605678233438486,45.60727167129516,28.14453125
,-28,-19.6484375,69.53125,0.03763294219970703,4.746242046356201,9.375,162.51953125,66,38,121.6015625,-7.679245283018868,46.66099405288697,29.0234375
,-27,-19.6484375,69.53125,0.009768962860107422,4.756011009216309,9.375,162.51953125,65,38,121.6015625,-7.74294670846395,46.92475605010986,29.0234375
,-25,-21.015625,73.4375,0.04354500770568848,4.799556016921997,9.375,163.88671875,63,38,122.96875,-7.803125,48.01338124275208,30.390625
,-25,-21.015625,73.4375,0.008646011352539063,4.808202028274536,9.375,163.88671875,63,38,122.96875,-7.856697819314642,48.22953152656556,30.390625
,-24,-21.015625,73.4375,0.01007294654846191,4.818274974822998,9.375,163.88671875,62,38,122.96875,-7.909937888198757,48.47128224372864,30.390625
,-22,-19.033203125,67.7734375,0.03161501884460449,4.849889993667603,9.375,165.869140625,60,38,124.951171875,-7.959752321981425,49.16681265830994,28.408203125
,-21,-19.033203125,67.7734375,0.008756160736083984,4.858646154403687,9.375,165.869140625,59,38,124.951171875,-8.003086419753087,49.3506920337677,28.408203125
,-21,-19.033203125,67.7734375,0.007083892822265625,4.865730047225952,9.375,165.869140625,59,38,124.951171875,-8.043076923076923,49.49945378303529,28.408203125
,-19,-13.2421875,60.15625,0.02789211273193359,4.893622159957886,15.625,171.66015625,57,38,125.41015625,-8.082822085889571,50.02940392494202,28.8671875
,-18,-13.2421875,60.15625,0.007345914840698242,4.900968074798584,15.625,171.66015625,56,38,125.41015625,-8.116207951070336,50.16163039207459,28.8671875
,-17,-0.60546875,38.28125,0.03730106353759766,4.938269138336182,25.5859375,184.296875,55,38,128.0859375,-8.146341463414634,50.79574847221375,26.19140625
,-16,-0.60546875,38.28125,0.008095979690551758,4.946365118026733,25.5859375,184.296875,54,38,128.0859375,-8.173252279635259,50.92528414726258,26.19140625
,-16,-0.60546875,38.28125,0.009788036346435547,4.956153154373169,25.5859375,184.296875,54,38,128.0859375,-8.196969696969697,51.08189272880555,26.19140625
,-15,9.755859375,27.9296875,0.03067588806152344,4.986829042434692,39.0625,194.658203125,53,38,131.201171875,-8.220543806646525,51.5420310497284,29.306640625
,-14,9.755859375,27.9296875,0.01174807548522949,4.998577117919922,39.0625,194.658203125,52,38,131.201171875,-8.240963855421686,51.70650410652161,29.306640625
,-14,9.755859375,27.9296875,0.009629964828491211,5.008207082748413,39.0625,194.658203125,52,38,131.201171875,-8.258258258258259,51.84132361412049,29.306640625
,-14,13.349609375,23.2421875,0.02625703811645508,5.034464120864868,42.96875,198.251953125,52,38,131.513671875,-8.275449101796408,52.20892214775086,29.619140625
,-14,13.349609375,23.2421875,0.01062989234924316,5.045094013214111,42.96875,198.251953125,52,38,131.513671875,-8.292537313432836,52.35774064064026,29.619140625
,-13,9.9609375,35.15625,0.03091311454772949,5.076007127761841,44.53125,201.640625,51,38,136.46484375,-8.30952380952381,52.75961112976074,34.5703125
,-13,9.9609375,35.15625,0.008472919464111328,5.084480047225952,44.53125,201.640625,51,38,136.46484375,-8.323442136498516,52.8697590827942,34.5703125
,-13,9.9609375,35.15625,0.01236295700073242,5.096843004226685,44.53125,201.640625,51,38,136.46484375,-8.337278106508876,53.03047752380372,34.5703125
,-13,2.20703125,47.265625,0.03408598899841309,5.130928993225098,37.5,209.39453125,51,38,137.1875,-8.35103244837758,53.47359538078308,35.29296875
,-13,2.20703125,47.265625,0.009090185165405273,5.140019178390503,37.5,209.39453125,51,38,137.1875,-8.364705882352942,53.59176778793335,35.29296875
,-12,2.20703125,47.265625,0.009914875030517578,5.149934053421021,37.5,209.39453125,50,38,137.1875,-8.378299120234605,53.71074628829956,35.29296875
,-13,-2.578125,57.03125,0.03073501586914063,5.180669069290161,34.765625,214.1796875,51,38,139.23828125,-8.388888888888889,54.11030149459839,37.34375
,-12,-2.578125,57.03125,0.008373022079467773,5.189042091369629,34.765625,214.1796875,50,38,139.23828125,-8.402332361516034,54.21077775955201,37.34375
,-11,-6.54296875,64.453125,0.0304110050201416,5.219453096389771,32.03125,218.14453125,49,38,140.46875,-8.412790697674419,54.54529881477356,38.57421875
,-11,-6.54296875,64.453125,0.01045799255371094,5.229911088943481,32.03125,218.14453125,49,38,140.46875,-8.420289855072463,54.66033673286439,38.57421875
,-10,-6.54296875,64.453125,0.008301019668579102,5.238212108612061,32.03125,218.14453125,48,38,140.46875,-8.427745664739884,54.74334692955018,38.57421875
,-9,-10.234375,71.09375,0.03181195259094238,5.270024061203003,29.296875,221.8359375,47,38,141.42578125,-8.432276657060518,55.02965450286865,39.53125
,-8,-10.234375,71.09375,0.009716987609863281,5.279741048812866,29.296875,221.8359375,46,38,141.42578125,-8.433908045977011,55.10739040374756,39.53125
,-8,-10.234375,71.09375,0.009096145629882813,5.288837194442749,29.296875,221.8359375,46,38,141.42578125,-8.432664756446991,55.18015956878663,39.53125
,-6,-13.984375,73.4375,0.02994489669799805,5.318782091140747,23.4375,225.5859375,44,38,143.53515625,-8.431428571428571,55.35982894897462,37.421875
,-6,-13.984375,73.4375,0.009607076644897461,5.328389167785645,23.4375,225.5859375,44,38,143.53515625,-8.424501424501425,55.417471408844,37.421875
,-4,-17.12890625,74.609375,0.03538084030151367,5.363770008087158,17.96875,228.73046875,42,38,145.859375,-8.417613636363637,55.55899477005005,35.09765625
,-3,-17.12890625,74.609375,0.006731986999511719,5.37050199508667,17.96875,228.73046875,41,38,145.859375,-8.405099150141643,55.57919073104859,35.09765625
,-3,-17.12890625,74.609375,0.01052498817443848,5.381026983261108,17.96875,228.73046875,41,38,145.859375,-8.389830508474576,55.61076569557191,35.09765625
,-1,-16.484375,71.09375,0.0361020565032959,5.417129039764404,16.796875,229.375,39,38,147.67578125,-8.374647887323944,55.6468677520752,33.28125
,-1,-16.484375,71.09375,0.00923609733581543,5.42636513710022,16.796875,229.375,39,38,147.67578125,-8.353932584269662,55.65610384941102,33.28125
,-1,-16.484375,71.09375,0.009778022766113281,5.436143159866333,16.796875,229.375,39,38,147.67578125,-8.333333333333334,55.66588187217713,33.28125
,1,-15.1171875,67.1875,0.02870702743530273,5.464850187301636,16.796875,230.7421875,37,38,149.04296875,-8.312849162011172,55.69458889961243,31.9140625
,1,-15.1171875,67.1875,0.005939006805419922,5.470789194107056,16.796875,230.7421875,37,38,149.04296875,-8.286908077994429,55.70052790641785,31.9140625
,3,-6.6015625,52.34375,0.04237890243530273,5.513168096542358,23.4375,239.2578125,35,38,150.91796875,-8.261111111111111,55.82766461372376,30.0390625
,4,-6.6015625,52.34375,0.01314496994018555,5.526313066482544,23.4375,239.2578125,34,38,150.91796875,-8.229916897506925,55.8802444934845,30.0390625
,4,-6.6015625,52.34375,0.009660005569458008,5.535973072052002,23.4375,239.2578125,34,38,150.91796875,-8.196132596685082,55.91888451576233,30.0390625
,5,0.60546875,33.984375,0.03163504600524902,5.567608118057251,25.0,246.46484375,33,38,156.5625,-8.162534435261708,56.07705974578858,24.39453125
,6,0.60546875,33.984375,0.01066398620605469,5.578272104263306,25.0,246.46484375,32,38,156.5625,-8.126373626373626,56.14104366302491,24.39453125
,6,0.60546875,33.984375,0.009917974472045898,5.588190078735352,25.0,246.46484375,32,38,156.5625,-8.087671232876712,56.20055150985718,24.39453125
,7,6.523437500000001,22.65625,0.02881312370300293,5.617003202438354,28.90625,252.3828125,31,38,158.57421875,-8.049180327868852,56.4022433757782,22.3828125
,7,6.523437500000001,22.65625,0.0101468563079834,5.627150058746338,28.90625,252.3828125,31,38,158.57421875,-8.008174386920981,56.47327136993408,22.3828125
,7,13.28125,7.8125,0.03280210494995117,5.659952163696289,32.03125,259.140625,31,38,162.20703125,-7.967391304347826,56.70288610458375,18.75
,8,13.28125,7.8125,0.008613824844360352,5.668565988540649,32.03125,259.140625,30,38,162.20703125,-7.926829268292683,56.77179670333863,18.75
,8,13.28125,7.8125,0.009809017181396484,5.678375005722046,32.03125,259.140625,30,38,162.20703125,-7.883783783783784,56.85026884078979,18.75
,8,3.8671875,33.59375,0.04138708114624023,5.719762086868286,31.25,268.5546875,30,38,170.83984375,-7.840970350404312,57.18136548995972,27.3828125
,8,3.8671875,33.59375,0.009135961532592773,5.728898048400879,31.25,268.5546875,30,38,170.83984375,-7.798387096774194,57.25445318222047,27.3828125
,8,3.8671875,33.59375,0.01117706298828125,5.74007511138916,31.25,268.5546875,30,38,170.83984375,-7.756032171581769,57.34386968612672,27.3828125
,8,-6.50390625,50.390625,0.02590298652648926,5.765978097915649,22.265625,278.92578125,30,38,172.2265625,-7.713903743315508,57.55109357833863,28.76953125
,8,-6.50390625,50.390625,0.006839990615844727,5.772818088531494,22.265625,278.92578125,30,38,172.2265625,-7.672,57.60581350326539,28.76953125
,8,-9.51171875,58.984375,0.04557609558105469,5.818394184112549,22.265625,281.93359375,30,38,175.234375,-7.63031914893617,57.97042226791382,31.77734375
,8,-9.51171875,58.984375,0.008635997772216797,5.827030181884766,22.265625,281.93359375,30,38,175.234375,-7.588859416445623,58.03951025009155,31.77734375
,9,-9.51171875,58.984375,0.0133669376373291,5.840397119522095,22.265625,281.93359375,29,38,175.234375,-7.547619047619047,58.15981268882751,31.77734375
,10,0.5078125000000018,43.75,0.03574204444885254,5.876139163970947,31.640625,291.953125,28,38,175.87890625,-7.503957783641161,58.51723313331604,31.1328125
,10,0.5078125000000018,43.75,0.01004886627197266,5.88618803024292,31.640625,291.953125,28,38,175.87890625,-7.457894736842105,58.61772179603577,31.1328125
,10,0.5078125000000018,43.75,0.01003003120422363,5.896218061447144,31.640625,291.953125,28,38,175.87890625,-7.412073490813648,58.718022108078,31.1328125
,11,7.021484375,35.7421875,0.03190493583679199,5.928122997283936,39.0625,298.466796875,27,38,176.787109375,-7.366492146596858,59.06897640228272,32.041015625
,11,7.021484375,35.7421875,0.01032400131225586,5.938446998596191,39.0625,298.466796875,27,38,176.787109375,-7.318537859007833,59.18254041671753,32.041015625
,12,14.169921875,28.7109375,0.03966403007507324,5.978111028671265,48.4375,305.615234375,26,38,179.013671875,-7.270833333333333,59.65850877761842,34.267578125
,12,14.169921875,28.7109375,0.01073598861694336,5.988847017288208,48.4375,305.615234375,26,38,179.013671875,-7.220779220779221,59.78734064102174,34.267578125
,13,14.169921875,28.7109375,0.008260011672973633,5.997107028961182,48.4375,305.615234375,25,38,179.013671875,-7.170984455958549,59.89472079277039,34.267578125
,13,17.099609375,24.8046875,0.03132295608520508,6.028429985046387,51.5625,308.544921875,25,38,179.208984375,-7.118863049095607,60.30191922187806,34.462890625
,14,17.099609375,24.8046875,0.00844120979309082,6.036871194839478,51.5625,308.544921875,24,38,179.208984375,-7.06701030927835,60.42009615898133,34.462890625
,14,17.099609375,24.8046875,0.01163387298583984,6.048505067825317,51.5625,308.544921875,24,38,179.208984375,-7.012853470437018,60.58297038078308,34.462890625
,15,11.81640625,33.203125,0.03174090385437012,6.080245971679688,46.875,313.828125,23,38,179.8046875,-6.958974358974359,61.05908393859863,35.05859375
,15,11.81640625,33.203125,0.01038122177124023,6.090627193450928,46.875,313.828125,23,38,179.8046875,-6.902813299232736,61.21480226516724,35.05859375
,15,5.332031250000002,41.40625,0.03330397605895996,6.123931169509888,39.6484375,320.3125,23,38,180.546875,-6.846938775510204,61.71436190605164,34.31640625
,15,5.332031250000002,41.40625,0.00897979736328125,6.132910966873169,39.6484375,320.3125,23,38,180.546875,-6.791348600508906,61.84905886650085,34.31640625
,15,5.332031250000002,41.40625,0.01189708709716797,6.144808053970337,39.6484375,320.3125,23,38,180.546875,-6.736040609137055,62.02751517295837,34.31640625
,15,11.2890625,29.6875,0.03674101829528809,6.181549072265625,43.359375,326.26953125,23,38,182.79296875,-6.681012658227848,62.5786304473877,32.0703125
,16,11.2890625,29.6875,0.008112907409667969,6.189661979675293,43.359375,326.26953125,22,38,182.79296875,-6.626262626262626,62.70843696594238,32.0703125
,16,11.2890625,29.6875,0.007243156433105469,6.196905136108398,43.359375,326.26953125,22,38,182.79296875,-6.569269521410579,62.82432746887207,32.0703125
,17,14.84375,27.34375,0.02473783493041992,6.221642971038818,48.828125,329.82421875,21,38,184.70703125,-6.512562814070352,63.24487066268921,33.984375
,17,14.84375,27.34375,0.01275300979614258,6.234395980834961,48.828125,329.82421875,21,38,184.70703125,-6.453634085213032,63.46167182922364,33.984375
,17,21.259765625,21.2890625,0.04171013832092285,6.276106119155884,57.421875,336.240234375,21,38,186.884765625,-6.395,64.17074418067933,36.162109375
,18,21.259765625,21.2890625,0.01151394844055176,6.287620067596436,57.421875,336.240234375,20,38,186.884765625,-6.336658354114713,64.37799525260925,36.162109375
,18,21.259765625,21.2890625,0.0105750560760498,6.298195123672485,57.421875,336.240234375,20,38,186.884765625,-6.276119402985074,64.56834626197815,36.162109375
,18,28.49609375,12.890625,0.03587007522583008,6.334065198898315,66.015625,343.4765625,20,38,188.2421875,-6.215880893300248,65.21400761604309,37.51953125
,18,28.49609375,12.890625,0.01552081108093262,6.349586009979248,66.015625,343.4765625,20,38,188.2421875,-6.155940594059406,65.49338221549988,37.51953125
,18,28.49609375,12.890625,0.008913993835449219,6.358500003814697,66.015625,343.4765625,20,38,188.2421875,-6.096296296296297,65.65383410453797,37.51953125
,17,31.26953125,6.640625,0.03524303436279297,6.39374303817749,67.1875,346.25,21,38,189.84375,-6.036945812807882,66.25296568870545,35.91796875
,17,31.26953125,6.640625,0.009768962860107422,6.403512001037598,67.1875,346.25,21,38,189.84375,-5.980343980343981,66.41903805732728,35.91796875
,16,33.45703125,-7.421875,0.02922201156616211,6.43273401260376,61.71875,348.4375,22,38,197.5,-5.924019607843137,66.88659024238587,28.26171875
,16,33.45703125,-7.421875,0.007375001907348633,6.440109014511108,61.71875,348.4375,22,38,197.5,-5.87041564792176,67.00459027290345,28.26171875
,15,33.45703125,-7.421875,0.0105741024017334,6.450683116912842,61.71875,348.4375,23,38,197.5,-5.817073170731708,67.16320180892945,28.26171875
,14,33.173828125,-17.7734375,0.03197908401489258,6.482662200927734,53.90625,348.720703125,24,38,205.029296875,-5.766423357664234,67.61090898513794,20.732421875
,14,33.173828125,-17.7734375,0.007036924362182617,6.489699125289917,53.90625,348.720703125,24,38,205.029296875,-5.718446601941747,67.7094259262085,20.732421875
,13,33.173828125,-17.7734375,0.008791923522949219,6.498491048812866,53.90625,348.720703125,25,38,205.029296875,-5.670702179176756,67.82372093200684,20.732421875
,12,29.267578125,-17.7734375,0.02126693725585938,6.519757986068726,46.09375,352.626953125,26,38,208.935546875,-5.625603864734299,68.07892417907715,16.826171875
,11,29.267578125,-17.7734375,0.01010417938232422,6.52986216545105,46.09375,352.626953125,27,38,208.935546875,-5.583132530120482,68.19007015228272,16.826171875
,10,21.142578125,-6.8359375,0.03077101707458496,6.560633182525635,37.5,360.751953125,28,38,209.404296875,-5.543269230769231,68.49778032302857,16.357421875
,9,21.142578125,-6.8359375,0.008378982543945313,6.56901216506958,37.5,360.751953125,29,38,209.404296875,-5.505995203836931,68.57319116592407,16.357421875
,9,21.142578125,-6.8359375,0.008081912994384766,6.577094078063965,37.5,360.751953125,29,38,209.404296875,-5.471291866028708,68.64592838287354,16.357421875
,8,17.55859375,1.171875,0.02646994590759277,6.603564023971558,35.9375,364.3359375,30,38,211.42578125,-5.436754176610979,68.85768795013428,18.37890625
,7,17.55859375,1.171875,0.007580995559692383,6.61114501953125,35.9375,364.3359375,31,38,211.42578125,-5.404761904761905,68.91075491905212,18.37890625
,7,17.55859375,1.171875,0.007204055786132813,6.618349075317383,35.9375,364.3359375,31,38,211.42578125,-5.375296912114014,68.96118330955506,18.37890625
,6,16.46484375,4.296875,0.02734899520874023,6.645698070526123,35.9375,365.4296875,32,38,212.51953125,-5.345971563981043,69.1252772808075,19.47265625
,6,16.46484375,4.296875,0.005772113800048828,6.651470184326172,35.9375,365.4296875,32,38,212.51953125,-5.319148936170213,69.1599099636078,19.47265625
,4,16.25,17.1875,0.03846287727355957,6.689933061599731,44.53125,365.64453125,34,38,221.328125,-5.29245283018868,69.31376147270203,28.28125
,4,16.25,17.1875,0.009170055389404297,6.699103116989136,44.53125,365.64453125,34,38,221.328125,-5.270588235294118,69.35044169425964,28.28125
,4,16.25,17.1875,0.009450912475585938,6.708554029464722,44.53125,365.64453125,34,38,221.328125,-5.248826291079812,69.38824534416199,28.28125
,3,14.53125,26.5625,0.03249096870422363,6.741044998168945,47.65625,367.36328125,35,38,226.171875,-5.227166276346604,69.48571825027466,33.125
,3,14.53125,26.5625,0.01282215118408203,6.753867149353027,47.65625,367.36328125,35,38,226.171875,-5.207943925233645,69.52418470382691,33.125
,3,14.53125,26.5625,0.007248878479003906,6.761116027832031,47.65625,367.36328125,35,38,226.171875,-5.188811188811189,69.54593133926392,33.125
,2,11.318359375,35.7421875,0.02770209312438965,6.788818120956421,47.65625,370.576171875,36,38,229.384765625,-5.169767441860465,69.6013355255127,36.337890625
,2,11.318359375,35.7421875,0.009386062622070313,6.798204183578491,47.65625,370.576171875,36,38,229.384765625,-5.153132250580047,69.62010765075684,36.337890625
,0,8.02734375,47.65625,0.04526686668395996,6.843471050262451,49.4140625,373.8671875,38,38,234.43359375,-5.136574074074074,69.62010765075684,41.38671875
,-1,8.02734375,47.65625,0.01305508613586426,6.856526136398315,49.4140625,373.8671875,39,38,234.43359375,-5.124711316397229,69.6331627368927,41.38671875
,-1,8.02734375,47.65625,0.009058952331542969,6.865585088729858,49.4140625,373.8671875,39,38,234.43359375,-5.11520737327189,69.64222168922425,41.38671875
,-2,6.796875,51.171875,0.0352480411529541,6.900833129882813,49.4140625,375.09765625,40,38,235.6640625,-5.105747126436782,69.71271777153015,42.6171875
,-2,6.796875,51.171875,0.009000062942504883,6.909833192825317,49.4140625,375.09765625,40,38,235.6640625,-5.098623853211009,69.73071789741517,42.6171875
,-3,6.796875,51.171875,0.008320808410644531,6.918154001235962,49.4140625,375.09765625,41,38,235.6640625,-5.091533180778032,69.7556803226471,42.6171875
,-3,8.5546875,49.21875,0.03078603744506836,6.94894003868103,51.5625,376.85546875,41,38,236.0546875,-5.08675799086758,69.84803843498231,43.0078125
,-3,8.5546875,49.21875,0.01131796836853027,6.960258007049561,51.5625,376.85546875,41,38,236.0546875,-5.082004555808656,69.88199234008789,43.0078125
,-5,4.16015625,57.03125,0.03641510009765625,6.996673107147217,48.2421875,381.25,43,38,237.12890625,-5.077272727272727,70.06406784057617,44.08203125
,-5,4.16015625,57.03125,0.01208901405334473,7.008762121200562,48.2421875,381.25,43,38,237.12890625,-5.077097505668934,70.1245129108429,44.08203125
,-5,4.16015625,57.03125,0.007890939712524414,7.016653060913086,48.2421875,381.25,43,38,237.12890625,-5.076923076923077,70.16396760940552,44.08203125
,-6,-0.91796875,66.796875,0.04014897346496582,7.056802034378052,44.921875,386.328125,44,38,238.88671875,-5.076749435665914,70.40486145019532,45.83984375
,-6,-0.91796875,66.796875,0.008900165557861328,7.065702199935913,44.921875,386.328125,44,38,238.88671875,-5.078828828828829,70.45826244354249,45.83984375
,-6,-0.91796875,66.796875,0.008306980133056641,7.07400918006897,44.921875,386.328125,44,38,238.88671875,-5.080898876404494,70.50810432434083,45.83984375
,-7,-2.9296875,70.3125,0.02467489242553711,7.098684072494507,43.359375,388.33984375,45,38,239.3359375,-5.082959641255606,70.68082857131959,46.2890625
,-7,-2.9296875,70.3125,0.01047706604003906,7.109161138534546,43.359375,388.33984375,45,38,239.3359375,-5.087248322147651,70.75416803359985,46.2890625
,-7,-6.89453125,73.828125,0.03850483894348145,7.147665977478027,37.890625,392.3046875,45,38,240.83984375,-5.091517857142857,71.02370190620423,44.78515625
,-8,-6.89453125,73.828125,0.01096320152282715,7.158629179000854,37.890625,392.3046875,46,38,240.83984375,-5.095768374164811,71.11140751838684,44.78515625
,-8,-6.89453125,73.828125,0.01155781745910645,7.170186996459961,37.890625,392.3046875,46,38,240.83984375,-5.102222222222222,71.2038700580597,44.78515625
,-9,-11.9921875,78.90625,0.0328681468963623,7.203055143356323,31.25,397.40234375,47,38,242.3828125,-5.108647450110865,71.49968338012695,43.2421875
,-9,-11.9921875,78.90625,0.009902000427246094,7.212957143783569,31.25,397.40234375,47,38,242.3828125,-5.117256637168142,71.58880138397217,43.2421875
,-9,-11.9921875,78.90625,0.01117205619812012,7.224129199981689,31.25,397.40234375,47,38,242.3828125,-5.125827814569536,71.68934988975526,43.2421875
,-9,-17.890625,85.15625,0.03369688987731934,7.257826089859009,23.828125,403.30078125,47,38,243.90625,-5.134361233480176,71.99262189865113,41.71875
,-10,-17.890625,85.15625,0.01103091239929199,7.268857002258301,23.828125,403.30078125,48,38,243.90625,-5.142857142857143,72.10293102264405,41.71875
,-11,-22.216796875,86.9140625,0.03694605827331543,7.305803060531616,16.40625,407.626953125,49,38,247.001953125,-5.153508771929824,72.50933766365051,38.623046875
,-11,-22.216796875,86.9140625,0.01090002059936523,7.316703081130981,16.40625,407.626953125,49,38,247.001953125,-5.166301969365427,72.62923789024353,38.623046875
,-11,-22.216796875,86.9140625,0.008445024490356445,7.325148105621338,16.40625,407.626953125,49,38,247.001953125,-5.179039301310044,72.72213315963746,38.623046875
,-12,-27.8515625,92.96875,0.04124093055725098,7.366389036178589,9.375,413.26171875,50,38,248.3984375,-5.191721132897603,73.21702432632446,37.2265625
,-12,-27.8515625,92.96875,0.008574962615966797,7.374963998794556,9.375,413.26171875,50,38,248.3984375,-5.206521739130435,73.31992387771606,37.2265625
,-12,-27.8515625,92.96875,0.0110480785369873,7.386012077331543,9.375,413.26171875,50,38,248.3984375,-5.221258134490238,73.45250082015991,37.2265625
,-11,-27.94921875,91.015625,0.03284311294555664,7.4188551902771,7.8125,413.359375,49,38,249.86328125,-5.235930735930736,73.81377506256104,35.76171875
,-11,-27.94921875,91.015625,0.00895380973815918,7.427809000015259,7.8125,413.359375,49,38,249.86328125,-5.248380129589632,73.91226696968079,35.76171875
,-11,-26.71875,87.5,0.03874802589416504,7.466557025909424,7.8125,414.58984375,49,38,251.09375,-5.260775862068965,74.3384952545166,34.53125
,-11,-26.71875,87.5,0.009485960006713867,7.476042985916138,7.8125,414.58984375,49,38,251.09375,-5.273118279569893,74.44284081459045,34.53125
,-10,-26.71875,87.5,0.01028013229370117,7.486323118209839,7.8125,414.58984375,48,38,251.09375,-5.285407725321888,74.54564213752747,34.53125
,-9,-26.71875,87.5,0.03208494186401367,7.518408060073853,7.8125,414.58984375,47,38,251.09375,-5.295503211991434,74.83440661430359,34.53125
,-9,-26.71875,87.5,0.01134991645812988,7.529757976531982,7.8125,414.58984375,47,38,251.09375,-5.303418803418803,74.93655586242676,34.53125
,-8,-26.71875,87.5,0.01435708999633789,7.54411506652832,7.8125,414.58984375,46,38,251.09375,-5.311300639658849,75.05141258239746,34.53125
,-7,-28.6328125,92.96875,0.03307008743286133,7.577185153961182,7.8125,416.50390625,45,38,253.0078125,-5.317021276595745,75.2829031944275,36.4453125
,-7,-28.6328125,92.96875,0.01177597045898438,7.588961124420166,7.8125,416.50390625,45,38,253.0078125,-5.320594479830149,75.36533498764038,36.4453125
,-6,-28.6328125,92.96875,0.03709602355957031,7.626057147979736,7.8125,416.50390625,44,38,253.0078125,-5.324152542372881,75.5879111289978,36.4453125
,-5,-28.6328125,92.96875,0.01043891906738281,7.636496067047119,7.8125,416.50390625,43,38,253.0078125,-5.325581395348837,75.64010572433472,36.4453125
,-5,-28.6328125,92.96875,0.01238107681274414,7.648877143859863,7.8125,416.50390625,43,38,253.0078125,-5.324894514767933,75.70201110839844,36.4453125
,-5,-28.6328125,92.96875,0.04098796844482422,7.689865112304688,7.8125,416.50390625,43,38,253.0078125,-5.324210526315789,75.90695095062256,36.4453125
,-4,-28.6328125,92.96875,0.009203910827636719,7.699069023132324,7.8125,416.50390625,42,38,253.0078125,-5.323529411764706,75.94376659393311,36.4453125
,-4,-28.6328125,92.96875,0.007800102233886719,7.706869125366211,7.8125,416.50390625,42,38,253.0078125,-5.320754716981132,75.97496700286865,36.4453125
,-4,-26.71875,87.5,0.03181290626525879,7.73868203163147,7.8125,418.41796875,42,38,254.921875,-5.317991631799163,76.10221862792969,34.53125
,-3,-26.71875,87.5,0.01014900207519531,7.748831033706665,7.8125,418.41796875,41,38,254.921875,-5.315240083507307,76.13266563415528,34.53125
,-2,-17.890625,81.25,0.04098796844482422,7.789819002151489,21.09375,427.24609375,40,38,259.375,-5.310416666666667,76.21464157104493,38.984375
,-1,-17.890625,81.25,0.01784896850585938,7.807667970657349,21.09375,427.24609375,39,38,259.375,-5.303534303534303,76.23249053955078,38.984375
,-1,-17.890625,81.25,0.01106905937194824,7.818737030029297,21.09375,427.24609375,39,38,259.375,-5.294605809128631,76.24355959892274,38.984375
,0,-17.2265625,82.421875,0.04525113105773926,7.863988161087036,23.2421875,427.91015625,38,38,260.859375,-5.285714285714286,76.24355959892274,40.46875
,0,-17.2265625,82.421875,0.009691953659057617,7.873680114746094,23.2421875,427.91015625,38,38,260.859375,-5.274793388429752,76.24355959892274,40.46875
,0,-17.2265625,82.421875,0.008466958999633789,7.882147073745728,23.2421875,427.91015625,38,38,260.859375,-5.263917525773196,76.24355959892274,40.46875
,0,-18.046875,84.765625,0.03174710273742676,7.913894176483154,23.2421875,428.73046875,38,38,261.6796875,-5.253086419753086,76.24355959892274,41.2890625
,0,-18.046875,84.765625,0.01113486289978027,7.925029039382935,23.2421875,428.73046875,38,38,261.6796875,-5.242299794661191,76.24355959892274,41.2890625
,0,-19.51171875,84.765625,0.04540109634399414,7.970430135726929,20.3125,430.1953125,38,38,263.14453125,-5.23155737704918,76.24355959892274,39.82421875
,1,-19.51171875,84.765625,0.017333984375,7.987764120101929,20.3125,430.1953125,37,38,263.14453125,-5.220858895705521,76.26089358329773,39.82421875
,1,-19.51171875,84.765625,0.01631689071655273,8.004081010818481,20.3125,430.1953125,37,38,263.14453125,-5.208163265306123,76.27721047401429,39.82421875
,1,-20.46875,87.5,0.0542600154876709,8.058341026306152,20.3125,431.15234375,37,38,264.1015625,-5.19551934826884,76.33147048950196,40.78125
,1,-20.46875,87.5,0.008389949798583984,8.066730976104736,20.3125,431.15234375,37,38,264.1015625,-5.182926829268292,76.33986043930054,40.78125
,1,-20.46875,87.5,0.0118110179901123,8.078541994094849,20.3125,431.15234375,37,38,264.1015625,-5.170385395537525,76.35167145729065,40.78125
,1,-24.19921875,92.578125,0.03099203109741211,8.109534025192261,16.40625,434.8828125,37,38,264.27734375,-5.157894736842105,76.38266348838807,40.60546875
,0,-24.19921875,92.578125,0.0108649730682373,8.120398998260498,16.40625,434.8828125,38,38,264.27734375,-5.145454545454546,76.38266348838807,40.60546875
,0,-24.78515625,92.578125,0.04104518890380859,8.161444187164307,15.234375,435.46875,38,38,264.86328125,-5.13508064516129,76.38266348838807,40.01953125
,0,-24.78515625,92.578125,0.01447391510009766,8.175918102264404,15.234375,435.46875,38,38,264.86328125,-5.124748490945674,76.38266348838807,40.01953125
,0,-24.78515625,92.578125,0.01247096061706543,8.18838906288147,15.234375,435.46875,38,38,264.86328125,-5.114457831325301,76.38266348838807,40.01953125
,0,-25.37109375,92.578125,0.03828191757202148,8.226670980453491,14.0625,436.0546875,38,38,265.44921875,-5.104208416833667,76.38266348838807,39.43359375
,0,-25.37109375,92.578125,0.01327800750732422,8.239948987960815,14.0625,436.0546875,38,38,265.44921875,-5.094,76.38266348838807,39.43359375
,-1,-25.37109375,92.578125,0.01107501983642578,8.251024007797241,14.0625,436.0546875,39,38,265.44921875,-5.083832335329341,76.39373850822449,39.43359375
,0,-26.38671875,94.921875,0.02881312370300293,8.279837131500244,13.671875,437.0703125,38,38,266.07421875,-5.075697211155378,76.39373850822449,40.05859375
,0,-26.38671875,94.921875,0.01060795783996582,8.29044508934021,13.671875,437.0703125,38,38,266.07421875,-5.065606361829026,76.39373850822449,40.05859375
,1,-26.38671875,94.921875,0.04367709159851074,8.334122180938721,13.671875,437.0703125,37,38,266.07421875,-5.055555555555555,76.437415599823,40.05859375
,0,-26.38671875,94.921875,0.01414299011230469,8.348265171051025,13.671875,437.0703125,38,38,266.07421875,-5.043564356435644,76.437415599823,40.05859375
,1,-26.38671875,94.921875,0.01124095916748047,8.359506130218506,13.671875,437.0703125,37,38,266.07421875,-5.033596837944664,76.44865655899048,40.05859375
,1,-25.703125,92.96875,0.05015301704406738,8.409659147262573,13.671875,437.75390625,37,38,266.7578125,-5.021696252465484,76.49880957603455,39.375
,2,-25.703125,92.96875,0.01024293899536133,8.419902086257935,13.671875,437.75390625,36,38,266.7578125,-5.00984251968504,76.51929545402528,39.375
,2,-25.703125,92.96875,0.01575398445129395,8.435656070709229,13.671875,437.75390625,36,38,266.7578125,-4.99607072691552,76.55080342292786,39.375
,3,-25.703125,92.96875,0.03147006034851074,8.467126131057739,13.671875,437.75390625,35,38,266.7578125,-4.982352941176471,76.64521360397339,39.375
,3,-25.703125,92.96875,0.009811878204345703,8.476938009262085,13.671875,437.75390625,35,38,266.7578125,-4.966731898238748,76.67464923858643,39.375
,4,-23.7890625,87.5,0.03922796249389648,8.516165971755981,13.671875,439.66796875,34,38,268.671875,-4.951171875,76.83156108856202,37.4609375
,7,-23.7890625,87.5,0.03818702697753906,8.554352998733521,13.671875,439.66796875,31,38,268.671875,-4.933723196881092,77.09887027740479,37.4609375
,7,-23.7890625,87.5,0.01136207580566406,8.565715074539185,13.671875,439.66796875,31,38,268.671875,-4.910505836575876,77.17840480804444,37.4609375
,10,-23.7890625,87.5,0.05075407028198242,8.616469144821167,13.671875,439.66796875,28,38,268.671875,-4.887378640776699,77.68594551086426,37.4609375
,10,-23.7890625,87.5,0.01317596435546875,8.629645109176636,13.671875,439.66796875,28,38,268.671875,-4.858527131782946,77.81770515441895,37.4609375
,10,-23.7890625,87.5,0.01130008697509766,8.640945196151733,13.671875,439.66796875,28,38,268.671875,-4.829787234042553,77.93070602416993,37.4609375
,11,-19.482421875,75.1953125,0.03163290023803711,8.672578096389771,13.671875,443.974609375,27,38,272.978515625,-4.801158301158301,78.27866792678833,33.154296875
,12,-19.482421875,75.1953125,0.01155209541320801,8.684130191802979,13.671875,443.974609375,26,38,272.978515625,-4.770712909441233,78.41729307174683,33.154296875
,14,-7.6953125,55.46875,0.03887200355529785,8.723002195358276,23.4375,455.76171875,24,38,275.0,-4.738461538461539,78.961501121521,31.1328125
,14,-7.6953125,55.46875,0.01093387603759766,8.733936071395874,23.4375,455.76171875,24,38,275.0,-4.702495201535509,79.11457538604736,31.1328125
,14,-7.6953125,55.46875,0.01095795631408691,8.744894027709961,23.4375,455.76171875,24,38,275.0,-4.666666666666667,79.26798677444459,31.1328125
,16,2.734375,31.25,0.04205513000488281,8.786949157714844,27.34375,466.19140625,22,38,281.5234375,-4.630975143403441,79.94086885452271,24.609375
,17,2.734375,31.25,0.01166296005249023,8.798612117767334,27.34375,466.19140625,21,38,281.5234375,-4.591603053435114,80.13913917541505,24.609375
,17,2.734375,31.25,0.01129698753356934,8.809909105300903,27.34375,466.19140625,21,38,281.5234375,-4.55047619047619,80.33118796348573,24.609375
,17,8.57421875,24.609375,0.03366804122924805,8.843577146530151,34.375,472.03125,21,38,282.71484375,-4.509505703422053,80.90354466438294,25.80078125
,17,8.57421875,24.609375,0.00728297233581543,8.850860118865967,34.375,472.03125,21,38,282.71484375,-4.468690702087287,81.0273551940918,25.80078125
,18,15.87890625,8.203125,0.04628705978393555,8.897147178649902,37.5,479.3359375000001,20,38,286.89453125,-4.428030303030303,81.86052227020264,21.62109375
,18,15.87890625,8.203125,0.01143884658813477,8.908586025238037,37.5,479.3359375000001,20,38,286.89453125,-4.385633270321361,82.06642150878906,21.62109375
,18,15.87890625,8.203125,0.008371114730834961,8.916957139968872,37.5,479.3359375000001,20,38,286.89453125,-4.343396226415094,82.2171015739441,21.62109375
,17,16.85546875,8.203125,0.04166698455810547,8.958624124526978,39.453125,480.3125000000001,21,38,287.87109375,-4.301318267419962,82.92544031143189,22.59765625
,17,16.85546875,8.203125,0.01122498512268066,8.969849109649658,39.453125,480.3125000000001,21,38,287.87109375,-4.261278195488722,83.11626505851747,22.59765625
,17,16.85546875,8.203125,0.01078104972839355,8.980630159378052,39.453125,480.3125000000001,21,38,287.87109375,-4.221388367729831,83.29954290390015,22.59765625
,16,19.7265625,0,0.03037595748901367,9.011006116867065,39.453125,483.18359375,22,38,290.7421875,-4.181647940074907,83.78555822372437,19.7265625
,16,19.7265625,0,0.01244688034057617,9.023452997207642,39.453125,483.18359375,22,38,290.7421875,-4.14392523364486,83.98470830917359,19.7265625
,15,13.3203125,-2.34375,0.03441405296325684,9.057867050170898,25.0,489.5898437500001,23,38,298.7890625,-4.106343283582089,84.50091910362245,11.6796875
,15,13.3203125,-2.34375,0.00922703742980957,9.067094087600708,25.0,489.5898437500001,23,38,298.7890625,-4.070763500931099,84.63932466506959,11.6796875
,15,13.3203125,-2.34375,0.009300947189331055,9.076395034790039,25.0,489.5898437500001,23,38,298.7890625,-4.035315985130111,84.77883887290956,11.6796875
,13,11.85546875,-0.390625,0.03341412544250488,9.109809160232544,23.4375,491.0546875000001,25,38,298.88671875,-4.0,85.21322250366211,11.58203125
,13,11.85546875,-0.390625,0.01290297508239746,9.122712135314941,23.4375,491.0546875000001,25,38,298.88671875,-3.968518518518518,85.38096117973328,11.58203125
,13,11.85546875,-0.390625,0.007281064987182617,9.129993200302124,23.4375,491.0546875000001,25,38,298.88671875,-3.937153419593346,85.47561502456665,11.58203125
,12,11.30859375,1.171875,0.03156781196594238,9.161561012268066,23.4375,491.6015625,26,38,299.43359375,-3.90590405904059,85.85442876815796,12.12890625
,12,11.30859375,1.171875,0.008551120758056641,9.170112133026123,23.4375,491.6015625,26,38,299.43359375,-3.876611418047882,85.95704221725464,12.12890625
,11,18.33984375,1.171875,0.0463569164276123,9.216469049453735,37.5,498.6328125,27,38,306.46484375,-3.847426470588236,86.46696829795838,19.16015625
,11,18.33984375,1.171875,0.009846925735473633,9.226315975189209,37.5,498.6328125,27,38,306.46484375,-3.820183486238532,86.57528448104859,19.16015625
,11,18.33984375,1.171875,0.008651018142700195,9.234966993331909,37.5,498.6328125,27,38,306.46484375,-3.793040293040293,86.67044568061829,19.16015625
,11,23.125,-4.6875,0.0354771614074707,9.27044415473938,42.96875,503.41796875,27,38,307.1484375,-3.76599634369287,87.06069445610046,19.84375
,10,23.125,-4.6875,0.01273202896118164,9.283176183700562,42.96875,503.41796875,28,38,307.1484375,-3.739051094890511,87.18801474571228,19.84375
,10,23.125,-4.6875,0.0114138126373291,9.294589996337891,42.96875,503.41796875,28,38,307.1484375,-3.714025500910747,87.30215287208557,19.84375
,8,25.205078125,-8.3984375,0.03256916999816895,9.32715916633606,44.53125,505.498046875,30,38,307.666015625,-3.689090909090909,87.56270623207092,19.326171875
,8,25.205078125,-8.3984375,0.01586580276489258,9.343024969100952,44.53125,505.498046875,30,38,307.666015625,-3.667876588021779,87.68963265419007,19.326171875
,7,22.5390625,-0.78125,0.03379607200622559,9.376821041107178,44.53125,508.1640625,31,38,310.33203125,-3.646739130434783,87.92620515823364,21.9921875
,7,22.5390625,-0.78125,0.0113379955291748,9.388159036636353,44.53125,508.1640625,31,38,310.33203125,-3.62748643761302,88.00557112693786,21.9921875
,6,22.5390625,-0.78125,0.01162910461425781,9.39978814125061,44.53125,508.1640625,32,38,310.33203125,-3.608303249097473,88.07534575462341,21.9921875
,5,21.71875,1.5625,0.04120492935180664,9.440993070602417,44.53125,508.984375,33,38,311.15234375,-3.590990990990991,88.28137040138245,22.8125
,5,21.71875,1.5625,0.007390975952148438,9.448384046554565,44.53125,508.984375,33,38,311.15234375,-3.575539568345324,88.31832528114319,22.8125
,5,21.71875,1.5625,0.008046150207519531,9.456430196762085,44.53125,508.984375,33,38,311.15234375,-3.560143626570916,88.35855603218079,22.8125
,4,20.3515625,5.46875,0.03238081932067871,9.488811016082764,44.53125,510.3515625,34,38,312.51953125,-3.544802867383512,88.4880793094635,24.1796875
,3,20.3515625,5.46875,0.01199603080749512,9.500807046890259,44.53125,510.3515625,35,38,312.51953125,-3.531305903398926,88.52406740188599,24.1796875
,2,16.25,17.1875,0.03369998931884766,9.534507036209106,44.53125,514.453125,36,38,316.62109375,-3.519642857142857,88.59146738052369,28.28125
,2,16.25,17.1875,0.01027297973632813,9.544780015945435,44.53125,514.453125,36,38,316.62109375,-3.509803921568627,88.61201333999634,28.28125
,2,16.25,17.1875,0.01090407371520996,9.555684089660645,44.53125,514.453125,36,38,316.62109375,-3.5,88.63382148742676,28.28125
,1,14.98046875,23.046875,0.04478192329406738,9.600466012954712,46.09375,515.72265625,37,38,319.453125,-3.490230905861456,88.67860341072083,31.11328125
,1,14.98046875,23.046875,0.01050496101379395,9.610970973968506,46.09375,515.72265625,37,38,319.453125,-3.482269503546099,88.68910837173463,31.11328125
,1,14.98046875,23.046875,0.01063108444213867,9.621602058410645,46.09375,515.72265625,37,38,319.453125,-3.474336283185841,88.69973945617676,31.11328125
,1,20.7421875,9.375,0.03533506393432617,9.656937122344971,48.046875,521.484375,37,38,323.26171875,-3.466431095406361,88.73507452011109,27.3046875
,1,20.7421875,9.375,0.01000404357910156,9.666941165924072,48.046875,521.484375,37,38,323.26171875,-3.458553791887125,88.7450785636902,27.3046875
,2,27.24609375,0,0.04340291023254395,9.710344076156616,54.4921875,527.98828125,36,38,323.3203125,-3.450704225352113,88.83188438415528,27.24609375
,1,27.24609375,0,0.0136411190032959,9.723985195159912,54.4921875,527.98828125,37,38,323.3203125,-3.441124780316344,88.84552550315858,27.24609375
,1,27.24609375,0,0.01181793212890625,9.735803127288818,54.4921875,527.98828125,37,38,323.3203125,-3.433333333333333,88.85734343528748,27.24609375
,1,27.3828125,-0.390625,0.03982400894165039,9.775627136230469,54.4921875,528.125,37,38,323.45703125,-3.425569176882662,88.89716744422913,27.109375
,1,27.3828125,-0.390625,0.009459018707275391,9.785086154937744,54.4921875,528.125,37,38,323.45703125,-3.417832167832168,88.9066264629364,27.109375
,1,27.3828125,-0.390625,0.009763002395629883,9.794849157333374,54.4921875,528.125,37,38,323.45703125,-3.410122164048865,88.91638946533204,27.109375
,2,32.16796875,-14.0625,0.03256797790527344,9.827417135238647,54.4921875,532.91015625,36,38,328.2421875,-3.402439024390244,88.98152542114259,22.32421875
,2,32.16796875,-14.0625,0.0124208927154541,9.839838027954102,54.4921875,532.91015625,36,38,328.2421875,-3.39304347826087,89.00636720657349,22.32421875
,2,34.287109375,-20.1171875,0.0473320484161377,9.887170076370239,54.4921875,535.029296875,36,38,330.361328125,-3.383680555555555,89.10103130340577,20.205078125
,2,34.287109375,-20.1171875,0.01053905487060547,9.897709131240845,54.4921875,535.029296875,36,38,330.361328125,-3.374350086655113,89.12210941314697,20.205078125
,2,34.287109375,-20.1171875,0.008589982986450195,9.906299114227295,54.4921875,535.029296875,36,38,330.361328125,-3.365051903114187,89.13928937911988,20.205078125
,1,37.79296875,-29.296875,0.0401768684387207,9.946475982666016,55.078125,538.53515625,37,38,333.28125,-3.355785837651123,89.1794662475586,17.28515625
,1,37.79296875,-29.296875,0.007375001907348633,9.953850984573364,55.078125,538.53515625,37,38,333.28125,-3.348275862068966,89.18684124946594,17.28515625
,1,37.79296875,-29.296875,0.009123086929321289,9.962974071502686,55.078125,538.53515625,37,38,333.28125,-3.3407917383821,89.19596433639526,17.28515625
,1,45.2734375,-50.390625,0.03693294525146484,9.99990701675415,55.2734375,546.015625,37,38,340.56640625,-3.333333333333333,89.23289728164674,10.0
,1,45.2734375,-50.390625,0.008327960968017578,10.00823497772217,55.2734375,546.015625,37,38,340.56640625,-3.32590051457976,89.24122524261476,10.0
,1,48.96484375,-60.9375,0.03468704223632813,10.0429220199585,55.2734375,549.70703125,37,38,344.2578125,-3.318493150684931,89.27591228485108,6.30859375
,1,48.96484375,-60.9375,0.01018309593200684,10.0531051158905,55.2734375,549.70703125,37,38,344.2578125,-3.311111111111111,89.28609538078309,6.30859375
,1,48.96484375,-60.9375,0.01185202598571777,10.06495714187622,55.2734375,549.70703125,37,38,344.2578125,-3.303754266211604,89.29794740676881,6.30859375
,1,52.51953125,-71.09375,0.0280158519744873,10.09297299385071,55.2734375,553.2617187500001,37,38,347.8125,-3.296422487223169,89.32596325874329,2.75390625
,1,52.51953125,-71.09375,0.00793004035949707,10.1009030342102,55.2734375,553.2617187500001,37,38,347.8125,-3.289115646258503,89.33389329910279,2.75390625
,1,52.51953125,-71.09375,0.01288604736328125,10.11378908157349,55.2734375,553.2617187500001,37,38,347.8125,-3.281833616298812,89.34677934646606,2.75390625
,0,51.962890625,-74.8046875,0.03076410293579102,10.14455318450928,51.5625,553.818359375,38,38,350.966796875,-3.274576271186441,89.34677934646606,-0.400390625
,0,51.962890625,-74.8046875,0.006550788879394531,10.15110397338867,51.5625,553.818359375,38,38,350.966796875,-3.269035532994924,89.34677934646606,-0.400390625
,-1,50.625,-72.65625,0.03799819946289063,10.18910217285156,50.390625,555.15625,39,38,351.1328125,-3.263513513513514,89.38477754592896,-0.234375
,-2,50.625,-72.65625,0.008510828018188477,10.19761300086975,50.390625,555.15625,40,38,351.1328125,-3.259696458684654,89.40179920196533,-0.234375
,-2,50.625,-72.65625,0.008542060852050781,10.2061550617218,50.390625,555.15625,40,38,351.1328125,-3.257575757575758,89.41888332366943,-0.234375
,-4,48.642578125,-66.9921875,0.03727102279663086,10.24342608451843,50.390625,557.138671875,42,38,353.115234375,-3.25546218487395,89.56796741485595,1.748046875
,-5,48.642578125,-66.9921875,0.007328033447265625,10.2507541179657,50.390625,557.138671875,43,38,353.115234375,-3.256711409395973,89.60460758209228,1.748046875
,-6,48.642578125,-66.9921875,0.01218485832214355,10.26293897628784,50.390625,557.138671875,44,38,353.115234375,-3.25963149078727,89.67771673202515,1.748046875
,-9,43.994140625,-53.7109375,0.02958512306213379,10.29252409934998,50.390625,561.787109375,47,38,357.763671875,-3.264214046822743,89.94398283958436,6.396484375
,-9,43.994140625,-53.7109375,0.007535934448242188,10.30006003379822,50.390625,561.787109375,47,38,357.763671875,-3.273789649415693,90.01180624961853,6.396484375
,-13,32.919921875,-22.0703125,0.04056501388549805,10.34062504768372,50.390625,572.861328125,51,38,368.837890625,-3.283333333333333,90.53915143013,17.470703125
,-14,32.919921875,-22.0703125,0.008100032806396484,10.34872508049011,50.390625,572.861328125,52,38,368.837890625,-3.299500831946756,90.65255188941956,17.470703125
,-14,32.919921875,-22.0703125,0.008088111877441406,10.35681319236755,50.390625,572.861328125,52,38,368.837890625,-3.317275747508305,90.76578545570374,17.470703125
,-18,24.033203125,3.3203125,0.04003286361694336,10.3968460559845,50.390625,581.748046875,56,38,377.724609375,-3.334991708126037,91.48637700080872,26.357421875
,-19,24.033203125,3.3203125,0.01312398910522461,10.40997004508972,50.390625,581.748046875,57,38,377.724609375,-3.359271523178808,91.73573279380799,26.357421875
,-19,24.033203125,3.3203125,0.009721040725708008,10.41969108581543,50.390625,581.748046875,57,38,377.724609375,-3.385123966942149,91.92043256759645,26.357421875
,-21,21.09375,15.625,0.03018403053283691,10.44987511634827,53.125,584.6875,59,38,383.3984375,-3.410891089108911,92.55429720878601,32.03125
,-21,21.09375,15.625,0.01047897338867188,10.46035408973694,53.125,584.6875,59,38,383.3984375,-3.439868204283361,92.77435564994812,32.03125
,-21,15.419921875,31.8359375,0.03845405578613281,10.49880814552307,53.125,590.361328125,59,38,389.072265625,-3.46875,93.58189082145691,37.705078125
,-21,15.419921875,31.8359375,0.01001405715942383,10.5088222026825,53.125,590.361328125,59,38,389.072265625,-3.497536945812808,93.79218602180481,37.705078125
,-22,15.419921875,31.8359375,0.009225845336914063,10.51804804801941,53.125,590.361328125,60,38,389.072265625,-3.526229508196721,93.99515461921693,37.705078125
,-21,11.083984375,41.9921875,0.04148006439208984,10.5595281124115,51.5625,594.697265625,59,38,391.845703125,-3.556464811783961,94.86623597145082,40.478515625
,-21,11.083984375,41.9921875,0.01258993148803711,10.57211804389954,51.5625,594.697265625,59,38,391.845703125,-3.584967320261438,95.13062453269958,40.478515625
,-21,11.083984375,41.9921875,0.008677959442138672,10.58079600334167,51.5625,594.697265625,59,38,391.845703125,-3.613376835236541,95.3128616809845,40.478515625
,-21,6.6015625,49.21875,0.03498196601867676,10.61577796936035,47.65625,599.1796875,59,38,392.421875,-3.641693811074918,96.04748296737672,41.0546875
,-21,6.6015625,49.21875,0.008310079574584961,10.62408804893494,47.65625,599.1796875,59,38,392.421875,-3.669918699186992,96.221994638443,41.0546875
,-20,5.5859375,55.46875,0.04236912727355957,10.6664571762085,50.0,600.1953125,58,38,395.78125,-3.698051948051948,97.06937718391419,44.4140625
,-19,5.5859375,55.46875,0.009761810302734375,10.67621898651123,50.0,600.1953125,57,38,395.78125,-3.724473257698541,97.25485157966615,44.4140625
,-19,5.5859375,55.46875,0.01060199737548828,10.68682098388672,50.0,600.1953125,57,38,395.78125,-3.749190938511327,97.45628952980042,44.4140625
,-16,2.63671875,60.546875,0.04608702659606934,10.73290801048279,47.65625,603.14453125,54,38,396.38671875,-3.773828756058158,98.19368195533754,45.01953125
,-15,2.63671875,60.546875,0.009993076324462891,10.74290108680725,47.65625,603.14453125,53,38,396.38671875,-3.793548387096774,98.34357810020448,45.01953125
,-14,2.63671875,60.546875,0.01305389404296875,10.75595498085022,47.65625,603.14453125,52,38,396.38671875,-3.811594202898551,98.52633261680603,45.01953125
,-11,0.3125,67.1875,0.0312352180480957,10.78719019889832,47.65625,605.46875,49,38,398.7109375,-3.827974276527331,98.86992001533509,47.34375
,-10,0.3125,67.1875,0.01301980018615723,10.80020999908447,47.65625,605.46875,48,38,398.7109375,-3.839486356340289,99.00011801719666,47.34375
,-6,-1.708984375,71.2890625,0.0404350757598877,10.84064507484436,46.484375,607.490234375,44,38,399.560546875,-3.849358974358974,99.24272847175599,48.193359375
,-5,-1.708984375,71.2890625,0.01085805892944336,10.8515031337738,46.484375,607.490234375,43,38,399.560546875,-3.8528,99.29701876640321,48.193359375
,-4,-1.708984375,71.2890625,0.01421284675598145,10.86571598052979,46.484375,607.490234375,42,38,399.560546875,-3.854632587859425,99.35387015342712,48.193359375
,-1,-1.640625,71.09375,0.04119420051574707,10.90691018104553,46.484375,607.5585937500001,39,38,399.62890625,-3.854864433811802,99.39506435394287,48.125
,1,-1.640625,71.09375,0.01291298866271973,10.91982316970825,46.484375,607.5585937500001,37,38,399.62890625,-3.85031847133758,99.4079773426056,48.125
,1,-1.640625,71.09375,0.01118993759155273,10.93101310729981,46.484375,607.5585937500001,37,38,399.62890625,-3.842607313195548,99.41916728019715,48.125
,5,2.05078125,60.546875,0.03981804847717285,10.97083115577698,46.484375,611.25,33,38,403.3203125,-3.834920634920635,99.61825752258301,44.43359375
,6,2.05078125,60.546875,0.0158228874206543,10.98665404319763,46.484375,611.25,32,38,403.3203125,-3.820919175911252,99.71319484710694,44.43359375
,10,18.037109375,29.1015625,0.04337501525878906,11.03002905845642,56.4453125,627.2363281250001,28,38,409.345703125,-3.805379746835443,100.1469449996948,38.408203125
,11,18.037109375,29.1015625,0.01280999183654785,11.04283905029297,56.4453125,627.2363281250001,27,38,409.345703125,-3.783570300157978,100.2878549098968,38.408203125
,12,18.037109375,29.1015625,0.01315999031066895,11.05599904060364,56.4453125,627.2363281250001,26,38,409.345703125,-3.7602523659306,100.4457747936249,38.408203125
,15,32.8515625,1.5625,0.05016112327575684,11.10616016387939,66.796875,642.05078125,23,38,413.80859375,-3.735433070866142,101.1981916427612,33.9453125
,17,32.8515625,1.5625,0.009810924530029297,11.11597108840942,66.796875,642.05078125,21,38,413.80859375,-3.705974842767295,101.3649773597717,33.9453125
,17,32.8515625,1.5625,0.01268792152404785,11.12865900993347,66.796875,642.05078125,21,38,413.80859375,-3.673469387755102,101.5806720256806,33.9453125
,19,34.375,0,0.03149008750915527,11.16014909744263,68.75,643.57421875,19,38,414.23828125,-3.641065830721003,102.1789836883545,34.375
,20,34.375,0,0.01344108581542969,11.17359018325806,68.75,643.57421875,18,38,414.23828125,-3.605633802816901,102.4478054046631,34.375
,23,28.7109375,19.53125,0.05248188972473145,11.22607207298279,71.09375,649.23828125,15,38,422.24609375,-3.56875,103.6548888683319,42.3828125
,23,28.7109375,19.53125,0.01241898536682129,11.23849105834961,71.09375,649.23828125,15,38,422.24609375,-3.527301092043682,103.9405255317688,42.3828125
,23,28.7109375,19.53125,0.01037812232971191,11.24886918067932,71.09375,649.23828125,15,38,422.24609375,-3.485981308411215,104.1792223453522,42.3828125
,24,39.00390625,1.5625,0.04095101356506348,11.28982019424438,79.1015625,659.53125,14,38,424.53125,-3.444790046656299,105.1620466709137,40.09765625
,24,39.00390625,1.5625,0.01394391059875488,11.30376410484314,79.1015625,659.53125,14,38,424.53125,-3.402173913043478,105.4967005252838,40.09765625
,24,39.00390625,1.5625,0.009814023971557617,11.3135781288147,79.1015625,659.53125,14,38,424.53125,-3.35968992248062,105.7322371006012,40.09765625
,23,46.19140625,-5.859375,0.03354501724243164,11.34712314605713,88.28125,666.71875,15,38,426.5234375,-3.31733746130031,106.5037724971771,42.08984375
,23,46.19140625,-5.859375,0.009929895401000977,11.35705304145813,88.28125,666.71875,15,38,426.5234375,-3.276661514683153,106.7321600914001,42.08984375
,22,52.3828125,-17.96875,0.03948497772216797,11.3965380191803,92.1875,672.91015625,16,38,428.80859375,-3.236111111111111,107.6008296012879,39.8046875
,21,52.3828125,-17.96875,0.01238608360290527,11.4089241027832,92.1875,672.91015625,17,38,428.80859375,-3.197226502311248,107.8609373569489,39.8046875
,21,52.3828125,-17.96875,0.009264945983886719,11.41818904876709,92.1875,672.91015625,17,38,428.80859375,-3.16,108.0555012226105,39.8046875
,18,50.625,-17.96875,0.0401771068572998,11.45836615562439,88.671875,674.66796875,20,38,430.56640625,-3.122887864823349,108.7786891460419,38.046875
,18,50.625,-17.96875,0.008543968200683594,11.46691012382507,88.671875,674.66796875,20,38,430.56640625,-3.090490797546012,108.9324805736542,38.046875
,18,50.625,-17.96875,0.009299039840698242,11.47620916366577,88.671875,674.66796875,20,38,430.56640625,-3.058192955589587,109.0998632907867,38.046875
,18,54.453125,-28.90625,0.02372002601623535,11.49992918968201,88.671875,678.49609375,20,38,434.39453125,-3.025993883792049,109.526823759079,34.21875
,18,54.453125,-28.90625,0.009887933731079102,11.50981712341309,88.671875,678.49609375,20,38,434.39453125,-2.993893129770992,109.7048065662384,34.21875
,20,68.80859375,-69.921875,0.03800296783447266,11.54782009124756,88.671875,692.8515625,18,38,448.75,-2.961890243902439,110.4648659229279,19.86328125
,21,68.80859375,-69.921875,0.009144067764282227,11.55696415901184,88.671875,692.8515625,17,38,448.75,-2.926940639269406,110.6568913459778,19.86328125
,21,68.80859375,-69.921875,0.01046490669250488,11.56742906570435,88.671875,692.8515625,17,38,448.75,-2.890577507598784,110.8766543865204,19.86328125
,22,63.525390625,-57.6171875,0.04555010795593262,11.61297917366028,86.71875,698.1347656250001,16,38,452.080078125,-2.854324734446131,111.8787567615509,23.193359375
,16,63.525390625,-57.6171875,0.01371097564697266,11.62669014930725,86.71875,698.1347656250001,22,38,452.080078125,-2.816666666666667,112.0981323719025,23.193359375
,7,63.525390625,-57.6171875,0.01375985145568848,11.64045000076294,86.71875,698.1347656250001,31,38,452.080078125,-2.788199697428139,112.1944513320923,23.193359375
,1,60.234375,-51.5625,0.03305315971374512,11.67350316047669,84.375,701.42578125,37,38,453.02734375,-2.773413897280967,112.227504491806,24.140625
,1,60.234375,-51.5625,0.007548809051513672,11.6810519695282,84.375,701.42578125,37,38,453.02734375,-2.767722473604826,112.2350533008575,24.140625
,-2,51.30859375,-33.59375,0.0397341251373291,11.72078609466553,79.1015625,710.3515625,40,38,456.6796875000001,-2.762048192771084,112.3145215511322,27.79296875
,-9,51.30859375,-33.59375,0.01231503486633301,11.73310112953186,79.1015625,710.3515625,47,38,456.6796875000001,-2.760902255639098,112.4253568649292,27.79296875
,-21,51.30859375,-33.59375,0.01326990127563477,11.7463710308075,79.1015625,710.3515625,59,38,456.6796875000001,-2.77027027027027,112.7040247917175,27.79296875
,-38,39.296875,-14.0625,0.03984713554382324,11.78621816635132,68.75,722.36328125,76,38,458.3398437500001,-2.7976011994003,114.2182159423828,29.453125
,-38,39.296875,-14.0625,0.008230924606323242,11.79444909095764,68.75,722.36328125,76,38,458.3398437500001,-2.850299401197605,114.5309910774231,29.453125
,-38,39.296875,-14.0625,0.01129293441772461,11.80574202537537,68.75,722.36328125,76,38,458.3398437500001,-2.902840059790732,114.9601225852966,29.453125
