abs_avik=calc,avvik=calc,PowerD=calc,joySide=meas,Ts=calc,Tid=meas,joyForward=meas,TvD=calc,Lys=meas,Referanse=calc,TvA=calc,MAEList=calc,IAEList=calc,PowerA=calc
Lys0=42
,0,6.9140625,-0.78125,0.005,0,13.28125,0,42,42,0,0,0,6.3671875
,0,11.2109375,-0.78125,0.02606606483459473,0.02606606483459473,21.875,4.296875,42,42,4.296875,0,0,10.6640625
,0,11.2109375,-0.78125,0.00513005256652832,0.03119611740112305,21.875,4.296875,42,42,4.296875,0,0,10.6640625
,-1,16.2890625,-0.78125,0.02082395553588867,0.05202007293701172,32.03125,9.375,43,42,9.375,0,0.02082395553588867,15.7421875
,0,17.36328125,-0.78125,0.01122498512268066,0.06324505805969238,34.1796875,10.44921875,42,42,10.44921875,-0.25,0.02082395553588867,16.81640625
,0,17.36328125,-0.78125,0.009010076522827148,0.07225513458251953,34.1796875,10.44921875,42,42,10.44921875,-0.2,0.02082395553588867,16.81640625
,-1,19.8046875,-0.78125,0.01104283332824707,0.0832979679107666,39.0625,12.890625,43,42,12.890625,-0.1666666666666667,0.03186678886413574,19.2578125
,0,19.8046875,-0.78125,0.007200002670288086,0.09049797058105469,39.0625,12.890625,42,42,12.890625,-0.2857142857142857,0.03186678886413574,19.2578125
,-1,22.5390625,-0.78125,0.02553701400756836,0.116034984588623,44.53125,15.625,43,42,15.625,-0.25,0.0574038028717041,21.9921875
,0,22.5390625,-0.78125,0.006057977676391602,0.1220929622650146,44.53125,15.625,42,42,15.625,-0.3333333333333333,0.0574038028717041,21.9921875
,0,22.5390625,-0.78125,0.003121137619018555,0.1252140998840332,44.53125,15.625,42,42,15.625,-0.3,0.0574038028717041,21.9921875
,0,22.5390625,-0.78125,0.02196002006530762,0.1471741199493408,44.53125,15.625,42,42,15.625,-0.2727272727272727,0.0574038028717041,21.9921875
,1,22.5390625,-0.78125,0.01031780242919922,0.15749192237854,44.53125,15.625,41,42,15.625,-0.25,0.06772160530090332,21.9921875
,1,22.5390625,-0.78125,0.005549192428588867,0.1630411148071289,44.53125,15.625,41,42,15.625,-0.1538461538461539,0.07327079772949219,21.9921875
,2,22.5390625,-0.78125,0.009500026702880859,0.1725411415100098,44.53125,15.625,40,42,15.625,-0.07142857142857142,0.09227085113525391,21.9921875
,3,22.5390625,-0.78125,0.006639003753662109,0.1791801452636719,44.53125,15.625,39,42,15.625,0.06666666666666666,0.1121878623962402,21.9921875
,4,23.3203125,-0.78125,0.01627492904663086,0.1954550743103027,46.09375,16.40625,38,42,16.40625,0.25,0.1772875785827637,22.7734375
,4,23.3203125,-0.78125,0.006711959838867188,0.2021670341491699,46.09375,16.40625,38,42,16.40625,0.4705882352941177,0.2041354179382324,22.7734375
,5,23.3203125,-0.78125,0.01388692855834961,0.2160539627075195,46.09375,16.40625,37,42,16.40625,0.6666666666666666,0.2735700607299805,22.7734375
,4,23.3203125,-0.78125,0.01113700866699219,0.2271909713745117,46.09375,16.40625,38,42,16.40625,0.8947368421052632,0.3181180953979492,22.7734375
,5,23.3203125,-0.78125,0.004683971405029297,0.231874942779541,46.09375,16.40625,37,42,16.40625,1.05,0.3415379524230957,22.7734375
,5,24.1015625,-0.78125,0.01862502098083496,0.250499963760376,47.65625,17.1875,37,42,17.1875,1.238095238095238,0.4346630573272705,23.5546875
,5,24.1015625,-0.78125,0.006592035293579102,0.2570919990539551,47.65625,17.1875,37,42,17.1875,1.409090909090909,0.467623233795166,23.5546875
,5,23.96484375,-0.390625,0.02108502388000488,0.27817702293396,47.65625,17.32421875,37,42,17.32421875,1.565217391304348,0.5730483531951904,23.69140625
,5,24.84375,-0.390625,0.008027076721191406,0.2862040996551514,49.4140625,18.203125,37,42,18.203125,1.708333333333333,0.6131837368011475,24.5703125
,5,24.84375,-0.390625,0.003797054290771484,0.2900011539459229,49.4140625,18.203125,37,42,18.203125,1.84,0.6321690082550049,24.5703125
,4,25.0390625,-0.390625,0.01923680305480957,0.3092379570007324,49.8046875,18.3984375,38,42,18.3984375,1.961538461538461,0.7091162204742432,24.765625
,5,25.0390625,-0.390625,0.007606983184814453,0.3168449401855469,49.8046875,18.3984375,37,42,18.3984375,2.037037037037037,0.7471511363983154,24.765625
,5,25.0390625,-0.390625,0.009339094161987305,0.3261840343475342,49.8046875,18.3984375,37,42,18.3984375,2.142857142857143,0.793846607208252,24.765625
,6,26.50390625,-0.390625,0.02193903923034668,0.3481230735778809,52.734375,19.86328125,36,42,19.86328125,2.241379310344827,0.925480842590332,26.23046875
,7,26.50390625,-0.390625,0.009923934936523438,0.3580470085144043,52.734375,19.86328125,35,42,19.86328125,2.366666666666667,0.9949483871459961,26.23046875
,7,26.50390625,-0.390625,0.009199142456054688,0.367246150970459,52.734375,19.86328125,35,42,19.86328125,2.516129032258065,1.059342384338379,26.23046875
,8,27.08984375,-0.390625,0.006630897521972656,0.3738770484924316,53.90625,20.44921875,34,42,20.44921875,2.65625,1.11238956451416,26.81640625
,8,27.08984375,-0.390625,0.006953954696655273,0.3808310031890869,53.90625,20.44921875,34,42,20.44921875,2.818181818181818,1.168021202087402,26.81640625
,10,27.08984375,-0.390625,0.0179290771484375,0.3987600803375244,53.90625,20.44921875,32,42,20.44921875,2.970588235294118,1.347311973571777,26.81640625
,10,26.89453125,-0.390625,0.02755904197692871,0.4263191223144531,53.515625,20.64453125,32,42,20.64453125,3.171428571428571,1.622902393341064,26.62109375
,9,26.89453125,-0.390625,0.01200389862060547,0.4383230209350586,53.515625,20.64453125,33,42,20.64453125,3.361111111111111,1.730937480926514,26.62109375
,9,26.89453125,-0.390625,0.007975101470947266,0.4462981224060059,53.515625,20.64453125,33,42,20.64453125,3.513513513513514,1.802713394165039,26.62109375
,10,27.48046875,-0.390625,0.008962869644165039,0.4552609920501709,54.6875,21.23046875,32,42,21.23046875,3.657894736842105,1.892342090606689,27.20703125
,10,27.48046875,-0.390625,0.008657932281494141,0.463918924331665,54.6875,21.23046875,32,42,21.23046875,3.820512820512821,1.978921413421631,27.20703125
,9,27.48046875,-0.390625,0.01887822151184082,0.4827971458435059,54.6875,21.23046875,33,42,21.23046875,3.975,2.148825407028198,27.20703125
,9,27.48046875,-0.390625,0.003428936004638672,0.4862260818481445,54.6875,21.23046875,33,42,21.23046875,4.097560975609756,2.179685831069946,27.20703125
,9,27.48046875,-0.390625,0.005885839462280273,0.4921119213104248,54.6875,21.23046875,33,42,21.23046875,4.214285714285714,2.232658386230469,27.20703125
,9,27.48046875,-0.390625,0.02321910858154297,0.5153310298919678,54.6875,21.23046875,33,42,21.23046875,4.325581395348837,2.441630363464355,27.20703125
,9,27.48046875,-0.390625,0.009860038757324219,0.525191068649292,54.6875,21.23046875,33,42,21.23046875,4.431818181818182,2.530370712280273,27.20703125
,9,27.48046875,-0.390625,0.01210403442382813,0.5372951030731201,54.6875,21.23046875,33,42,21.23046875,4.533333333333333,2.639307022094727,27.20703125
,9,27.48046875,-0.390625,0.009112834930419922,0.54640793800354,54.6875,21.23046875,33,42,21.23046875,4.630434782608695,2.721322536468506,27.20703125
,10,27.48046875,-0.390625,0.005747079849243164,0.5521550178527832,54.6875,21.23046875,32,42,21.23046875,4.723404255319149,2.778793334960938,27.20703125
,9,27.48046875,-0.390625,0.02328991889953613,0.5754449367523193,54.6875,21.23046875,33,42,21.23046875,4.833333333333333,2.988402605056763,27.20703125
,9,27.48046875,-0.390625,0.004887104034423828,0.5803320407867432,54.6875,21.23046875,33,42,21.23046875,4.918367346938775,3.032386541366577,27.20703125
,9,27.48046875,-0.390625,0.01636910438537598,0.5967011451721191,54.6875,21.23046875,33,42,21.23046875,5.0,3.179708480834961,27.20703125
,9,27.48046875,-0.390625,0.00641179084777832,0.6031129360198975,54.6875,21.23046875,33,42,21.23046875,5.078431372549019,3.237414598464966,27.20703125
,8,27.48046875,-0.390625,0.007642984390258789,0.6107559204101563,54.6875,21.23046875,34,42,21.23046875,5.153846153846154,3.298558473587036,27.20703125
,9,27.48046875,-0.390625,0.0136871337890625,0.6244430541992188,54.6875,21.23046875,33,42,21.23046875,5.20754716981132,3.421742677688599,27.20703125
,9,27.48046875,-0.390625,0.009456872940063477,0.6338999271392822,54.6875,21.23046875,33,42,21.23046875,5.277777777777778,3.50685453414917,27.20703125
,9,27.48046875,-0.390625,0.006021022796630859,0.6399209499359131,54.6875,21.23046875,33,42,21.23046875,5.345454545454546,3.561043739318848,27.20703125
,8,27.48046875,-0.390625,0.02074813842773438,0.6606690883636475,54.6875,21.23046875,34,42,21.23046875,5.410714285714286,3.727028846740723,27.20703125
,8,27.48046875,-0.390625,0.007472038269042969,0.6681411266326904,54.6875,21.23046875,34,42,21.23046875,5.456140350877193,3.786805152893066,27.20703125
,8,27.48046875,-0.390625,0.008082866668701172,0.6762239933013916,54.6875,21.23046875,34,42,21.23046875,5.5,3.851468086242676,27.20703125
,8,27.48046875,-0.390625,0.007182121276855469,0.6834061145782471,54.6875,21.23046875,34,42,21.23046875,5.542372881355933,3.90892505645752,27.20703125
,8,27.48046875,-0.390625,0.01299691200256348,0.6964030265808105,54.6875,21.23046875,34,42,21.23046875,5.583333333333333,4.012900352478027,27.20703125
,8,27.48046875,-0.390625,0.009974956512451172,0.7063779830932617,54.6875,21.23046875,34,42,21.23046875,5.622950819672131,4.092700004577637,27.20703125
,8,27.48046875,-0.390625,0.01310300827026367,0.7194809913635254,54.6875,21.23046875,34,42,21.23046875,5.661290322580645,4.197524070739746,27.20703125
,7,27.48046875,-0.390625,0.00766301155090332,0.7271440029144287,54.6875,21.23046875,35,42,21.23046875,5.698412698412699,4.251165151596069,27.20703125
,7,27.48046875,-0.390625,0.01080203056335449,0.7379460334777832,54.6875,21.23046875,35,42,21.23046875,5.71875,4.326779365539551,27.20703125
,7,27.48046875,-0.390625,0.01315999031066895,0.7511060237884521,54.6875,21.23046875,35,42,21.23046875,5.738461538461539,4.418899297714233,27.20703125
,7,27.48046875,-0.390625,0.007956981658935547,0.7590630054473877,54.6875,21.23046875,35,42,21.23046875,5.757575757575758,4.474598169326782,27.20703125
,7,27.48046875,-0.390625,0.008043050765991211,0.7671060562133789,54.6875,21.23046875,35,42,21.23046875,5.776119402985074,4.530899524688721,27.20703125
,7,27.48046875,-0.390625,0.0106658935546875,0.7777719497680664,54.6875,21.23046875,35,42,21.23046875,5.794117647058823,4.605560779571533,27.20703125
,7,27.48046875,-0.390625,0.01308417320251465,0.7908561229705811,54.6875,21.23046875,35,42,21.23046875,5.811594202898551,4.697149991989136,27.20703125
,7,27.48046875,-0.390625,0.007434844970703125,0.7982909679412842,54.6875,21.23046875,35,42,21.23046875,5.828571428571428,4.749193906784058,27.20703125
,8,27.48046875,-0.390625,0.01459002494812012,0.8128809928894043,54.6875,21.23046875,34,42,21.23046875,5.845070422535211,4.865914106369019,27.20703125
,8,27.48046875,-0.390625,0.02020907402038574,0.83309006690979,54.6875,21.23046875,34,42,21.23046875,5.875,5.027586698532104,27.20703125
,7,27.48046875,-0.390625,0.007183074951171875,0.8402731418609619,54.6875,21.23046875,35,42,21.23046875,5.904109589041096,5.077868223190308,27.20703125
,7,27.48046875,-0.390625,0.006772994995117188,0.8470461368560791,54.6875,21.23046875,35,42,21.23046875,5.918918918918919,5.125279188156128,27.20703125
,7,27.48046875,-0.390625,0.0161128044128418,0.8631589412689209,54.6875,21.23046875,35,42,21.23046875,5.933333333333334,5.238068819046021,27.20703125
,7,27.48046875,-0.390625,0.006110191345214844,0.8692691326141357,54.6875,21.23046875,35,42,21.23046875,5.947368421052632,5.280840158462524,27.20703125
,7,27.48046875,-0.390625,0.01600480079650879,0.8852739334106445,54.6875,21.23046875,35,42,21.23046875,5.961038961038961,5.392873764038086,27.20703125
,7,27.48046875,-0.390625,0.00593113899230957,0.8912050724029541,54.6875,21.23046875,35,42,21.23046875,5.974358974358974,5.434391736984253,27.20703125
,7,27.48046875,-0.390625,0.01271986961364746,0.9039249420166016,54.6875,21.23046875,35,42,21.23046875,5.987341772151899,5.523430824279785,27.20703125
,6,27.48046875,-0.390625,0.01121997833251953,0.9151449203491211,54.6875,21.23046875,36,42,21.23046875,6.0,5.590750694274902,27.20703125
,6,27.48046875,-0.390625,0.006263017654418945,0.92140793800354,54.6875,21.23046875,36,42,21.23046875,6.0,5.628328800201416,27.20703125
,7,27.48046875,-0.390625,0.01845216751098633,0.9398601055145264,54.6875,21.23046875,35,42,21.23046875,6.0,5.75749397277832,27.20703125
,7,27.48046875,-0.390625,0.00854182243347168,0.948401927947998,54.6875,21.23046875,35,42,21.23046875,6.012048192771084,5.817286729812622,27.20703125
,7,27.48046875,-0.390625,0.008017063140869141,0.9564189910888672,54.6875,21.23046875,35,42,21.23046875,6.023809523809524,5.873406171798706,27.20703125
,7,27.48046875,-0.390625,0.008959054946899414,0.9653780460357666,54.6875,21.23046875,35,42,21.23046875,6.035294117647059,5.936119556427002,27.20703125
,7,27.48046875,-0.390625,0.005667924880981445,0.971045970916748,54.6875,21.23046875,35,42,21.23046875,6.046511627906977,5.975795030593872,27.20703125
,7,27.48046875,-0.390625,0.01498103141784668,0.9860270023345947,54.6875,21.23046875,35,42,21.23046875,6.057471264367816,6.080662250518799,27.20703125
,6,27.48046875,-0.390625,0.01507091522216797,1.001097917556763,54.6875,21.23046875,36,42,21.23046875,6.068181818181818,6.171087741851807,27.20703125
,7,27.48046875,-0.390625,0.007119178771972656,1.008217096328735,54.6875,21.23046875,35,42,21.23046875,6.067415730337078,6.220921993255615,27.20703125
,6,27.48046875,-0.390625,0.01810598373413086,1.026323080062866,54.6875,21.23046875,36,42,21.23046875,6.077777777777778,6.3295578956604,27.20703125
,7,27.48046875,-0.390625,0.01249098777770996,1.038814067840576,54.6875,21.23046875,35,42,21.23046875,6.076923076923077,6.41699481010437,27.20703125
,7,27.48046875,-0.390625,0.006965875625610352,1.045779943466187,54.6875,21.23046875,35,42,21.23046875,6.086956521739131,6.465755939483643,27.20703125
,6,27.48046875,-0.390625,0.02228307723999023,1.068063020706177,54.6875,21.23046875,36,42,21.23046875,6.096774193548387,6.599454402923584,27.20703125
,6,27.48046875,-0.390625,0.003386974334716797,1.071449995040894,54.6875,21.23046875,36,42,21.23046875,6.095744680851064,6.619776248931885,27.20703125
,6,27.48046875,-0.390625,0.01627206802368164,1.087722063064575,54.6875,21.23046875,36,42,21.23046875,6.094736842105263,6.717408657073975,27.20703125
,6,27.48046875,-0.390625,0.0110170841217041,1.098739147186279,54.6875,21.23046875,36,42,21.23046875,6.09375,6.783511161804199,27.20703125
,6,27.48046875,-0.390625,0.006498813629150391,1.10523796081543,54.6875,21.23046875,36,42,21.23046875,6.092783505154639,6.822504043579102,27.20703125
,6,27.34375,0,0.01697611808776855,1.122214078903198,54.6875,21.3671875,36,42,21.3671875,6.091836734693878,6.924360752105713,27.34375
,6,27.34375,0,0.01002407073974609,1.132238149642944,54.6875,21.3671875,36,42,21.3671875,6.090909090909091,6.984505176544189,27.34375
,6,27.34375,0,0.01620197296142578,1.14844012260437,54.6875,21.3671875,36,42,21.3671875,6.09,7.081717014312744,27.34375
,6,27.34375,0,0.009795904159545898,1.158236026763916,54.6875,21.3671875,36,42,21.3671875,6.089108910891089,7.14049243927002,27.34375
,6,26.93359375,1.171875,0.01035690307617188,1.168592929840088,54.6875,21.77734375,36,42,21.77734375,6.088235294117647,7.202633857727051,27.75390625
,5,26.93359375,1.171875,0.006403207778930664,1.174996137619019,54.6875,21.77734375,37,42,21.77734375,6.087378640776699,7.234649896621704,27.75390625
,5,26.93359375,1.171875,0.01520490646362305,1.190201044082642,54.6875,21.77734375,37,42,21.77734375,6.076923076923077,7.310674428939819,27.75390625
,4,26.93359375,1.171875,0.008300065994262695,1.198501110076904,54.6875,21.77734375,38,42,21.77734375,6.066666666666666,7.34387469291687,27.75390625
,4,26.93359375,1.171875,0.01280498504638672,1.211306095123291,54.6875,21.77734375,38,42,21.77734375,6.047169811320755,7.395094633102417,27.75390625
,4,26.93359375,1.171875,0.01167893409729004,1.222985029220581,54.6875,21.77734375,38,42,21.77734375,6.02803738317757,7.441810369491577,27.75390625
,4,26.93359375,1.171875,0.004168033599853516,1.227153062820435,54.6875,21.77734375,38,42,21.77734375,6.00925925925926,7.458482503890991,27.75390625
,3,25.9765625,3.90625,0.02134895324707031,1.248502016067505,54.6875,22.734375,39,42,22.734375,5.990825688073395,7.522529363632202,28.7109375
,3,25.9765625,3.90625,0.008821964263916016,1.257323980331421,54.6875,22.734375,39,42,22.734375,5.963636363636364,7.54899525642395,28.7109375
,3,25.9765625,3.90625,0.00911712646484375,1.266441106796265,54.6875,22.734375,39,42,22.734375,5.936936936936937,7.576346635818481,28.7109375
,3,25.9765625,3.90625,0.0104680061340332,1.276909112930298,54.6875,22.734375,39,42,22.734375,5.910714285714286,7.607750654220581,28.7109375
,3,25.9765625,3.90625,0.003100872039794922,1.280009984970093,54.6875,22.734375,39,42,22.734375,5.884955752212389,7.617053270339966,28.7109375
,3,25.9765625,3.90625,0.01882004737854004,1.298830032348633,54.6875,22.734375,39,42,22.734375,5.859649122807017,7.673513412475586,28.7109375
,3,25.9765625,3.90625,0.008409023284912109,1.307239055633545,54.6875,22.734375,39,42,22.734375,5.834782608695652,7.698740482330322,28.7109375
,3,25.4296875,5.46875,0.01113605499267578,1.318375110626221,54.6875,23.28125,39,42,23.28125,5.810344827586207,7.73214864730835,29.2578125
,3,25.4296875,5.46875,0.01005983352661133,1.328434944152832,54.6875,23.28125,39,42,23.28125,5.786324786324786,7.762328147888184,29.2578125
,3,25.4296875,5.46875,0.01136398315429688,1.339798927307129,54.6875,23.28125,39,42,23.28125,5.762711864406779,7.796420097351074,29.2578125
,3,25.4296875,5.46875,0.01517415046691895,1.354973077774048,54.6875,23.28125,39,42,23.28125,5.739495798319328,7.841942548751831,29.2578125
,3,25.4296875,5.46875,0.01107001304626465,1.366043090820313,54.6875,23.28125,39,42,23.28125,5.716666666666667,7.875152587890625,29.2578125
,3,25.4296875,5.46875,0.0054168701171875,1.3714599609375,54.6875,23.28125,39,42,23.28125,5.694214876033058,7.891403198242188,29.2578125
,3,25.4296875,5.46875,0.006457090377807617,1.377917051315308,54.6875,23.28125,39,42,23.28125,5.672131147540983,7.91077446937561,29.2578125
,3,25.4296875,5.46875,0.02946901321411133,1.407386064529419,54.6875,23.28125,39,42,23.28125,5.650406504065041,7.999181509017944,29.2578125
,3,23.8671875,5.46875,0.01155805587768555,1.418944120407104,51.5625,24.84375,39,42,24.84375,5.629032258064516,8.033855676651001,27.6953125
,3,23.8671875,5.46875,0.01327395439147949,1.432218074798584,51.5625,24.84375,39,42,24.84375,5.608,8.073677539825439,27.6953125
,3,23.8671875,5.46875,0.00638890266418457,1.438606977462769,51.5625,24.84375,39,42,24.84375,5.587301587301587,8.092844247817993,27.6953125
,3,23.8671875,5.46875,0.01879000663757324,1.457396984100342,51.5625,24.84375,39,42,24.84375,5.566929133858268,8.149214267730713,27.6953125
,3,22.91015625,8.203125,0.01508212089538574,1.472479104995728,51.5625,25.80078125,39,42,25.80078125,5.546875,8.19446063041687,28.65234375
,2,22.91015625,8.203125,0.0109410285949707,1.483420133590698,51.5625,25.80078125,40,42,25.80078125,5.527131782945736,8.216342687606812,28.65234375
,2,22.91015625,8.203125,0.008350849151611328,1.49177098274231,51.5625,25.80078125,40,42,25.80078125,5.5,8.233044385910034,28.65234375
,1,21.26953125,12.890625,0.03268694877624512,1.524457931518555,51.5625,27.44140625,41,42,27.44140625,5.473282442748092,8.265731334686279,30.29296875
,1,21.26953125,12.890625,0.007405996322631836,1.531863927841187,51.5625,27.44140625,41,42,27.44140625,5.439393939393939,8.273137331008911,30.29296875
,1,21.26953125,12.890625,0.006463050842285156,1.538326978683472,51.5625,27.44140625,41,42,27.44140625,5.406015037593985,8.279600381851196,30.29296875
,1,21.54296875,12.109375,0.02612709999084473,1.564454078674316,51.5625,27.71484375,41,42,27.71484375,5.373134328358209,8.305727481842041,30.01953125
,1,21.54296875,12.109375,0.009984016418457031,1.574438095092773,51.5625,27.71484375,41,42,27.71484375,5.340740740740741,8.315711498260498,30.01953125
,1,23.18359375,7.421875,0.02289795875549316,1.597336053848267,51.5625,29.35546875,41,42,29.35546875,5.308823529411764,8.338609457015991,28.37890625
,1,23.18359375,7.421875,0.003962993621826172,1.601299047470093,51.5625,29.35546875,41,42,29.35546875,5.277372262773723,8.342572450637817,28.37890625
,1,23.18359375,7.421875,0.007148981094360352,1.608448028564453,51.5625,29.35546875,41,42,29.35546875,5.246376811594203,8.349721431732178,28.37890625
,1,23.18359375,7.421875,0.04058599472045898,1.649034023284912,51.5625,29.35546875,41,42,29.35546875,5.215827338129497,8.390307426452637,28.37890625
,1,23.18359375,7.421875,0.009364128112792969,1.658398151397705,51.5625,29.35546875,41,42,29.35546875,5.185714285714286,8.39967155456543,28.37890625
,1,23.18359375,7.421875,0.005979776382446289,1.664377927780151,51.5625,29.35546875,41,42,29.35546875,5.156028368794326,8.405651330947876,28.37890625
,1,23.18359375,7.421875,0.01580905914306641,1.680186986923218,51.5625,29.35546875,41,42,29.35546875,5.126760563380282,8.421460390090942,28.37890625
,1,23.18359375,7.421875,0.008003950119018555,1.688190937042236,51.5625,29.35546875,41,42,29.35546875,5.097902097902097,8.429464340209961,28.37890625
,2,23.662109375,6.0546875,0.02918505668640137,1.717375993728638,51.5625,29.833984375,40,42,29.833984375,5.069444444444445,8.487834453582764,27.900390625
,2,23.662109375,6.0546875,0.004019975662231445,1.721395969390869,51.5625,29.833984375,40,42,29.833984375,5.048275862068966,8.495874404907227,27.900390625
,2,23.662109375,6.0546875,0.006067991256713867,1.727463960647583,51.5625,29.833984375,40,42,29.833984375,5.027397260273973,8.508010387420654,27.900390625
,2,23.798828125,5.6640625,0.02185702323913574,1.749320983886719,51.5625,29.970703125,40,42,29.970703125,5.006802721088436,8.551724433898926,27.763671875
,2,23.798828125,5.6640625,0.007889986038208008,1.757210969924927,51.5625,29.970703125,40,42,29.970703125,4.986486486486487,8.567504405975342,27.763671875
,2,23.798828125,5.6640625,0.01822400093078613,1.775434970855713,51.5625,29.970703125,40,42,29.970703125,4.966442953020135,8.603952407836914,27.763671875
,2,23.798828125,5.6640625,0.006976127624511719,1.782411098480225,51.5625,29.970703125,40,42,29.970703125,4.946666666666666,8.617904663085938,27.763671875
,2,23.798828125,5.6640625,0.005651950836181641,1.788063049316406,51.5625,29.970703125,40,42,29.970703125,4.927152317880795,8.629208564758301,27.763671875
,2,25.09765625,1.953125,0.01872491836547852,1.806787967681885,51.5625,31.26953125,40,42,31.26953125,4.907894736842105,8.666658401489258,26.46484375
,2,25.09765625,1.953125,0.007138967514038086,1.813926935195923,51.5625,31.26953125,40,42,31.26953125,4.888888888888889,8.680936336517334,26.46484375
,2,25.09765625,1.953125,0.006031036376953125,1.819957971572876,51.5625,31.26953125,40,42,31.26953125,4.87012987012987,8.69299840927124,26.46484375
,2,25.78125,0,0.03083705902099609,1.850795030593872,51.5625,31.953125,40,42,31.953125,4.851612903225806,8.754672527313232,25.78125
,2,25.78125,0,0.00987696647644043,1.860671997070313,51.5625,31.953125,40,42,31.953125,4.833333333333333,8.774426460266113,25.78125
,2,25.78125,0,0.008640050888061523,1.869312047958374,51.5625,31.953125,40,42,31.953125,4.815286624203821,8.791706562042236,25.78125
,3,26.11328125,-0.390625,0.01757597923278809,1.886888027191162,51.953125,32.28515625,39,42,32.01171875,4.79746835443038,8.844434499740601,25.83984375
,2,26.11328125,-0.390625,0.00829005241394043,1.895178079605103,51.953125,32.28515625,40,42,32.01171875,4.786163522012578,8.861014604568481,25.83984375
,3,28.02734375,-1.953125,0.0231940746307373,1.91837215423584,54.6875,34.19921875,39,42,32.83203125,4.76875,8.930596828460693,26.66015625
,3,28.02734375,-1.953125,0.006545782089233398,1.924917936325073,54.6875,34.19921875,39,42,32.83203125,4.75776397515528,8.950234174728394,26.66015625
,3,30.05859375,-4.6875,0.01832008361816406,1.943238019943237,56.8359375,36.23046875,39,42,32.94921875,4.746913580246914,9.005194425582886,26.77734375
,4,30.126953125,-4.8828125,0.01533603668212891,1.958574056625366,56.8359375,36.298828125,38,42,33.017578125,4.736196319018405,9.066538572311401,26.708984375
,3,32.3046875,-8.59375,0.01440286636352539,1.972976922988892,58.59375,38.4765625,39,42,33.4375,4.73170731707317,9.109747171401978,26.2890625
,3,32.3046875,-8.59375,0.008035182952880859,1.981012105941772,58.59375,38.4765625,39,42,33.4375,4.721212121212122,9.13385272026062,26.2890625
,3,33.046875,-10.15625,0.01765084266662598,1.998662948608398,58.984375,39.21875,39,42,33.7890625,4.710843373493976,9.186805248260498,25.9375
,4,34.453125,-12.5,0.01995110511779785,2.018614053726196,60.15625,40.625,38,42,34.0234375,4.700598802395209,9.266609668731689,25.703125
,4,35.234375,-12.5,0.01477789878845215,2.033391952514648,61.71875,41.40625,38,42,34.8046875,4.696428571428571,9.325721263885498,26.484375
,4,35.234375,-12.5,0.006561994552612305,2.039953947067261,61.71875,41.40625,38,42,34.8046875,4.692307692307693,9.351969242095947,26.484375
,4,35.234375,-12.5,0.0157921314239502,2.055746078491211,61.71875,41.40625,38,42,34.8046875,4.688235294117647,9.415137767791748,26.484375
,4,36.40625,-12.5,0.009495973587036133,2.065242052078247,64.0625,42.578125,38,42,35.9765625,4.684210526315789,9.453121662139893,27.65625
,4,36.40625,-12.5,0.008065938949584961,2.073307991027832,64.0625,42.578125,38,42,35.9765625,4.680232558139535,9.485385417938232,27.65625
,5,36.40625,-12.5,0.0181419849395752,2.091449975967407,64.0625,42.578125,37,42,35.9765625,4.676300578034682,9.576095342636108,27.65625
,5,36.40625,-12.5,0.005859136581420898,2.097309112548828,64.0625,42.578125,37,42,35.9765625,4.67816091954023,9.605391025543213,27.65625
,5,36.40625,-12.5,0.01817202568054199,2.11548113822937,64.0625,42.578125,37,42,35.9765625,4.68,9.696251153945923,27.65625
,5,36.40625,-12.5,0.01447486877441406,2.129956007003784,64.0625,42.578125,37,42,35.9765625,4.681818181818182,9.768625497817993,27.65625
,5,36.40625,-12.5,0.002990961074829102,2.132946968078613,64.0625,42.578125,37,42,35.9765625,4.68361581920904,9.783580303192139,27.65625
,5,36.40625,-12.5,0.006062984466552734,2.139009952545166,64.0625,42.578125,37,42,35.9765625,4.685393258426966,9.813895225524902,27.65625
,5,36.953125,-14.0625,0.01969814300537109,2.158708095550537,64.0625,43.125,37,42,36.5234375,4.687150837988827,9.912385940551758,27.109375
,6,36.953125,-14.0625,0.01115083694458008,2.169858932495117,64.0625,43.125,36,42,36.5234375,4.688888888888889,9.979290962219238,27.109375
,6,36.953125,-14.0625,0.009460210800170898,2.179319143295288,64.0625,43.125,36,42,36.5234375,4.696132596685083,10.03605222702026,27.109375
,6,36.953125,-14.0625,0.01075577735900879,2.190074920654297,64.0625,43.125,36,42,36.5234375,4.703296703296703,10.10058689117432,27.109375
,6,35.927734375,-11.1328125,0.01483416557312012,2.204909086227417,64.0625,44.150390625,36,42,37.548828125,4.710382513661203,10.18959188461304,28.134765625
,6,35.791015625,-10.7421875,0.01112484931945801,2.216033935546875,64.0625,44.287109375,36,42,37.685546875,4.717391304347826,10.25634098052979,28.271484375
,6,35.791015625,-10.7421875,0.007941007614135742,2.223974943161011,64.0625,44.287109375,36,42,37.685546875,4.724324324324324,10.3039870262146,28.271484375
,6,35.791015625,-10.7421875,0.006077051162719727,2.23005199432373,64.0625,44.287109375,36,42,37.685546875,4.731182795698925,10.34044933319092,28.271484375
,6,35.0390625,-8.59375,0.02097105979919434,2.251023054122925,64.0625,45.0390625,36,42,38.4375,4.737967914438503,10.46627569198608,29.0234375
,7,35.0390625,-8.59375,0.008835077285766602,2.259858131408691,64.0625,45.0390625,35,42,38.4375,4.74468085106383,10.52812123298645,29.0234375
,7,34.35546875,-6.640625,0.01624584197998047,2.276103973388672,64.0625,45.72265625,35,42,39.12109375,4.756613756613756,10.64184212684631,29.70703125
,7,34.35546875,-6.640625,0.006433963775634766,2.282537937164307,64.0625,45.72265625,35,42,39.12109375,4.768421052631579,10.68687987327576,29.70703125
,7,33.671875,-4.6875,0.0154721736907959,2.298010110855103,64.0625,46.40625,35,42,39.8046875,4.780104712041885,10.79518508911133,30.390625
,7,33.671875,-4.6875,0.008266925811767578,2.30627703666687,64.0625,46.40625,35,42,39.8046875,4.791666666666667,10.8530535697937,30.390625
,7,33.671875,-4.6875,0.006756067276000977,2.313033103942871,64.0625,46.40625,35,42,39.8046875,4.803108808290156,10.90034604072571,30.390625
,7,32.8515625,-2.34375,0.01523995399475098,2.328273057937622,64.0625,47.2265625,35,42,40.625,4.814432989690721,11.00702571868897,31.2109375
,7,32.44140625,-1.171875,0.01016592979431152,2.338438987731934,64.0625,47.63671875,35,42,41.03515625,4.825641025641025,11.07818722724915,31.62109375
,7,32.44140625,-1.171875,0.005499124526977539,2.343938112258911,64.0625,47.63671875,35,42,41.03515625,4.836734693877551,11.11668109893799,31.62109375
,7,32.44140625,-1.171875,0.004926919937133789,2.348865032196045,64.0625,47.63671875,35,42,41.03515625,4.847715736040609,11.15116953849792,31.62109375
,7,32.44140625,-1.171875,0.01958799362182617,2.368453025817871,64.0625,47.63671875,35,42,41.03515625,4.858585858585859,11.28828549385071,31.62109375
,7,32.44140625,-1.171875,0.01232194900512695,2.380774974822998,64.0625,47.63671875,35,42,41.03515625,4.869346733668341,11.3745391368866,31.62109375
,8,32.44140625,-1.171875,0.01128816604614258,2.392063140869141,64.0625,47.63671875,34,42,41.03515625,4.88,11.46484446525574,31.62109375
,8,32.44140625,-1.171875,0.007022857666015625,2.399085998535156,64.0625,47.63671875,34,42,41.03515625,4.895522388059701,11.52102732658386,31.62109375
,8,32.16796875,-0.390625,0.03093099594116211,2.430016994476318,64.0625,47.91015625,34,42,41.30859375,4.910891089108911,11.76847529411316,31.89453125
,9,32.16796875,-0.390625,0.007971048355102539,2.437988042831421,64.0625,47.91015625,33,42,41.30859375,4.926108374384237,11.84021472930908,31.89453125
,8,32.16796875,-0.390625,0.009733915328979492,2.4477219581604,64.0625,47.91015625,34,42,41.30859375,4.946078431372549,11.91808605194092,31.89453125
,8,32.16796875,-0.390625,0.005503177642822266,2.453225135803223,64.0625,47.91015625,34,42,41.30859375,4.960975609756098,11.9621114730835,31.89453125
,9,32.265625,-0.390625,0.01257181167602539,2.465796947479248,64.2578125,48.0078125,33,42,41.40625,4.975728155339806,12.07525777816773,31.9921875
,9,32.265625,-0.390625,0.01561808586120605,2.481415033340454,64.2578125,48.0078125,33,42,41.40625,4.995169082125604,12.21582055091858,31.9921875
,9,32.94921875,-0.390625,0.02109909057617188,2.502514123916626,65.625,48.69140625,33,42,42.08984375,5.014423076923077,12.40571236610413,32.67578125
,9,32.94921875,-0.390625,0.00854182243347168,2.511055946350098,65.625,48.69140625,33,42,42.08984375,5.033492822966507,12.48258876800537,32.67578125
,10,32.94921875,-0.390625,0.006056070327758789,2.517112016677856,65.625,48.69140625,32,42,42.08984375,5.052380952380952,12.54314947128296,32.67578125
,10,32.94921875,-0.390625,0.02977991104125977,2.546891927719116,65.625,48.69140625,32,42,42.08984375,5.075829383886256,12.84094858169556,32.67578125
,9,32.94921875,-0.390625,0.005609989166259766,2.552501916885376,65.625,48.69140625,33,42,42.08984375,5.099056603773585,12.89143848419189,32.67578125
,9,32.94921875,-0.390625,0.00840306282043457,2.560904979705811,65.625,48.69140625,33,42,42.08984375,5.117370892018779,12.96706604957581,32.67578125
,10,32.197265625,1.7578125,0.02206516265869141,2.582970142364502,65.625,49.443359375,32,42,42.841796875,5.135514018691588,13.18771767616272,33.427734375
,10,32.197265625,1.7578125,0.008786916732788086,2.59175705909729,65.625,49.443359375,32,42,42.841796875,5.158139534883721,13.2755868434906,33.427734375
,10,31.30859375,4.296875,0.02066397666931152,2.612421035766602,65.625,50.33203125,32,42,43.73046875,5.180555555555555,13.48222661018372,34.31640625
,10,31.30859375,4.296875,0.007591962814331055,2.620012998580933,65.625,50.33203125,32,42,43.73046875,5.202764976958525,13.55814623832703,34.31640625
,11,30.8984375,5.46875,0.01608514785766602,2.636098146438599,65.625,50.7421875,31,42,44.140625,5.224770642201835,13.73508286476135,34.7265625
,11,30.8984375,5.46875,0.009884834289550781,2.645982980728149,65.625,50.7421875,31,42,44.140625,5.251141552511416,13.84381604194641,34.7265625
,11,30.8984375,5.46875,0.01004910469055176,2.656032085418701,65.625,50.7421875,31,42,44.140625,5.277272727272727,13.95435619354248,34.7265625
,11,30.8984375,5.46875,0.01133394241333008,2.667366027832031,65.625,50.7421875,31,42,44.140625,5.303167420814479,14.07902956008911,34.7265625
,11,30.8984375,5.46875,0.009749889373779297,2.677115917205811,65.625,50.7421875,31,42,44.140625,5.328828828828829,14.18627834320068,34.7265625
,11,30.8984375,5.46875,0.006781101226806641,2.683897018432617,65.625,50.7421875,31,42,44.140625,5.354260089686099,14.26087045669556,34.7265625
,11,30.8984375,5.46875,0.02226901054382324,2.70616602897644,65.625,50.7421875,31,42,44.140625,5.379464285714286,14.50582957267761,34.7265625
,12,30.8984375,5.46875,0.002904891967773438,2.709070920944214,65.625,50.7421875,30,42,44.140625,5.404444444444445,14.54068827629089,34.7265625
,11,30.8984375,5.46875,0.01033806800842285,2.719408988952637,65.625,50.7421875,31,42,44.140625,5.433628318584071,14.65440702438355,34.7265625
,11,28.779296875,11.5234375,0.01890015602111816,2.738309144973755,65.625,52.861328125,31,42,46.259765625,5.458149779735683,14.86230874061585,36.845703125
,11,28.779296875,11.5234375,0.008734941482543945,2.747044086456299,65.625,52.861328125,31,42,46.259765625,5.482456140350878,14.95839309692383,36.845703125
,11,28.779296875,11.5234375,0.00733184814453125,2.75437593460083,65.625,52.861328125,31,42,46.259765625,5.506550218340611,15.03904342651367,36.845703125
,11,28.1640625,13.28125,0.0249321460723877,2.779308080673218,65.625,53.4765625,31,42,46.875,5.530434782608696,15.31329703330994,37.4609375
,11,28.1640625,13.28125,0.01063203811645508,2.789940118789673,65.625,53.4765625,31,42,46.875,5.554112554112554,15.43024945259094,37.4609375
,11,27.34375,15.625,0.02303600311279297,2.812976121902466,65.625,54.296875,31,42,47.6953125,5.577586206896552,15.68364548683167,38.28125
,11,27.34375,15.625,0.008469820022583008,2.821445941925049,65.625,54.296875,31,42,47.6953125,5.600858369098712,15.77681350708008,38.28125
,11,27.34375,15.625,0.01047205924987793,2.831918001174927,65.625,54.296875,31,42,47.6953125,5.623931623931623,15.89200615882874,38.28125
,11,26.93359375,16.796875,0.02749109268188477,2.859409093856812,65.625,54.70703125,31,42,48.10546875,5.646808510638298,16.19440817832947,38.69140625
,11,26.796875,17.1875,0.01907491683959961,2.878484010696411,65.625,54.84375,31,42,48.2421875,5.669491525423729,16.40423226356506,38.828125
,11,25.9765625,19.53125,0.01065897941589355,2.889142990112305,65.625,55.6640625,31,42,49.0625,5.69198312236287,16.52148103713989,39.6484375
,11,25.9765625,19.53125,0.006288051605224609,2.895431041717529,65.625,55.6640625,31,42,49.0625,5.714285714285714,16.59064960479737,39.6484375
,11,25.9765625,19.53125,0.0097808837890625,2.905211925506592,65.625,55.6640625,31,42,49.0625,5.736401673640168,16.69823932647705,39.6484375
,11,25.29296875,21.484375,0.02588820457458496,2.931100130081177,65.625,56.34765625,31,42,49.74609375,5.758333333333334,16.98300957679749,40.33203125
,11,25.29296875,21.484375,0.006124973297119141,2.937225103378296,65.625,56.34765625,31,42,49.74609375,5.780082987551867,17.0503842830658,40.33203125
,11,25.29296875,21.484375,0.01069903373718262,2.947924137115479,65.625,56.34765625,31,42,49.74609375,5.801652892561983,17.1680736541748,40.33203125
,11,23.515625,26.5625,0.02113080024719238,2.969054937362671,65.625,58.125,31,42,51.5234375,5.823045267489712,17.40051245689392,42.109375
,11,23.515625,26.5625,0.009860038757324219,2.978914976119995,65.625,58.125,31,42,51.5234375,5.844262295081967,17.50897288322449,42.109375
,11,23.515625,26.5625,0.009536027908325195,2.98845100402832,65.625,58.125,31,42,51.5234375,5.865306122448979,17.61386919021606,42.109375
,11,21.875,31.25,0.02681398391723633,3.015264987945557,65.625,59.765625,31,42,53.1640625,5.886178861788617,17.90882301330567,43.75
,10,21.875,31.25,0.006021976470947266,3.021286964416504,65.625,59.765625,32,42,53.1640625,5.906882591093117,17.96904277801514,43.75
,10,18.96484375,33.984375,0.03050017356872559,3.051787137985229,61.71875,62.67578125,32,42,54.16015625,5.923387096774194,18.27404451370239,42.75390625
,11,18.96484375,33.984375,0.009576797485351563,3.061363935470581,61.71875,62.67578125,31,42,54.16015625,5.939759036144578,18.37938928604126,42.75390625
,10,18.96484375,33.984375,0.007713079452514648,3.069077014923096,61.71875,62.67578125,32,42,54.16015625,5.96,18.45652008056641,42.75390625
,10,18.5546875,35.15625,0.0239720344543457,3.093049049377441,61.71875,63.0859375,32,42,54.5703125,5.97609561752988,18.69624042510987,43.1640625
,10,18.5546875,35.15625,0.007855892181396484,3.100904941558838,61.71875,63.0859375,32,42,54.5703125,5.992063492063492,18.77479934692383,43.1640625
,10,18.5546875,35.15625,0.01846718788146973,3.119372129440308,61.71875,63.0859375,32,42,54.5703125,6.007905138339921,18.95947122573853,43.1640625
,10,18.5546875,35.15625,0.009395837783813477,3.128767967224121,61.71875,63.0859375,32,42,54.5703125,6.023622047244094,19.05342960357666,43.1640625
,9,18.5546875,35.15625,0.01710295677185059,3.145870923995972,61.71875,63.0859375,33,42,54.5703125,6.03921568627451,19.20735621452332,43.1640625
,10,18.5546875,35.15625,0.0214850902557373,3.167356014251709,61.71875,63.0859375,32,42,54.5703125,6.05078125,19.42220711708069,43.1640625
,9,18.5546875,35.15625,0.01609897613525391,3.183454990386963,61.71875,63.0859375,33,42,54.5703125,6.066147859922179,19.56709790229797,43.1640625
,10,18.5546875,35.15625,0.01181507110595703,3.19527006149292,61.71875,63.0859375,32,42,54.5703125,6.077519379844961,19.68524861335754,43.1640625
,10,17.96875,35.15625,0.04453492164611816,3.239804983139038,60.546875,63.671875,32,42,55.15625,6.092664092664092,20.13059782981873,42.578125
,10,17.96875,35.15625,0.009618997573852539,3.249423980712891,60.546875,63.671875,32,42,55.15625,6.107692307692307,20.22678780555725,42.578125
,9,17.96875,35.15625,0.02128195762634277,3.270705938339233,60.546875,63.671875,33,42,55.15625,6.122605363984674,20.41832542419434,42.578125
,10,17.96875,35.15625,0.008774042129516602,3.27947998046875,60.546875,63.671875,32,42,55.15625,6.133587786259542,20.5060658454895,42.578125
,9,17.96875,35.15625,0.008944988250732422,3.288424968719482,60.546875,63.671875,33,42,55.15625,6.14828897338403,20.58657073974609,42.578125
,9,16.171875,37.5,0.02346014976501465,3.311885118484497,58.59375,65.46875,33,42,55.3125,6.159090909090909,20.79771208763123,42.421875
,9,16.171875,37.5,0.009183883666992188,3.321069002151489,58.59375,65.46875,33,42,55.3125,6.169811320754717,20.88036704063416,42.421875
,9,16.171875,37.5,0.007177114486694336,3.328246116638184,58.59375,65.46875,33,42,55.3125,6.180451127819549,20.94496107101441,42.421875
,8,14.21875,41.40625,0.0305478572845459,3.358793973922729,57.421875,67.421875,34,42,56.09375,6.191011235955056,21.18934392929077,43.203125
,8,14.21875,41.40625,0.01134705543518066,3.37014102935791,57.421875,67.421875,34,42,56.09375,6.197761194029851,21.28012037277222,43.203125
,8,14.21875,41.40625,0.008162021636962891,3.378303050994873,57.421875,67.421875,34,42,56.09375,6.204460966542751,21.34541654586792,43.203125
,8,11.7578125,44.53125,0.01506710052490234,3.393370151519775,54.6875,69.8828125,34,42,56.3671875,6.211111111111111,21.46595335006714,42.9296875
,8,11.7578125,44.53125,0.009001970291137695,3.402372121810913,54.6875,69.8828125,34,42,56.3671875,6.217712177121771,21.53796911239624,42.9296875
,7,9.1015625,47.65625,0.03299999237060547,3.435372114181519,51.5625,72.5390625,35,42,56.8359375,6.224264705882353,21.76896905899048,42.4609375
,8,9.1015625,47.65625,0.01010894775390625,3.445481061935425,51.5625,72.5390625,34,42,56.8359375,6.227106227106227,21.84984064102173,42.4609375
,7,7.7734375,49.21875,0.02295994758605957,3.468441009521484,50.0,73.8671875,35,42,57.0703125,6.233576642335766,22.01056027412414,42.2265625
,7,7.7734375,49.21875,0.00957798957824707,3.478018999099731,50.0,73.8671875,35,42,57.0703125,6.236363636363636,22.07760620117188,42.2265625
,7,7.7734375,49.21875,0.008230924606323242,3.486249923706055,50.0,73.8671875,35,42,57.0703125,6.239130434782608,22.13522267341614,42.2265625
,7,7.7734375,49.21875,0.01016807556152344,3.496417999267578,50.0,73.8671875,35,42,57.0703125,6.241877256317689,22.2063992023468,42.2265625
,7,7.7734375,49.21875,0.01586198806762695,3.512279987335205,50.0,73.8671875,35,42,57.0703125,6.244604316546763,22.31743311882019,42.2265625
,7,7.7734375,49.21875,0.01058793067932129,3.522867918014526,50.0,73.8671875,35,42,57.0703125,6.247311827956989,22.39154863357544,42.2265625
,7,6.953125,51.5625,0.02704000473022461,3.549907922744751,50.0,74.6875,35,42,57.890625,6.25,22.58082866668701,43.046875
,8,6.953125,51.5625,0.009418010711669922,3.559325933456421,50.0,74.6875,34,42,57.890625,6.252669039145908,22.65617275238037,43.046875
,8,6.953125,51.5625,0.01122713088989258,3.570553064346313,50.0,74.6875,34,42,57.890625,6.25886524822695,22.74598979949951,43.046875
,8,6.953125,51.5625,0.02787899971008301,3.598432064056396,50.0,74.6875,34,42,57.890625,6.265017667844523,22.96902179718018,43.046875
,8,6.953125,51.5625,0.007843971252441406,3.606276035308838,50.0,74.6875,34,42,57.890625,6.27112676056338,23.03177356719971,43.046875
,8,6.953125,51.5625,0.01610398292541504,3.622380018234253,50.0,74.6875,34,42,57.890625,6.277192982456141,23.16060543060303,43.046875
,8,6.953125,51.5625,0.01303291320800781,3.635412931442261,50.0,74.6875,34,42,57.890625,6.283216783216783,23.26486873626709,43.046875
,8,6.953125,51.5625,0.0076751708984375,3.643088102340698,50.0,74.6875,34,42,57.890625,6.289198606271777,23.32627010345459,43.046875
,8,5.5859375,55.46875,0.02933788299560547,3.672425985336304,50.0,76.0546875,34,42,59.2578125,6.295138888888889,23.56097316741943,44.4140625
,8,5.5859375,55.46875,0.009746074676513672,3.682172060012817,50.0,76.0546875,34,42,59.2578125,6.301038062283737,23.63894176483154,44.4140625
,8,5.5859375,55.46875,0.009000062942504883,3.691172122955322,50.0,76.0546875,34,42,59.2578125,6.306896551724138,23.71094226837158,44.4140625
,7,4.16015625,57.03125,0.04528093338012695,3.736453056335449,48.2421875,77.48046875,35,42,59.58984375,6.312714776632302,24.02790880203247,44.08203125
,8,4.16015625,57.03125,0.009013891220092773,3.745466947555542,48.2421875,77.48046875,34,42,59.58984375,6.315068493150685,24.10001993179321,44.08203125
,8,4.16015625,57.03125,0.005891084671020508,3.751358032226563,48.2421875,77.48046875,34,42,59.58984375,6.320819112627986,24.14714860916138,44.08203125
,8,3.88671875,57.8125,0.02049994468688965,3.771857976913452,48.2421875,77.75390625,34,42,59.86328125,6.326530612244898,24.3111481666565,44.35546875
,8,3.88671875,57.8125,0.00699615478515625,3.778854131698608,48.2421875,77.75390625,34,42,59.86328125,6.332203389830508,24.36711740493775,44.35546875
,8,4.16015625,57.03125,0.02829384803771973,3.807147979736328,48.2421875,78.02734375,34,42,60.13671875,6.337837837837838,24.5934681892395,44.08203125
,8,4.16015625,57.03125,0.006138086318969727,3.813286066055298,48.2421875,78.02734375,34,42,60.13671875,6.343434343434343,24.64257287979126,44.08203125
,8,4.16015625,57.03125,0.009971857070922852,3.823257923126221,48.2421875,78.02734375,34,42,60.13671875,6.348993288590604,24.72234773635865,44.08203125
,8,3.33984375,59.375,0.0279700756072998,3.851227998733521,48.2421875,78.84765625,34,42,60.95703125,6.354515050167224,24.94610834121704,44.90234375
,8,3.33984375,59.375,0.007542133331298828,3.858770132064819,48.2421875,78.84765625,34,42,60.95703125,6.36,25.00644540786743,44.90234375
,8,3.33984375,59.375,0.007326841354370117,3.866096973419189,48.2421875,78.84765625,34,42,60.95703125,6.365448504983389,25.0650601387024,44.90234375
,10,3.33984375,59.375,0.02708601951599121,3.893182992935181,48.2421875,78.84765625,32,42,60.95703125,6.370860927152318,25.33592033386231,44.90234375
,10,3.33984375,59.375,0.0106360912322998,3.90381908416748,48.2421875,78.84765625,32,42,60.95703125,6.382838283828383,25.44228124618531,44.90234375
,10,4.16015625,57.03125,0.02429485321044922,3.92811393737793,48.2421875,79.66796875,32,42,61.77734375,6.394736842105263,25.6852297782898,44.08203125
,10,4.16015625,57.03125,0.005773067474365234,3.933887004852295,48.2421875,79.66796875,32,42,61.77734375,6.406557377049181,25.74296045303345,44.08203125
,10,4.16015625,57.03125,0.008340120315551758,3.942227125167847,48.2421875,79.66796875,32,42,61.77734375,6.418300653594772,25.82636165618897,44.08203125
,11,4.16015625,57.03125,0.02974987030029297,3.97197699546814,48.2421875,79.66796875,31,42,61.77734375,6.429967426710098,26.15361022949219,44.08203125
,11,4.16015625,57.03125,0.009132146835327148,3.981109142303467,48.2421875,79.66796875,31,42,61.77734375,6.444805194805195,26.25406384468079,44.08203125
,12,4.16015625,57.03125,0.0112769603729248,3.992386102676392,48.2421875,79.66796875,30,42,61.77734375,6.459546925566343,26.38938736915589,44.08203125
,12,4.98046875,54.6875,0.01595091819763184,4.008337020874023,48.2421875,80.48828125,30,42,62.59765625,6.47741935483871,26.58079838752747,43.26171875
,12,4.98046875,54.6875,0.006875991821289063,4.015213012695313,48.2421875,80.48828125,30,42,62.59765625,6.495176848874598,26.66331028938294,43.26171875
,13,5.390625,53.515625,0.03283309936523438,4.048046112060547,48.2421875,80.8984375,29,42,63.0078125,6.512820512820513,27.09014058113098,42.8515625
,13,5.390625,53.515625,0.008038997650146484,4.056085109710693,48.2421875,80.8984375,29,42,63.0078125,6.533546325878595,27.19464755058289,42.8515625
,13,5.390625,53.515625,0.00645899772644043,4.062544107437134,48.2421875,80.8984375,29,42,63.0078125,6.554140127388535,27.27861452102661,42.8515625
,14,5.390625,53.515625,0.03075289726257324,4.093297004699707,48.2421875,80.8984375,28,42,63.0078125,6.574603174603174,27.70915508270264,42.8515625
,14,5.390625,53.515625,0.008754968643188477,4.102051973342896,48.2421875,80.8984375,28,42,63.0078125,6.598101265822785,27.83172464370728,42.8515625
,14,5.390625,53.515625,0.006209135055541992,4.108261108398438,48.2421875,80.8984375,28,42,63.0078125,6.621451104100946,27.91865253448487,42.8515625
,15,6.07421875,51.5625,0.02088785171508789,4.129148960113525,48.2421875,81.58203125,27,42,63.69140625,6.644654088050315,28.23197031021119,42.16796875
,15,6.07421875,51.5625,0.008844137191772461,4.137993097305298,48.2421875,81.58203125,27,42,63.69140625,6.670846394984326,28.36463236808777,42.16796875
,16,6.07421875,51.5625,0.02646684646606445,4.164459943771362,48.2421875,81.58203125,26,42,63.69140625,6.696875,28.7881019115448,42.16796875
,16,6.07421875,51.5625,0.007435083389282227,4.171895027160645,48.2421875,81.58203125,26,42,63.69140625,6.725856697819315,28.90706324577332,42.16796875
,16,6.07421875,51.5625,0.006457090377807617,4.178352117538452,48.2421875,81.58203125,26,42,63.69140625,6.754658385093168,29.01037669181824,42.16796875
,17,6.826171875,49.4140625,0.02711582183837891,4.205467939376831,48.2421875,82.333984375,25,42,64.443359375,6.78328173374613,29.47134566307068,41.416015625
,17,6.826171875,49.4140625,0.006649017333984375,4.212116956710815,48.2421875,82.333984375,25,42,64.443359375,6.814814814814815,29.58437895774841,41.416015625
,17,6.826171875,49.4140625,0.007754087448120117,4.219871044158936,48.2421875,82.333984375,25,42,64.443359375,6.846153846153846,29.71619844436646,41.416015625
,18,8.671875000000002,44.140625,0.01950192451477051,4.239372968673706,48.2421875,84.1796875,24,42,66.2890625,6.877300613496932,30.06723308563233,39.5703125
,19,8.671875000000002,44.140625,0.01168918609619141,4.251062154769897,48.2421875,84.1796875,23,42,66.2890625,6.91131498470948,30.28932762145996,39.5703125
,19,10.99609375,37.5,0.02376890182495117,4.274831056594849,48.2421875,86.50390625,23,42,68.61328125,6.948170731707317,30.74093675613403,37.24609375
,19,10.99609375,37.5,0.00792694091796875,4.282757997512817,48.2421875,86.50390625,23,42,68.61328125,6.984802431610942,30.89154863357544,37.24609375
,19,10.99609375,37.5,0.006338119506835938,4.289096117019653,48.2421875,86.50390625,23,42,68.61328125,7.021212121212121,31.01197290420532,37.24609375
,20,15.234375,31.25,0.03922891616821289,4.328325033187866,52.34375,90.7421875,22,42,68.75,7.057401812688822,31.79655122756958,37.109375
,20,15.4296875,31.25,0.009773015975952148,4.338098049163818,52.734375,90.9375,22,42,68.9453125,7.096385542168675,31.99201154708863,37.3046875
,20,15.4296875,31.25,0.007378101348876953,4.345476150512695,52.734375,90.9375,22,42,68.9453125,7.135135135135135,32.13957357406616,37.3046875
,21,16.40625,31.25,0.01784086227416992,4.363317012786865,54.6875,91.9140625,21,42,69.921875,7.173652694610778,32.51423168182373,38.28125
,20,16.40625,31.25,0.007925987243652344,4.371243000030518,54.6875,91.9140625,22,42,69.921875,7.214925373134329,32.67275142669678,38.28125
,20,16.171875,37.5,0.03959012031555176,4.410833120346069,58.59375,92.1484375,22,42,74.0625,7.252976190476191,33.46455383300782,42.421875
,21,16.171875,37.5,0.008404970169067383,4.419238090515137,58.59375,92.1484375,21,42,74.0625,7.29080118694362,33.64105820655823,42.421875
,20,16.40625,39.0625,0.03168797492980957,4.450926065444946,60.15625,92.3828125,22,42,75.390625,7.331360946745562,34.27481770515442,43.75
,21,16.40625,39.0625,0.01786494255065918,4.468791007995605,60.15625,92.3828125,21,42,75.390625,7.368731563421829,34.64998149871827,43.75
,20,16.40625,39.0625,0.01054000854492188,4.479331016540527,60.15625,92.3828125,22,42,75.390625,7.408823529411765,34.8607816696167,43.75
,20,16.40625,39.0625,0.007869958877563477,4.487200975418091,60.15625,92.3828125,22,42,75.390625,7.44574780058651,35.01818084716797,43.75
,19,15.5859375,41.40625,0.0240020751953125,4.511203050613403,60.15625,93.203125,23,42,76.2109375,7.482456140350878,35.47422027587891,44.5703125
,19,15.5859375,41.40625,0.01026105880737305,4.521464109420776,60.15625,93.203125,23,42,76.2109375,7.51603498542274,35.669180393219,44.5703125
,18,15.5859375,41.40625,0.02573084831237793,4.547194957733154,60.15625,93.203125,24,42,76.2109375,7.549418604651163,36.1323356628418,44.5703125
,18,15.5859375,41.40625,0.01140117645263672,4.558596134185791,60.15625,93.203125,24,42,76.2109375,7.579710144927536,36.33755683898926,44.5703125
,18,15.5859375,41.40625,0.004768848419189453,4.56336498260498,60.15625,93.203125,24,42,76.2109375,7.609826589595376,36.42339611053467,44.5703125
,18,10.859375,43.75,0.04355597496032715,4.606920957565308,52.34375,97.9296875,24,42,79.296875,7.639769452449568,37.20740365982056,41.484375
,18,10.859375,43.75,0.009101152420043945,4.616022109985352,52.34375,97.9296875,24,42,79.296875,7.669540229885057,37.37122440338135,41.484375
,18,8.105468750000002,44.921875,0.02307701110839844,4.63909912109375,47.65625,100.68359375,24,42,81.23046875,7.699140401146132,37.78661060333252,39.55078125
,17,8.105468750000002,44.921875,0.009287834167480469,4.64838695526123,47.65625,100.68359375,25,42,81.23046875,7.728571428571429,37.94450378417969,39.55078125
,17,8.105468750000002,44.921875,0.01082515716552734,4.659212112426758,47.65625,100.68359375,25,42,81.23046875,7.754985754985755,38.12853145599366,39.55078125
,17,1.484375,55.46875,0.03118801116943359,4.690400123596191,41.796875,107.3046875,25,42,81.9921875,7.78125,38.65872764587403,40.3125
,17,1.484375,55.46875,0.00963282585144043,4.700032949447632,41.796875,107.3046875,25,42,81.9921875,7.807365439093484,38.82248568534851,40.3125
,16,1.484375,55.46875,0.01806211471557617,4.718095064163208,41.796875,107.3046875,26,42,81.9921875,7.833333333333333,39.11147952079773,40.3125
,17,-2.8125,59.375,0.03829097747802734,4.756386041641235,35.9375,111.6015625,25,42,83.5546875,7.856338028169014,39.7624261379242,38.75
,17,-2.8125,59.375,0.008929014205932617,4.765315055847168,35.9375,111.6015625,25,42,83.5546875,7.882022471910112,39.91421937942505,38.75
,17,-2.8125,59.375,0.009872913360595703,4.775187969207764,35.9375,111.6015625,25,42,83.5546875,7.907563025210084,40.08205890655518,38.75
,17,-2.8125,59.375,0.0130000114440918,4.788187980651855,35.9375,111.6015625,25,42,83.5546875,7.932960893854749,40.30305910110473,38.75
,17,-2.8125,59.375,0.01982998847961426,4.80801796913147,35.9375,111.6015625,25,42,83.5546875,7.958217270194986,40.64016890525818,38.75
,17,-2.8125,59.375,0.01746511459350586,4.825483083724976,35.9375,111.6015625,25,42,83.5546875,7.983333333333333,40.93707585334778,38.75
,17,-2.8125,59.375,0.01195597648620605,4.837439060211182,35.9375,111.6015625,25,42,83.5546875,8.008310249307479,41.14032745361328,38.75
,17,-2.8125,59.375,0.00640106201171875,4.8438401222229,35.9375,111.6015625,25,42,83.5546875,8.033149171270718,41.2491455078125,38.75
,17,-1.9921875,57.03125,0.03492403030395508,4.878764152526855,35.9375,112.421875,25,42,84.375,8.057851239669422,41.84285402297974,37.9296875
,17,-1.9921875,57.03125,0.009102821350097656,4.887866973876953,35.9375,112.421875,25,42,84.375,8.082417582417582,41.9976019859314,37.9296875
,17,-1.9921875,57.03125,0.005934000015258789,4.893800973892212,35.9375,112.421875,25,42,84.375,8.106849315068493,42.0984799861908,37.9296875
,17,-2.8125,59.375,0.02247214317321777,4.91627311706543,35.9375,113.2421875,25,42,85.1953125,8.131147540983607,42.4805064201355,38.75
,17,-2.8125,59.375,0.009618997573852539,4.925892114639282,35.9375,113.2421875,25,42,85.1953125,8.155313351498638,42.64402937889099,38.75
,16,-1.58203125,55.859375,0.03004193305969238,4.955934047698975,35.9375,114.47265625,26,42,86.42578125,8.179347826086957,43.12470030784607,37.51953125
,17,-1.58203125,55.859375,0.007322072982788086,4.963256120681763,35.9375,114.47265625,25,42,86.42578125,8.200542005420054,43.24917554855347,37.51953125
,17,-1.58203125,55.859375,0.01534485816955566,4.978600978851318,35.9375,114.47265625,25,42,86.42578125,8.224324324324325,43.51003813743591,37.51953125
,16,-1.58203125,55.859375,0.02957606315612793,5.008177042007446,35.9375,114.47265625,26,42,86.42578125,8.247978436657682,43.98325514793396,37.51953125
,16,-1.58203125,55.859375,0.00804901123046875,5.016226053237915,35.9375,114.47265625,26,42,86.42578125,8.268817204301076,44.11203932762146,37.51953125
,16,-1.58203125,55.859375,0.007071971893310547,5.023298025131226,35.9375,114.47265625,26,42,86.42578125,8.289544235924932,44.22519087791443,37.51953125
,15,-1.376953125,55.2734375,0.01799702644348145,5.041295051574707,35.9375,114.677734375,27,42,86.630859375,8.310160427807487,44.49514627456665,37.314453125
,15,-1.376953125,55.2734375,0.01004886627197266,5.05134391784668,35.9375,114.677734375,27,42,86.630859375,8.327999999999999,44.64587926864624,37.314453125
,14,-1.4453125,55.46875,0.03175902366638184,5.083102941513062,35.9375,114.74609375,28,42,86.69921875,8.345744680851064,45.09050559997559,37.3828125
,14,-1.4453125,55.46875,0.008231163024902344,5.091334104537964,35.9375,114.74609375,28,42,86.69921875,8.360742705570292,45.20574188232422,37.3828125
,14,-1.4453125,55.46875,0.011016845703125,5.102350950241089,35.9375,114.74609375,28,42,86.69921875,8.375661375661375,45.35997772216797,37.3828125
,14,-0.078125,55.46875,0.02910614013671875,5.131457090377808,38.671875,116.11328125,28,42,88.06640625,8.390501319261213,45.76746368408203,38.75
,14,1.5234375,53.125,0.01169800758361816,5.143155097961426,40.234375,117.71484375,28,42,88.10546875,8.405263157894737,45.93123579025269,38.7109375
,14,1.5234375,53.125,0.008149862289428711,5.151304960250854,40.234375,117.71484375,28,42,88.10546875,8.41994750656168,46.04533386230469,38.7109375
,14,2.6953125,53.125,0.01609015464782715,5.167395114898682,42.578125,118.88671875,28,42,89.27734375,8.434554973821989,46.27059602737427,39.8828125
,14,2.6953125,53.125,0.007983922958374023,5.175379037857056,42.578125,118.88671875,28,42,89.27734375,8.449086161879896,46.38237094879151,39.8828125
,13,2.109375,55.078125,0.03685188293457031,5.212230920791626,42.7734375,119.47265625,29,42,90.05859375,8.463541666666666,46.86144542694092,40.6640625
,14,2.109375,55.078125,0.01008510589599609,5.222316026687622,42.7734375,119.47265625,28,42,90.05859375,8.475324675324675,47.00263690948487,40.6640625
,13,2.109375,55.078125,0.01604509353637695,5.238361120223999,42.7734375,119.47265625,29,42,90.05859375,8.489637305699482,47.21122312545776,40.6640625
,12,2.724609375,53.3203125,0.02479982376098633,5.263160943984985,42.7734375,120.087890625,30,42,90.673828125,8.501291989664082,47.5088210105896,40.048828125
,12,2.724609375,53.3203125,0.008128166198730469,5.271289110183716,42.7734375,120.087890625,30,42,90.673828125,8.510309278350515,47.60635900497436,40.048828125
,12,2.724609375,53.3203125,0.009541988372802734,5.280831098556519,42.7734375,120.087890625,30,42,90.673828125,8.519280205655527,47.720862865448,40.048828125
,12,1.97265625,55.46875,0.02608799934387207,5.306919097900391,42.7734375,120.83984375,30,42,91.42578125,8.528205128205128,48.03391885757446,40.80078125
,11,1.97265625,55.46875,0.005033969879150391,5.311953067779541,42.7734375,120.83984375,31,42,91.42578125,8.537084398976981,48.08929252624512,40.80078125
,10,2.79296875,53.125,0.03036689758300781,5.342319965362549,42.7734375,121.66015625,32,42,92.24609375,8.543367346938776,48.3929615020752,39.98046875
,10,2.79296875,53.125,0.006940126419067383,5.349260091781616,42.7734375,121.66015625,32,42,92.24609375,8.5470737913486,48.46236276626588,39.98046875
,10,2.79296875,53.125,0.009690046310424805,5.358950138092041,42.7734375,121.66015625,32,42,92.24609375,8.550761421319796,48.55926322937012,39.98046875
,10,1.97265625,55.46875,0.02777886390686035,5.386729001998901,42.7734375,122.48046875,32,42,93.06640625,8.554430379746835,48.83705186843873,40.80078125
,9,1.97265625,55.46875,0.009359121322631836,5.396088123321533,42.7734375,122.48046875,33,42,93.06640625,8.558080808080808,48.92128396034241,40.80078125
,8,2.109375,55.078125,0.02285885810852051,5.418946981430054,42.7734375,122.6171875,34,42,93.203125,8.55919395465995,49.10415482521057,40.6640625
,8,2.109375,55.078125,0.01103901863098145,5.429986000061035,42.7734375,122.6171875,34,42,93.203125,8.557788944723619,49.19246697425843,40.6640625
,8,2.109375,55.078125,0.01267004013061523,5.44265604019165,42.7734375,122.6171875,34,42,93.203125,8.556390977443609,49.29382729530335,40.6640625
,8,2.109375,55.078125,0.02848100662231445,5.471137046813965,42.7734375,122.6171875,34,42,93.203125,8.555,49.52167534828186,40.6640625
,7,2.109375,55.078125,0.007158994674682617,5.478296041488647,42.7734375,122.6171875,35,42,93.203125,8.553615960099751,49.57178831100464,40.6640625
,7,2.109375,55.078125,0.009727954864501953,5.488023996353149,42.7734375,122.6171875,35,42,93.203125,8.549751243781095,49.63988399505616,40.6640625
,7,2.79296875,53.125,0.03017807006835938,5.518202066421509,42.7734375,123.30078125,35,42,93.88671875,8.545905707196029,49.85113048553467,39.98046875
,6,2.79296875,53.125,0.008873939514160156,5.527076005935669,42.7734375,123.30078125,36,42,93.88671875,8.542079207920793,49.90437412261963,39.98046875
,6,2.79296875,53.125,0.006406068801879883,5.533482074737549,42.7734375,123.30078125,36,42,93.88671875,8.535802469135803,49.94281053543091,39.98046875
,5,2.587890625,53.7109375,0.02385306358337402,5.557335138320923,42.7734375,123.505859375,37,42,94.091796875,8.529556650246306,50.06207585334778,40.185546875
,5,2.587890625,53.7109375,0.008688926696777344,5.5660240650177,42.7734375,123.505859375,37,42,94.091796875,8.52088452088452,50.10552048683167,40.185546875
,4,2.79296875,53.125,0.02919793128967285,5.595221996307373,42.7734375,123.7109375,38,42,94.296875,8.512254901960784,50.22231221199036,39.98046875
,4,2.79296875,53.125,0.006986141204833984,5.602208137512207,42.7734375,123.7109375,38,42,94.296875,8.50122249388753,50.25025677680969,39.98046875
,4,2.79296875,53.125,0.00765681266784668,5.609864950180054,42.7734375,123.7109375,38,42,94.296875,8.490243902439024,50.28088402748108,39.98046875
,3,1.97265625,55.46875,0.03340697288513184,5.643271923065186,42.7734375,124.53125,39,42,95.1171875,8.479318734793187,50.38110494613647,40.80078125
,3,1.97265625,55.46875,0.007630109786987305,5.650902032852173,42.7734375,124.53125,39,42,95.1171875,8.466019417475728,50.40399527549744,40.80078125
,2,1.97265625,55.46875,0.02768397331237793,5.678586006164551,42.7734375,124.53125,40,42,95.1171875,8.45278450363196,50.4593632221222,40.80078125
,2,1.97265625,55.46875,0.007559061050415039,5.686145067214966,42.7734375,124.53125,40,42,95.1171875,8.437198067632851,50.47448134422303,40.80078125
,2,2.79296875,53.125,0.02241802215576172,5.708563089370728,42.7734375,125.3515625,40,42,95.9375,8.421686746987952,50.51931738853455,39.98046875
,2,1.97265625,55.46875,0.01723694801330566,5.725800037384033,42.7734375,126.171875,40,42,96.7578125,8.40625,50.55379128456116,40.80078125
,1,1.97265625,55.46875,0.007278919219970703,5.733078956604004,42.7734375,126.171875,41,42,96.7578125,8.390887290167866,50.56107020378113,40.80078125
,1,1.97265625,55.46875,0.0119171142578125,5.744996070861816,42.7734375,126.171875,41,42,96.7578125,8.373205741626794,50.57298731803894,40.80078125
,0,1.97265625,55.46875,0.03001785278320313,5.77501392364502,42.7734375,126.171875,42,42,96.7578125,8.355608591885442,50.57298731803894,40.80078125
,0,1.97265625,55.46875,0.007008075714111328,5.782021999359131,42.7734375,126.171875,42,42,96.7578125,8.335714285714285,50.57298731803894,40.80078125
,0,1.97265625,55.46875,0.01001691818237305,5.792038917541504,42.7734375,126.171875,42,42,96.7578125,8.315914489311163,50.57298731803894,40.80078125
,-1,1.97265625,55.46875,0.02521920204162598,5.81725811958313,42.7734375,126.171875,43,42,96.7578125,8.296208530805687,50.59820652008057,40.80078125
,-1,1.97265625,55.46875,0.006567955017089844,5.82382607460022,42.7734375,126.171875,43,42,96.7578125,8.274231678486998,50.60477447509766,40.80078125
,-2,1.97265625,55.46875,0.02419400215148926,5.848020076751709,42.7734375,126.171875,44,42,96.7578125,8.252358490566039,50.65316247940064,40.80078125
,-2,1.97265625,55.46875,0.00746607780456543,5.855486154556274,42.7734375,126.171875,44,42,96.7578125,8.228235294117647,50.66809463500977,40.80078125
,-3,1.97265625,55.46875,0.007710933685302734,5.863197088241577,42.7734375,126.171875,45,42,96.7578125,8.204225352112676,50.69122743606568,40.80078125
,-3,1.97265625,55.46875,0.03009700775146484,5.893294095993042,42.7734375,126.171875,45,42,96.7578125,8.177985948477751,50.78151845932007,40.80078125
,-3,1.97265625,55.46875,0.006822824478149414,5.900116920471191,42.7734375,126.171875,45,42,96.7578125,8.151869158878505,50.80198693275452,40.80078125
,-3,1.97265625,55.46875,0.007322072982788086,5.907438993453979,42.7734375,126.171875,45,42,96.7578125,8.125874125874127,50.82395315170288,40.80078125
,-3,1.97265625,55.46875,0.03167295455932617,5.939111948013306,42.7734375,126.171875,45,42,96.7578125,8.1,50.91897201538086,40.80078125
,-3,1.97265625,55.46875,0.004188060760498047,5.943300008773804,42.7734375,126.171875,45,42,96.7578125,8.074245939675174,50.93153619766236,40.80078125
,-3,1.97265625,55.46875,0.02779793739318848,5.971097946166992,42.7734375,126.171875,45,42,96.7578125,8.048611111111111,51.01493000984192,40.80078125
,-3,1.97265625,55.46875,0.01102304458618164,5.982120990753174,42.7734375,126.171875,45,42,96.7578125,8.023094688221709,51.04799914360047,40.80078125
,-4,1.97265625,55.46875,0.006603002548217773,5.988723993301392,42.7734375,126.171875,46,42,96.7578125,7.997695852534562,51.07441115379334,40.80078125
,-4,1.42578125,57.03125,0.02520203590393066,6.013926029205322,42.7734375,126.71875,46,42,97.3046875,7.970114942528736,51.17521929740906,41.34765625
,-4,1.42578125,57.03125,0.01402401924133301,6.027950048446655,42.7734375,126.71875,46,42,97.3046875,7.942660550458716,51.23131537437439,41.34765625
,-5,1.42578125,57.03125,0.01410508155822754,6.042055130004883,42.7734375,126.71875,47,42,97.3046875,7.91533180778032,51.30184078216553,41.34765625
,-5,1.42578125,57.03125,0.02794885635375977,6.070003986358643,42.7734375,126.71875,47,42,97.3046875,7.885844748858448,51.44158506393433,41.34765625
,-5,1.42578125,57.03125,0.007439136505126953,6.07744312286377,42.7734375,126.71875,47,42,97.3046875,7.856492027334852,51.47878074645996,41.34765625
,-6,1.42578125,57.03125,0.03075385093688965,6.108196973800659,42.7734375,126.71875,48,42,97.3046875,7.827272727272727,51.66330385208131,41.34765625
,-6,1.42578125,57.03125,0.0117030143737793,6.119899988174438,42.7734375,126.71875,48,42,97.3046875,7.795918367346939,51.73352193832398,41.34765625
,-6,1.42578125,57.03125,0.009029150009155273,6.128929138183594,42.7734375,126.71875,48,42,97.3046875,7.764705882352941,51.78769683837891,41.34765625
,-7,1.42578125,57.03125,0.02325081825256348,6.152179956436157,42.7734375,126.71875,49,42,97.3046875,7.733634311512415,51.95045256614685,41.34765625
,-7,1.42578125,57.03125,0.01170706748962402,6.163887023925781,42.7734375,126.71875,49,42,97.3046875,7.70045045045045,52.03240203857423,41.34765625
,-7,1.42578125,57.03125,0.007061004638671875,6.170948028564453,42.7734375,126.71875,49,42,97.3046875,7.667415730337079,52.08182907104493,41.34765625
,-7,3.33984375,51.5625,0.03134799003601074,6.202296018600464,42.7734375,128.6328125,49,42,99.21875,7.634529147982063,52.301265001297,39.43359375
,-7,3.33984375,51.5625,0.00677800178527832,6.209074020385742,42.7734375,128.6328125,49,42,99.21875,7.60178970917226,52.34871101379395,39.43359375
,-7,6.142578125000002,43.5546875,0.03331494331359863,6.242388963699341,42.7734375,131.435546875,49,42,102.021484375,7.569196428571429,52.58191561698914,36.630859375
,-7,6.142578125000002,43.5546875,0.008625984191894531,6.251014947891235,42.7734375,131.435546875,49,42,102.021484375,7.536748329621381,52.6422975063324,36.630859375
,-6,6.142578125000002,43.5546875,0.007950067520141602,6.258965015411377,42.7734375,131.435546875,48,42,102.021484375,7.504444444444444,52.68999791145325,36.630859375
,-6,12.109375,31.25,0.03250598907470703,6.291471004486084,46.09375,137.40234375,48,42,104.66796875,7.47450110864745,52.88503384590149,33.984375
,-6,12.109375,31.25,0.008479118347167969,6.299950122833252,46.09375,137.40234375,48,42,104.66796875,7.444690265486726,52.9359085559845,33.984375
,-5,15.76171875,23.046875,0.02677083015441895,6.326720952987671,47.65625,141.0546875,47,42,106.7578125,7.415011037527594,53.06976270675659,31.89453125
,-5,16.9921875,19.53125,0.01567411422729492,6.342395067214966,47.65625,142.28515625,47,42,107.98828125,7.387665198237886,53.14813327789307,30.6640625
,-5,16.9921875,19.53125,0.01696085929870605,6.359355926513672,47.65625,142.28515625,47,42,107.98828125,7.36043956043956,53.2329375743866,30.6640625
,-5,19.1796875,13.28125,0.02697610855102539,6.386332035064697,47.65625,144.47265625,47,42,110.17578125,7.333333333333333,53.36781811714173,28.4765625
,-5,19.1796875,13.28125,0.01115608215332031,6.397488117218018,47.65625,144.47265625,47,42,110.17578125,7.306345733041575,53.42359852790833,28.4765625
,-5,19.1796875,13.28125,0.008882999420166016,6.406371116638184,47.65625,144.47265625,47,42,110.17578125,7.279475982532751,53.46801352500916,28.4765625
,-5,20.478515625,9.5703125,0.03707480430603027,6.443445920944214,47.65625,145.771484375,47,42,111.474609375,7.252723311546841,53.65338754653931,27.177734375
,-5,20.478515625,9.5703125,0.0170130729675293,6.460458993911743,47.65625,145.771484375,47,42,111.474609375,7.226086956521739,53.73845291137695,27.177734375
,-5,20.478515625,9.5703125,0.00998997688293457,6.470448970794678,47.65625,145.771484375,47,42,111.474609375,7.199566160520607,53.78840279579163,27.177734375
,-5,23.28125,1.5625,0.03499412536621094,6.505443096160889,47.65625,148.57421875,47,42,114.27734375,7.173160173160174,53.96337342262268,24.375
,-5,23.28125,1.5625,0.005502939224243164,6.510946035385132,47.65625,148.57421875,47,42,114.27734375,7.146868250539957,53.9908881187439,24.375
,-4,23.759765625,0.1953125,0.02983593940734863,6.54078197479248,47.65625,149.052734375,46,42,114.755859375,7.120689655172414,54.1102318763733,23.896484375
,-5,23.759765625,0.1953125,0.01592397689819336,6.556705951690674,47.65625,149.052734375,47,42,114.755859375,7.096774193548387,54.18985176086426,23.896484375
,-5,23.759765625,0.1953125,0.00436711311340332,6.561073064804077,47.65625,149.052734375,47,42,114.755859375,7.070815450643777,54.21168732643128,23.896484375
,-5,23.759765625,0.1953125,0.0371849536895752,6.598258018493652,47.65625,149.052734375,47,42,114.755859375,7.044967880085653,54.39761209487916,23.896484375
,-5,23.759765625,0.1953125,0.008884906768798828,6.607142925262451,47.65625,149.052734375,47,42,114.755859375,7.019230769230769,54.44203662872315,23.896484375
,-5,23.759765625,0.1953125,0.007868051528930664,6.615010976791382,47.65625,149.052734375,47,42,114.755859375,6.99360341151386,54.4813768863678,23.896484375
,-5,24.033203125,-0.5859375,0.02104806900024414,6.636059045791626,47.65625,149.326171875,47,42,115.029296875,6.968085106382978,54.58661723136903,23.623046875
,-5,24.033203125,-0.5859375,0.004940032958984375,6.64099907875061,47.65625,149.326171875,47,42,115.029296875,6.942675159235669,54.61131739616395,23.623046875
,-5,24.033203125,-0.5859375,0.02736496925354004,6.66836404800415,47.65625,149.326171875,47,42,115.029296875,6.917372881355933,54.74814224243165,23.623046875
,-5,24.033203125,-0.5859375,0.004409074783325195,6.672773122787476,47.65625,149.326171875,47,42,115.029296875,6.892177589852008,54.77018761634827,23.623046875
,-4,24.033203125,-0.5859375,0.01101994514465332,6.683793067932129,47.65625,149.326171875,46,42,115.029296875,6.867088607594937,54.81426739692688,23.623046875
,-4,24.033203125,-0.5859375,0.0313868522644043,6.715179920196533,47.65625,149.326171875,46,42,115.029296875,6.84421052631579,54.9398148059845,23.623046875
,-4,24.033203125,-0.5859375,0.007489204406738281,6.722669124603271,47.65625,149.326171875,46,42,115.029296875,6.821428571428571,54.96977162361145,23.623046875
,-3,24.033203125,-0.5859375,0.008597850799560547,6.731266975402832,47.65625,149.326171875,45,42,115.029296875,6.79874213836478,54.99556517601014,23.623046875
,-3,24.033203125,-0.5859375,0.0206141471862793,6.751881122589111,47.65625,149.326171875,45,42,115.029296875,6.778242677824267,55.05740761756897,23.623046875
,-3,24.033203125,-0.5859375,0.006537914276123047,6.758419036865234,47.65625,149.326171875,45,42,115.029296875,6.757828810020877,55.07702136039734,23.623046875
,-2,24.6484375,-2.34375,0.0224919319152832,6.780910968780518,47.65625,149.94140625,44,42,115.64453125,6.7375,55.12200522422791,23.0078125
,-2,24.6484375,-2.34375,0.007261991500854492,6.788172960281372,47.65625,149.94140625,44,42,115.64453125,6.71933471933472,55.13652920722961,23.0078125
,-2,24.6484375,-2.34375,0.007845163345336914,6.796018123626709,47.65625,149.94140625,44,42,115.64453125,6.701244813278008,55.15221953392029,23.0078125
,-2,25.400390625,-4.4921875,0.02274799346923828,6.818766117095947,47.65625,150.693359375,44,42,116.396484375,6.683229813664596,55.19771552085877,22.255859375
,-1,25.400390625,-4.4921875,0.008406877517700195,6.827172994613647,47.65625,150.693359375,43,42,116.396484375,6.665289256198347,55.20612239837646,22.255859375
,-1,25.400390625,-4.4921875,0.02324104309082031,6.850414037704468,47.65625,150.693359375,43,42,116.396484375,6.649484536082475,55.22936344146729,22.255859375
,-1,25.400390625,-4.4921875,0.008056879043579102,6.858470916748047,47.65625,150.693359375,43,42,116.396484375,6.633744855967078,55.23742032051087,22.255859375
,0,25.400390625,-4.4921875,0.005472183227539063,6.863943099975586,47.65625,150.693359375,42,42,116.396484375,6.618069815195072,55.23742032051087,22.255859375
,0,25.400390625,-4.4921875,0.02934098243713379,6.89328408241272,47.65625,150.693359375,42,42,116.396484375,6.604508196721311,55.23742032051087,22.255859375
,1,25.400390625,-4.4921875,0.008800029754638672,6.902084112167358,47.65625,150.693359375,41,42,116.396484375,6.591002044989775,55.2462203502655,22.255859375
,1,25.400390625,-4.4921875,0.006501913070678711,6.908586025238037,47.65625,150.693359375,41,42,116.396484375,6.579591836734694,55.25272226333619,22.255859375
,2,26.8359375,-8.59375,0.02159500122070313,6.93018102645874,47.65625,152.12890625,40,42,117.83203125,6.568228105906313,55.29591226577759,20.8203125
,2,26.8359375,-8.59375,0.01159310340881348,6.941774129867554,47.65625,152.12890625,40,42,117.83203125,6.558943089430894,55.31909847259522,20.8203125
,2,26.8359375,-8.59375,0.007373809814453125,6.949147939682007,47.65625,152.12890625,40,42,117.83203125,6.549695740365111,55.33384609222413,20.8203125
,3,28.33984375,-12.890625,0.01677608489990234,6.965924024581909,47.65625,153.6328125,39,42,119.3359375,6.540485829959514,55.38417434692383,19.31640625
,3,28.33984375,-12.890625,0.009469032287597656,6.975393056869507,47.65625,153.6328125,39,42,119.3359375,6.533333333333333,55.41258144378663,19.31640625
,4,28.75,-14.0625,0.03165292739868164,7.007045984268188,47.65625,154.04296875,38,42,119.74609375,6.526209677419355,55.53919315338135,18.90625
,5,28.75,-14.0625,0.006006002426147461,7.013051986694336,47.65625,154.04296875,37,42,119.74609375,6.52112676056338,55.56922316551208,18.90625
,5,28.75,-14.0625,0.007828950881958008,7.020880937576294,47.65625,154.04296875,37,42,119.74609375,6.518072289156627,55.60836791992188,18.90625
,6,28.75,-14.0625,0.03016304969787598,7.05104398727417,47.65625,154.04296875,36,42,119.74609375,6.515030060120241,55.78934621810913,18.90625
,6,28.75,-14.0625,0.009456157684326172,7.060500144958496,47.65625,154.04296875,36,42,119.74609375,6.514,55.84608316421509,18.90625
,6,28.75,-14.0625,0.008740901947021484,7.069241046905518,47.65625,154.04296875,36,42,119.74609375,6.512974051896207,55.89852857589722,18.90625
,7,28.75,-14.0625,0.0178520679473877,7.087093114852905,47.65625,154.04296875,35,42,119.74609375,6.51195219123506,56.02349305152893,18.90625
,7,28.75,-14.0625,0.006193876266479492,7.093286991119385,47.65625,154.04296875,35,42,119.74609375,6.512922465208748,56.06685018539429,18.90625
,7,30.322265625,-18.5546875,0.02989315986633301,7.123180150985718,47.65625,155.615234375,35,42,121.318359375,6.513888888888889,56.27610230445862,17.333984375
,7,30.322265625,-18.5546875,0.007821798324584961,7.131001949310303,47.65625,155.615234375,35,42,121.318359375,6.514851485148514,56.33085489273071,17.333984375
,8,30.322265625,-18.5546875,0.007670164108276367,7.138672113418579,47.65625,155.615234375,34,42,121.318359375,6.515810276679842,56.39221620559693,17.333984375
,8,30.9375,-20.3125,0.03064990043640137,7.16932201385498,47.65625,156.23046875,34,42,121.93359375,6.518737672583827,56.63741540908814,16.71875
,8,30.9375,-20.3125,0.009535074234008789,7.178857088088989,47.65625,156.23046875,34,42,121.93359375,6.521653543307087,56.71369600296021,16.71875
,9,30.9375,-20.3125,0.01109790802001953,7.189954996109009,47.65625,156.23046875,33,42,121.93359375,6.524557956777996,56.81357717514039,16.71875
,9,28.203125,-12.5,0.02281713485717773,7.212772130966187,47.65625,158.96484375,33,42,124.66796875,6.529411764705882,57.01893138885499,19.453125
,9,28.203125,-12.5,0.007924795150756836,7.220696926116943,47.65625,158.96484375,33,42,124.66796875,6.534246575342466,57.09025454521179,19.453125
,11,27.3828125,-10.15625,0.03199505805969238,7.252691984176636,47.65625,159.78515625,31,42,125.48828125,6.5390625,57.44220018386841,20.2734375
,11,27.3828125,-10.15625,0.02625703811645508,7.278949022293091,47.65625,159.78515625,31,42,125.48828125,6.547758284600389,57.73102760314941,20.2734375
,11,27.3828125,-10.15625,0.008309125900268555,7.287258148193359,47.65625,159.78515625,31,42,125.48828125,6.556420233463035,57.82242798805237,20.2734375
,12,27.3828125,-10.15625,0.05057597160339355,7.337834119796753,47.65625,159.78515625,30,42,125.48828125,6.56504854368932,58.42933964729309,20.2734375
,13,27.3828125,-10.15625,0.01256489753723145,7.350399017333984,47.65625,159.78515625,29,42,125.48828125,6.575581395348837,58.5926833152771,20.2734375
,13,27.3828125,-10.15625,0.008907079696655273,7.35930609703064,47.65625,159.78515625,29,42,125.48828125,6.588007736943907,58.70847535133362,20.2734375
,13,27.51953125,-10.546875,0.02877497673034668,7.388081073760986,47.65625,159.921875,29,42,125.625,6.600386100386101,59.08255004882813,20.13671875
,13,27.51953125,-10.546875,0.008113861083984375,7.396194934844971,47.65625,159.921875,29,42,125.625,6.61271676300578,59.18803024291993,20.13671875
,14,28.75,-14.0625,0.03061008453369141,7.426805019378662,47.65625,161.15234375,28,42,126.85546875,6.625,59.61657142639161,18.90625
,14,28.75,-14.0625,0.01324105262756348,7.440046072006226,47.65625,161.15234375,28,42,126.85546875,6.63915547024952,59.8019461631775,18.90625
,14,28.75,-14.0625,0.006815910339355469,7.446861982345581,47.65625,161.15234375,28,42,126.85546875,6.653256704980843,59.89736890792847,18.90625
,15,28.75,-14.0625,0.02395009994506836,7.470812082290649,47.65625,161.15234375,27,42,126.85546875,6.667304015296367,60.2566204071045,18.90625
,15,28.75,-14.0625,0.00657200813293457,7.477384090423584,47.65625,161.15234375,27,42,126.85546875,6.683206106870229,60.35520052909852,18.90625
,15,27.3828125,-10.15625,0.02316093444824219,7.500545024871826,47.65625,162.51953125,27,42,128.22265625,6.699047619047619,60.70261454582215,20.2734375
,16,27.3828125,-10.15625,0.009465932846069336,7.510010957717896,47.65625,162.51953125,26,42,128.22265625,6.714828897338403,60.85406947135926,20.2734375
,16,27.3828125,-10.15625,0.006086111068725586,7.516097068786621,47.65625,162.51953125,26,42,128.22265625,6.732447817836812,60.95144724845887,20.2734375
,16,27.3828125,-10.15625,0.02739787101745605,7.543494939804077,47.65625,162.51953125,26,42,128.22265625,6.75,61.38981318473816,20.2734375
,16,27.3828125,-10.15625,0.008244037628173828,7.551738977432251,47.65625,162.51953125,26,42,128.22265625,6.767485822306238,61.52171778678895,20.2734375
,17,27.3828125,-10.15625,0.00932002067565918,7.56105899810791,47.65625,162.51953125,25,42,128.22265625,6.784905660377358,61.68015813827515,20.2734375
,17,28.75,-14.0625,0.03171992301940918,7.592778921127319,47.65625,163.88671875,25,42,129.58984375,6.804143126177024,62.2193968296051,18.90625
,18,28.75,-14.0625,0.00970005989074707,7.602478981018066,47.65625,163.88671875,24,42,129.58984375,6.823308270676692,62.39399790763855,18.90625
,19,28.75,-14.0625,0.02583098411560059,7.628309965133667,47.65625,163.88671875,23,42,129.58984375,6.844277673545967,62.88478660583497,18.90625
,19,28.75,-14.0625,0.02149796485900879,7.649807929992676,47.65625,163.88671875,23,42,129.58984375,6.867041198501872,63.29324793815613,18.90625
,20,28.75,-14.0625,0.0184321403503418,7.668240070343018,47.65625,163.88671875,22,42,129.58984375,6.889719626168224,63.66189074516297,18.90625
,20,28.75,-14.0625,0.01908087730407715,7.687320947647095,47.65625,163.88671875,22,42,129.58984375,6.914179104477612,64.04350829124451,18.90625
,20,28.75,-14.0625,0.00607609748840332,7.693397045135498,47.65625,163.88671875,22,42,129.58984375,6.93854748603352,64.16503024101258,18.90625
,20,28.75,-14.0625,0.008884906768798828,7.702281951904297,47.65625,163.88671875,22,42,129.58984375,6.962825278810409,64.34272837638855,18.90625
,20,29.765625,-16.40625,0.02949905395507813,7.731781005859375,48.046875,164.90234375,22,42,130.21484375,6.987012987012987,64.93270945549011,18.28125
,20,29.765625,-16.40625,0.008314132690429688,7.740095138549805,48.046875,164.90234375,22,42,130.21484375,7.011111111111111,65.09899210929871,18.28125
,20,29.765625,-16.40625,0.009179830551147461,7.749274969100952,48.046875,164.90234375,22,42,130.21484375,7.035120147874307,65.28258872032166,18.28125
,20,32.001953125,-17.7734375,0.02247309684753418,7.771748065948486,51.5625,167.138671875,22,42,131.494140625,7.059040590405904,65.73205065727234,19.560546875
,20,32.001953125,-17.7734375,0.01023101806640625,7.781979084014893,51.5625,167.138671875,22,42,131.494140625,7.082872928176796,65.93667101860047,19.560546875
,20,32.001953125,-17.7734375,0.02655696868896484,7.808536052703857,51.5625,167.138671875,22,42,131.494140625,7.106617647058823,66.46781039237976,19.560546875
,20,32.001953125,-17.7734375,0.006608009338378906,7.815144062042236,51.5625,167.138671875,22,42,131.494140625,7.130275229357798,66.59997057914734,19.560546875
,20,32.001953125,-17.7734375,0.007004976272583008,7.822149038314819,51.5625,167.138671875,22,42,131.494140625,7.153846153846154,66.740070104599,19.560546875
,20,30.703125,-14.0625,0.03629899024963379,7.858448028564453,51.5625,168.4375,22,42,132.79296875,7.177330895795246,67.46604990959168,20.859375
,21,30.703125,-14.0625,0.008944988250732422,7.867393016815186,51.5625,168.4375,21,42,132.79296875,7.200729927007299,67.65389466285706,20.859375
,20,30.703125,-14.0625,0.007508039474487305,7.874901056289673,51.5625,168.4375,22,42,132.79296875,7.225865209471767,67.80405545234681,20.859375
,20,30.703125,-14.0625,0.0283510684967041,7.903252124786377,51.5625,168.4375,22,42,132.79296875,7.249090909090909,68.37107682228089,20.859375
,20,30.703125,-14.0625,0.007327795028686523,7.910579919815063,51.5625,168.4375,22,42,132.79296875,7.272232304900181,68.51763272285462,20.859375
,20,30.83984375,-14.453125,0.02147912979125977,7.932059049606323,51.5625,168.57421875,22,42,132.9296875,7.295289855072464,68.94721531867981,20.72265625
,20,30.83984375,-14.453125,0.009064912796020508,7.941123962402344,51.5625,168.57421875,22,42,132.9296875,7.318264014466546,69.12851357460022,20.72265625
,20,30.83984375,-14.453125,0.006903171539306641,7.94802713394165,51.5625,168.57421875,22,42,132.9296875,7.34115523465704,69.26657700538636,20.72265625
,20,30.83984375,-14.453125,0.02589678764343262,7.973923921585083,51.5625,168.57421875,22,42,132.9296875,7.363963963963964,69.78451275825501,20.72265625
,20,30.83984375,-14.453125,0.009914159774780273,7.983838081359863,51.5625,168.57421875,22,42,132.9296875,7.386690647482014,69.98279595375061,20.72265625
,21,30.83984375,-14.453125,0.01000285148620605,7.993840932846069,51.5625,168.57421875,21,42,132.9296875,7.409335727109515,70.19285583496094,20.72265625
,20,30.29296875,-12.890625,0.02726602554321289,8.021106958389282,51.5625,169.12109375,22,42,133.4765625,7.433691756272402,70.7381763458252,21.26953125
,20,30.29296875,-12.890625,0.007642984390258789,8.028749942779541,51.5625,169.12109375,22,42,133.4765625,7.456171735241503,70.89103603363037,21.26953125
,20,30.15625,-12.5,0.03321599960327148,8.061965942382813,51.5625,169.2578125,22,42,133.61328125,7.478571428571429,71.5553560256958,21.40625
,19,30.15625,-12.5,0.007276058197021484,8.069242000579834,51.5625,169.2578125,23,42,133.61328125,7.500891265597148,71.69360113143921,21.40625
,18,30.25390625,-12.5,0.02791500091552734,8.097157001495361,51.7578125,169.35546875,24,42,133.7109375,7.521352313167259,72.1960711479187,21.50390625
,18,30.869140625,-12.3046875,0.01186513900756836,8.10902214050293,53.125,169.970703125,24,42,134.462890625,7.539964476021314,72.40964365005493,22.255859375
,18,30.25390625,-10.546875,0.0102229118347168,8.119245052337646,53.125,170.5859375,24,42,135.078125,7.558510638297872,72.59365606307984,22.87109375
,17,30.25390625,-10.546875,0.009245872497558594,8.128490924835205,53.125,170.5859375,25,42,135.078125,7.576991150442478,72.75083589553834,22.87109375
,17,30.25390625,-10.546875,0.01678705215454102,8.145277976989746,53.125,170.5859375,25,42,135.078125,7.593639575971731,73.03621578216553,22.87109375
,17,30.25390625,-10.546875,0.006145954132080078,8.151423931121826,53.125,170.5859375,25,42,135.078125,7.610229276895944,73.14069700241089,22.87109375
,16,29.53125,-6.25,0.02664303779602051,8.178066968917847,54.6875,171.30859375,26,42,137.36328125,7.626760563380282,73.56698560714722,25.15625
,16,29.53125,-6.25,0.008177042007446289,8.186244010925293,54.6875,171.30859375,26,42,137.36328125,7.641476274165202,73.69781827926636,25.15625
,16,29.53125,-6.25,0.009031057357788086,8.195275068283081,54.6875,171.30859375,26,42,137.36328125,7.656140350877193,73.84231519699097,25.15625
,15,28.92578125,-1.171875,0.02719807624816895,8.22247314453125,57.03125,171.9140625,27,42,140.3125,7.670753064798599,74.2502863407135,28.10546875
,15,28.92578125,-1.171875,0.007459878921508789,8.229933023452759,57.03125,171.9140625,27,42,140.3125,7.683566433566433,74.36218452453613,28.10546875
,15,28.92578125,-1.171875,0.008706092834472656,8.238639116287231,57.03125,171.9140625,27,42,140.3125,7.696335078534031,74.49277591705322,28.10546875
,14,28.515625,0,0.02864980697631836,8.26728892326355,57.03125,172.32421875,28,42,140.72265625,7.709059233449477,74.89387321472169,28.515625
,14,28.515625,0,0.009441137313842773,8.276730060577393,57.03125,172.32421875,28,42,140.72265625,7.72,75.02604913711548,28.515625
,13,28.515625,0,0.02969789505004883,8.306427955627441,57.03125,172.32421875,29,42,140.72265625,7.730902777777778,75.41212177276612,28.515625
,13,28.515625,0,0.004449129104614258,8.310877084732056,57.03125,172.32421875,29,42,140.72265625,7.740034662045061,75.46996045112611,28.515625
,12,28.515625,0,0.01155304908752441,8.32243013381958,57.03125,172.32421875,30,42,140.72265625,7.749134948096886,75.6085970401764,28.515625
,12,27.1484375,3.90625,0.03487992286682129,8.357310056686401,57.03125,173.69140625,30,42,142.08984375,7.756476683937824,76.02715611457825,29.8828125
,12,27.1484375,3.90625,0.005137920379638672,8.36244797706604,57.03125,173.69140625,30,42,142.08984375,7.763793103448275,76.08881115913391,29.8828125
,11,27.1484375,3.90625,0.01086902618408203,8.373317003250122,57.03125,173.69140625,31,42,142.08984375,7.771084337349397,76.20837044715882,29.8828125
,11,26.767578125,7.2265625,0.03183197975158691,8.405148983001709,58.59375,174.072265625,31,42,144.033203125,7.776632302405498,76.55852222442627,31.826171875
,11,26.767578125,7.2265625,0.0069580078125,8.412106990814209,58.59375,174.072265625,31,42,144.033203125,7.782161234991424,76.63506031036377,31.826171875
,11,24.0625,17.1875,0.04373908042907715,8.455846071243286,60.15625,176.77734375,31,42,148.30078125,7.787671232876712,77.11619019508362,36.09375
,11,24.0625,17.1875,0.006577014923095703,8.462423086166382,60.15625,176.77734375,31,42,148.30078125,7.793162393162393,77.18853735923767,36.09375
,10,24.0625,17.1875,0.0138709545135498,8.476294040679932,60.15625,176.77734375,32,42,148.30078125,7.798634812286689,77.32724690437317,36.09375
,10,26.2109375,13.28125,0.02710199356079102,8.503396034240723,61.71875,178.92578125,32,42,148.88671875,7.802385008517888,77.59826683998108,35.5078125
,10,26.2109375,13.28125,0.0119020938873291,8.515298128128052,61.71875,178.92578125,32,42,148.88671875,7.806122448979592,77.71728777885437,35.5078125
,9,26.2109375,13.28125,0.01094293594360352,8.526241064071655,61.71875,178.92578125,33,42,148.88671875,7.809847198641766,77.8157742023468,35.5078125
,9,27.9296875,11.71875,0.03906702995300293,8.565308094024658,64.0625,180.64453125,33,42,149.51171875,7.811864406779661,78.16737747192383,36.1328125
,8,27.9296875,11.71875,0.01351404190063477,8.578822135925293,64.0625,180.64453125,34,42,149.51171875,7.813874788494078,78.27548980712891,36.1328125
,8,25.1953125,19.53125,0.03349995613098145,8.612322092056274,64.0625,183.37890625,34,42,152.24609375,7.814189189189189,78.54348945617676,38.8671875
,7,25.1953125,19.53125,0.01784992218017578,8.63017201423645,64.0625,183.37890625,35,42,152.24609375,7.814502529510961,78.66843891143799,38.8671875
,7,25.1953125,19.53125,0.008748054504394531,8.638920068740845,64.0625,183.37890625,35,42,152.24609375,7.813131313131313,78.72967529296876,38.8671875
,8,26.7578125,19.53125,0.03959894180297852,8.678519010543823,67.1875,184.94140625,34,42,153.80859375,7.811764705882353,79.04646682739259,40.4296875
,8,26.7578125,19.53125,0.009397029876708984,8.687916040420532,67.1875,184.94140625,34,42,153.80859375,7.812080536912752,79.12164306640626,40.4296875
,8,26.7578125,19.53125,0.01054596900939941,8.698462009429932,67.1875,184.94140625,34,42,153.80859375,7.812395309882747,79.20601081848145,40.4296875
,8,26.7578125,19.53125,0.02890896797180176,8.727370977401733,67.1875,184.94140625,34,42,153.80859375,7.812709030100335,79.43728256225587,40.4296875
,7,26.7578125,19.53125,0.0111839771270752,8.738554954528809,67.1875,184.94140625,35,42,153.80859375,7.813021702838063,79.51557040214539,40.4296875
,5,26.7578125,19.53125,0.03197717666625977,8.770532131195068,67.1875,184.94140625,37,42,153.80859375,7.811666666666667,79.67545628547668,40.4296875
,3,26.7578125,19.53125,0.01143598556518555,8.781968116760254,67.1875,184.94140625,39,42,153.80859375,7.806988352745424,79.70976424217224,40.4296875
,2,26.7578125,19.53125,0.008584976196289063,8.790553092956543,67.1875,184.94140625,40,42,153.80859375,7.799003322259137,79.72693419456482,40.4296875
,-4,25.9375,21.875,0.03549599647521973,8.826049089431763,67.1875,185.76171875,46,42,154.62890625,7.7893864013267,79.8689181804657,41.25
,-3,25.9375,21.875,0.007163047790527344,8.83321213722229,67.1875,185.76171875,45,42,154.62890625,7.769867549668874,79.89040732383728,41.25
,0,25.9375,21.875,0.01730084419250488,8.850512981414795,67.1875,185.76171875,42,42,154.62890625,7.75206611570248,79.89040732383728,41.25
