Lys=meas,Avstand=calc,Fart_IIR=calc,Ts=calc,Tid=meas,Avstand_IIR=calc,Fart=calc
Lys0=80
80,80,0,0.005,0,80,0
80,80,0,0.01810503005981445,0.01810503005981445,80.0,0
80,80,0,0.0028388500213623116,0.02094388008117676,80.0,0
80,80,0,0.011788129806518551,0.03273200988769531,80.0,0
80,80,0,0.0035219192504882743,0.03625392913818359,80.0,0
80,80,0,0.0065331459045410226,0.04278707504272461,80.0,0
79,79,-12.155112804834044,0.016453981399536133,0.05924105644226074,79.8,-60.77556402416936
80,80,5.92604146798157,0.006749868392944336,0.06599092483520508,79.84,148.15103669951608
79,79,-16.692956315738822,0.010064125061035156,0.07605504989624023,79.67200000000001,-99.36283521273572
79,79,-14.827957429570915,0.009063959121704102,0.08511900901794434,79.53760000000001,0
79,79,-14.162345447350255,0.007591962814331055,0.09271097183227539,79.43008000000002,0
79,79,-16.114040504890937,0.005337953567504883,0.09804892539978027,79.34406400000002,0
79,79,-10.539412170575593,0.006529092788696331,0.1045780181884766,79.27525120000001,0
79,79,-8.564127511329723,0.006428003311157199,0.1110060214996338,79.22020096000001,0
79,79,-9.44269264218151,0.004663944244384793,0.1156699657440186,79.17616076800002,0
79,79,-6.793598877028447,0.005186080932617104,0.1208560466766357,79.14092861440001,0
79,79,-4.4725896723085965,0.006301879882812486,0.1271579265594482,79.11274289152001,0
79,79,-3.018113102334942,0.007471084594726618,0.1346290111541748,79.09019431321602,0
78,78,-30.120587370391338,0.007238864898681585,0.1418678760528564,78.87215545057282,-138.14320532244358
79,79,5.06416305464059,0.005048990249633817,0.1469168663024902,78.89772436045826,198.0594040704527
79,79,3.3406675806595554,0.006123065948486384,0.1530399322509766,78.9181794883666,0
78,78,-25.679295197533847,0.00715112686157221,0.1601910591125488,78.73454359069328,-139.83810095352513
78,78,-22.008780373749126,0.006675004959106501,0.1668660640716553,78.58763487255462,0
78,78,-23.671910262152632,0.00496482849121091,0.1718308925628662,78.4701078980437,0
78,78,-18.021894133956632,0.005217075347900391,0.1770479679107666,78.37608631843496,0
78,78,-12.536122941721247,0.006000041961669894,0.1830480098724365,78.30086905474798,0
78,78,-7.627527455079336,0.007889032363891602,0.1909370422363281,78.24069524379838,0
78,78,-7.138153318562551,0.006743907928466797,0.1976809501647949,78.19255619503872,0
78,78,-5.511767003858856,0.006987094879150418,0.2046680450439453,78.15404495603099,0
78,78,-3.930237387148945,0.007838964462280301,0.2125070095062256,78.1232359648248,0
78,78,-4.583772448971647,0.0053770542144774836,0.2178840637207031,78.09858877185985,0
78,78,-4.15735464904039,0.004742860794067411,0.2226269245147705,78.07887101748788,0
78,78,-2.583839913562335,0.006104946136474582,0.2287318706512451,78.06309681399031,0
78,78,-2.3582892470756,0.005351066589355524,0.2340829372406006,78.05047745119225,0
78,78,-1.5567483488645624,0.0064849853515625,0.2405679225921631,78.0403819609538,0
77,77,-37.62602474978358,0.005530118942260687,0.2460980415344238,77.83230556876305,-180.8279370554017
78,78,4.191915034952915,0.008000850677490318,0.2540988922119141,77.86584445501043,124.9867095774467
77,77,-17.071073688052913,0.010143995285034069,0.2642428874969482,77.69267556400835,-98.58048746092665
77,77,-17.551452237191302,0.00789308547973644,0.2721359729766846,77.55414045120669,0
77,77,-18.321970052877816,0.006048917770385687,0.2781848907470703,77.44331236096536,0
77,77,-11.991015437695681,0.007394075393676813,0.2855789661407471,77.3546498887723,0
77,77,-9.31323220058368,0.007616043090820257,0.2931950092315674,77.28371991101784,0
77,77,-7.56400799403491,0.0075018405914306086,0.300696849822998,77.22697592881428,0
77,77,-7.813254923299733,0.005810022354126032,0.306506872177124,77.18158074305143,0
77,77,-5.368139819584185,0.0067651271820068914,0.3132719993591309,77.14526459444114,0
77,77,-3.8353510608259755,0.007575035095214788,0.3208470344543457,77.11621167555292,0
77,77,-2.613900499360493,0.008891820907592773,0.3297388553619385,77.09296934044234,0
77,77,-3.642272337889813,0.005105018615722601,0.3348438739776611,77.07437547235388,0
77,77,-2.5856058118158587,0.005753040313720703,0.3405969142913818,77.05950037788311,0
76,76,-37.46462650555665,0.005656003952026423,0.3462529182434082,76.84760030230649,-176.8032710871289
76,76,-28.972685207328883,0.00585103034973139,0.3521039485931396,76.6780802418452,0
76,76,-22.800021410069636,0.005948066711425781,0.3580520153045654,76.54246419347616,0
77,77,13.212008698425581,0.006926059722900446,0.3649780750274658,76.63397135478094,144.38223752151347
77,77,10.0836480181088,0.007259845733642578,0.3722379207611084,76.70717708382476,0
76,76,-15.358130126828817,0.009209156036377009,0.3814470767974854,76.56574166705981,-108.58758349298334
76,76,-20.10840673798196,0.0056269168853758655,0.3870739936828613,76.45259333364785,0
76,76,-13.86187177109347,0.006530046463012751,0.393604040145874,76.36207466691829,0
76,76,-8.823724500342738,0.008206844329833984,0.401810884475708,76.28965973353463,0
76,76,-9.118632333871137,0.00635313987731928,0.4081640243530273,76.2317277868277,0
76,76,-6.888527468745091,0.006727933883666992,0.4148919582366943,76.18538222946216,0
76,76,-5.266522802505323,0.007040023803710993,0.4219319820404053,76.14830578356974,0
76,76,-3.2909533171948104,0.009012937545776312,0.4309449195861816,76.1186446268558,0
76,76,-3.5384622106856307,0.006705999374389704,0.4376509189605713,76.09491570148464,0
76,76,-2.213786945447159,0.008574962615966797,0.4462258815765381,76.07593256118771,0
76,76,-2.252523128366138,0.00674200057983404,0.4529678821563721,76.06074604895018,0
75,75,-34.44502300233137,0.006159067153930553,0.4591269493103027,75.84859683916014,-162.36224983548468
75,75,-27.62767303327215,0.006143093109130915,0.4652700424194336,75.67887747132812,0
75,75,-20.283647909257162,0.006693840026855524,0.4719638824462891,75.54310197706249,0
75,75,-21.31899667572183,0.005095005035400391,0.4770588874816895,75.43448158165,0
75,75,-15.008011824919896,0.00578999519348139,0.4828488826751709,75.34758526532,0
75,75,-13.10157958816006,0.005306005477905329,0.4881548881530762,75.27806821225602,0
75,75,-7.146462101335911,0.007781982421875,0.4959368705749512,75.22245456980482,0
74,74,-38.54422921969991,0.006343126296997015,0.5022799968719482,74.97796365584387,-157.650967863185
74,74,-22.50501672597892,0.008691072463989258,0.5109710693359375,74.78237092467509,0
74,74,-27.94788995314481,0.005598783493041992,0.5165698528289795,74.62589673974007,0
74,74,-22.25406857185233,0.005625009536743164,0.5221948623657227,74.50071739179207,0
74,74,-12.878497373986496,0.007776021957397461,0.5299708843231201,74.40057391343366,0
74,74,-13.87962633135495,0.005772113800048828,0.535742998123169,74.32045913074693,0
73,73,-36.411735405991216,0.007252931594848633,0.5429959297180176,74.05636730459754,-137.87528352125176
73,73,-27.986770749093985,0.0075490474700927734,0.5505449771881104,73.84509384367803,0
73,73,-25.13708594365117,0.006723880767822266,0.5572688579559326,73.67607507494242,0
73,73,-18.286940258158843,0.007394075393676758,0.5646629333496094,73.54086005995393,0
73,73,-13.26781794891077,0.008152961730957031,0.5728158950805664,73.43268804796315,0
73,73,-27.59351087614307,0.003136157989501953,0.5759520530700684,73.34615043837053,0
73,73,-12.169315353582363,0.005688905715942383,0.5816409587860107,73.27692035069643,0
73,73,-8.764625223418161,0.0063190460205078125,0.5879600048065186,73.22153628055715,0
72,72,-34.8016200766601,0.007019996643066406,0.594980001449585,72.97722902444572,-142.45021056921613
73,73,0.643891281947149,0.007072925567626953,0.6020529270172119,72.98178321955658,141.3842108811434
72,72,-33.81978716260696,0.00580596923828125,0.6078588962554932,72.78542657564526,-172.2365308804205
72,72,-27.34781527424223,0.005743980407714844,0.613602876663208,72.62834126051621,0
72,72,-15.608719608801655,0.008051156997680664,0.6216540336608887,72.50267300841297,0
72,72,-11.987170082032655,0.008386850357055664,0.6300408840179443,72.40213840673039,0
72,72,-25.30668759043737,0.003178119659423828,0.6332190036773682,72.32171072538432,0
72,72,-9.809906087403556,0.006558895111083984,0.6397778987884521,72.25736858030746,0
72,72,-10.14264836848303,0.005074977874755859,0.644852876663208,72.20589486424598,0
72,72,-6.627671931591386,0.006213188171386719,0.6510660648345947,72.16471589139678,0
72,72,-5.381224614628083,0.00612187385559082,0.6571879386901855,72.13177271311743,0
72,72,-3.0188705359359926,0.008729934692382812,0.6659178733825684,72.10541817049395,0
72,72,-2.99350634152797,0.007043123245239258,0.6729609966278076,72.08433453639516,0
72,72,-4.0159478126724775,0.004199981689453125,0.6771609783172607,72.06746762911614,0
72,72,-2.3446826304765356,0.005754947662353516,0.6829159259796143,72.05397410329292,0
71,71,-29.329492767210287,0.0071871280670166016,0.6901030540466309,71.84317928263434,-139.13763476530104
71,71,-32.536457407150436,0.005182981491088867,0.6952860355377197,71.67454342610748,0
71,71,-17.763240874563948,0.0075948238372802734,0.702880859375,71.53963474088599,0
71,71,-14.614315752942684,0.0073850154876708984,0.7102658748626709,71.43170779270879,0
71,71,-13.220265920415564,0.0065310001373291016,0.716796875,71.34536623416703,0
71,71,-10.694112269252045,0.00645899772644043,0.7232558727264404,71.27629298733363,0
70,70,-29.171743450833972,0.008750200271606445,0.7320060729980469,71.02103438986691,-114.28309855317293
70,70,-24.788889937232174,0.008237838745117188,0.7402439117431641,70.81682751189354,0
70,70,-33.47687024081361,0.004879951477050781,0.7451238632202148,70.65346200951484,0
70,70,-19.59687058741607,0.006669044494628906,0.7517929077148438,70.52276960761188,0
70,70,-23.484760416484203,0.0044519901275634766,0.7562448978424072,70.4182156860895,0
70,70,-14.287885680769227,0.005854129791259766,0.762099027633667,70.33457254887159,0
70,70,-11.545034800675218,0.005795955657958984,0.767894983291626,70.26765803909728,0
70,70,-9.071831790042646,0.005900859832763672,0.7737958431243896,70.21412643127783,0
69,69,-26.848818195889393,0.009044170379638672,0.7828400135040283,69.97130114502227,-110.56846101123003
70,70,0.7723066997852372,0.007431983947753906,0.7902719974517822,69.97704091601781,134.55357372000512
70,70,1.194534240315823,0.003844022750854492,0.7941160202026367,69.98163273281426,0
69,69,-32.206399388091455,0.00609588623046875,0.8002119064331055,69.78530618625142,-164.0450563204005
69,69,-18.46048971959585,0.008507966995239258,0.8087198734283447,69.62824494900114,0
69,69,-30.371718563568816,0.0041370391845703125,0.812856912612915,69.50259595920092,0
69,69,-19.00847828728697,0.005288124084472656,0.8181450366973877,69.40207676736074,0
69,69,-12.138281884681463,0.006624937057495117,0.8247699737548828,69.32166141388859,0
69,69,-8.991307930146325,0.007154941558837891,0.8319249153137207,69.25732913111088,0
69,69,-8.730215998825244,0.005895137786865234,0.8378200531005859,69.20586330488871,0
69,69,-10.64742935011791,0.003866910934448242,0.8416869640350342,69.16469064391097,0
68,68,-22.08588569079444,0.01054692268371582,0.85223388671875,68.93175251512878,-94.81438614734272
68,68,-53.47271397981221,0.003484964370727539,0.8557188510894775,68.74540201210303,0
68,68,-24.434878006811577,0.006101131439208984,0.8618199825286865,68.59632160968243,0
68,68,-20.06461122921192,0.005944013595581055,0.8677639961242676,68.47705728774595,0
68,68,-17.086574358242512,0.005584001541137695,0.8733479976654053,68.38164583019676,0
68,68,-11.63581182072916,0.006559848785400391,0.8799078464508057,68.3053166641574,0
68,68,-10.571601153605888,0.005776166915893555,0.8856840133666992,68.24425333132592,0
67,67,-27.352079269358697,0.009098052978515625,0.8947820663452148,67.99540266506074,-109.91362683438155
67,67,-28.87389868027714,0.006894826889038086,0.9016768932342529,67.7963221320486,0
67,67,-38.045530285225844,0.004186153411865234,0.9058630466461182,67.63705770563888,0
67,67,-18.0012374641551,0.007077932357788086,0.9129409790039062,67.50964616451111,0
67,67,-17.748347279920367,0.0057430267333984375,0.9186840057373047,67.40771693160889,0
66,66,-47.84953002240584,0.005883932113647461,0.9245679378509521,67.12617354528712,-169.9543741642692
67,67,-3.9276399413073686,0.006424903869628906,0.930992841720581,67.1009388362297,155.64435208549799
66,66,-37.33866066591254,0.005897045135498047,0.9368898868560791,66.88075106898377,-169.57645346486618
66,66,-25.00008616142336,0.0070459842681884766,0.9439358711242676,66.70460085518702,0
66,66,-19.396890163523345,0.0072650909423828125,0.9512009620666504,66.56368068414962,0
66,66,-15.0153894652534,0.007508039474487305,0.9587090015411377,66.4509445473197,0
66,66,-21.32114213280419,0.004230022430419922,0.9629390239715576,66.36075563785576,0
65,65,-46.71323305680887,0.005825996398925781,0.9687650203704834,66.08860451028461,-171.64445899492551
65,65,-42.951302872908585,0.00506901741027832,0.9738340377807617,65.8708836082277,0
65,65,-25.413090767897984,0.006853818893432617,0.9806878566741943,65.69670688658216,0
65,65,-24.019402278637134,0.005801200866699219,0.9864890575408936,65.55736550926574,0
65,65,-19.356326930035817,0.005759000778198242,0.9922480583190918,65.4458924074126,0
65,65,-14.137720134409033,0.006307840347290039,0.9985558986663818,65.35671392593008,0
64,64,-38.36875899389399,0.007071971893310103,1.005627870559692,65.08537114074407,-141.40327691997382
64,64,-30.38563954817061,0.007143974304200107,1.012771844863892,64.86829691259526,0
64,64,-23.804831777803795,0.007295131683348943,1.020066976547241,64.6946375300762,0
64,64,-23.66792015392702,0.005869865417480913,1.025936841964722,64.55571002406097,0
64,64,-23.392380336801683,0.0047512054443361595,1.030688047409058,64.44456801924878,0
63,63,-52.98375603522444,0.005452871322630948,1.036140918731689,64.15565441539903,-183.3896200428789
64,64,-5.239872684502579,0.005941152572632058,1.042082071304321,64.12452353231923,168.31750872827334
63,63,-36.96679637667808,0.006083965301513894,1.048166036605835,63.89961882585539,-164.36648640174963
63,63,-25.384471995429582,0.0070879459381101295,1.055253982543945,63.719695060684316,0
63,63,-20.82740450414627,0.006911039352416992,1.062165021896362,63.575756048547454,0
63,63,-23.081442269499636,0.0049889087677008614,1.067153930664063,63.460604838837966,0
62,62,-51.89513526436623,0.0056290626525870024,1.07278299331665,63.16848387107037,-177.64947056334864
62,62,-36.12557825795605,0.006469011306763139,1.079252004623413,62.9347870968563,0
62,62,-31.076616014684262,0.006016016006469949,1.085268020629883,62.747829677485036,0
62,62,-22.85919912250362,0.006542921066283958,1.091810941696167,62.59826374198803,0
62,62,-28.638438781958676,0.004178047180176003,1.095988988876343,62.47861099359042,0
62,62,-16.207985183159632,0.005905866622925027,1.101894855499268,62.382888794872336,0
62,62,-15.142633575864036,0.00505709648132302,1.106951951980591,62.30631103589787,0
62,62,-10.13618621783608,0.006043910980223943,1.112995862960815,62.245048828718296,0
62,62,-6.162295596189075,0.007953166961669922,1.120949029922485,62.19603906297464,0
61,61,-38.489672198489075,0.006214857101441096,1.127163887023926,61.95683125037972,-160.90474546359576
61,61,-29.951795960839892,0.006389141082763006,1.133553028106689,61.765465000303784,0
61,61,-20.221022910619673,0.007570981979371005,1.14112401008606,61.612372000243035,0
60,60,-35.711983577693566,0.009029865264891912,1.150153875350952,61.28989760019443,-110.74362359403045
61,61,-12.119193302956837,0.004784107208252175,1.154937982559204,61.23191808015555,209.02541612677192
60,60,-36.72510701353105,0.006708860397338867,1.161646842956543,60.98553446412444,-149.0566118198941
60,60,-30.596825647779823,0.006442070007323997,1.168088912963867,60.78842757129956,0
60,60,-24.379113981437595,0.006468057632446067,1.174556970596313,60.63074205703965,0
60,60,-17.169807455928424,0.007347106933593972,1.181904077529907,60.50459364563172,0
59,59,-90.39855531081098,0.0033288002014160156,1.185232877731323,60.20367491650538,-300.4085374588168
60,60,-6.21245376334893,0.00655698776245095,1.191789865493774,60.162939933204306,152.5090538869952
59,59,-36.52904675801682,0.006367206573486994,1.198157072067261,59.93035194656345,-157.05474425221152
59,59,-31.37808693212332,0.0059299468994140625,1.204087018966675,59.74428155725076,0
59,59,-24.65734459700099,0.006036996841429998,1.210124015808105,59.59542524580061,0
58,58,-47.546528990778185,0.006711006164551003,1.216835021972656,59.2763401966405,-149.0089526786934
58,58,-39.16996262625365,0.006516933441161887,1.223351955413818,59.0210721573124,0
58,58,-41.88242172709328,0.004875898361206055,1.228227853775024,58.81685772584993,0
58,58,-28.79238309981598,0.005674123764038974,1.233901977539063,58.65348618067995,0
57,57,-53.43419139818845,0.006188869476318137,1.240090847015381,58.32278894454396,-161.58039910625436
57,57,-45.46383382846269,0.005819082260131836,1.245909929275513,58.05823115563517,0
57,57,-33.329902898589886,0.006350040435791016,1.252259969711304,57.846584924508136,0
57,57,-28.130992554597277,0.006018877029419167,1.258278846740723,57.67726793960651,0
57,57,-19.41938493412243,0.006975173950194868,1.265254020690918,57.54181435168521,0
57,57,-16.227170570391497,0.006677865982056108,1.271931886672974,57.43345148134817,0
57,57,-16.112977772088744,0.005380153656004971,1.277312040328979,57.34676118507854,0
56,56,-55.34439646910082,0.0048668384552008614,1.28217887878418,57.07740894806284,-205.47219908878782
56,56,-38.526626544149096,0.005593061447143111,1.287771940231323,56.86192715845028,0
56,56,-28.35772466091158,0.006078958511352983,1.293850898742676,56.689541726760226,0
56,56,-13.945453602957553,0.009889125823973943,1.30374002456665,56.55163338140819,0
55,55,-37.927746944304836,0.008182048797608088,1.311922073364258,56.241306705126554,-122.21877731801557
55,55,-42.805374319983606,0.005799770355223943,1.317721843719482,55.99304536410125,0
55,55,-30.376940107433178,0.006538152694703037,1.324259996414185,55.794436291281,0
55,55,-22.79922897205194,0.006968975067138006,1.331228971481323,55.6355490330248,0
55,55,-18.87879498167179,0.006732940673827903,1.337961912155151,55.508439226419846,0
55,55,-15.124995078758777,0.006723165512085183,1.344685077667236,55.40675138113588,0
54,54,-35.33245273753008,0.007962942123412864,1.352648019790649,55.125401104908704,-125.58172400371619
54,54,-31.366033330605298,0.00717592239379905,1.359823942184448,54.900320883926966,0
54,54,-29.042257140846335,0.006200075149535911,1.366024017333984,54.72025670714157,0
54,54,-17.898895531403948,0.00804805755615301,1.374072074890137,54.576205365713264,0
53,53,-99.639554939472,0.0031638145446770682,1.377235889434814,54.26096429257061,-316.0741522231261
53,53,-44.0353655233808,0.005727052688599077,1.382962942123413,54.00877143405649,0
53,53,-30.24370308040492,0.006670951843261941,1.389633893966675,53.8070171472452,0
53,53,-28.992507484020223,0.00556707382202104,1.395200967788696,53.64561371779616,0
52,52,-44.44003604936614,0.007405996322631836,1.402606964111328,53.31649097423693,-135.0257219199691
52,52,-59.989824099139696,0.004389047622681108,1.406996011734009,53.05319277938954,0
52,52,-35.5211538064059,0.0059299468994140625,1.412925958633423,52.842554223511634,0
52,52,-21.935560968883117,0.007682085037231001,1.420608043670654,52.67404337880931,0
52,52,-41.56951683447995,0.003242969512939897,1.423851013183594,52.53923470304745,0
51,51,-34.80051894418687,0.008846044540405051,1.432697057723999,52.23138776243796,-113.04487507748983
51,51,-53.193414877642105,0.00462985038757302,1.437326908111572,51.98511020995038,0
51,51,-34.98900579249189,0.005630970001220925,1.442957878112793,51.78808816796031,0
51,51,-27.42114028145646,0.005748033523560014,1.448705911636353,51.63047053436826,0
50,50,-58.88315037181702,0.005537986755371094,1.454243898391724,51.30437642749461,-180.57103495780953
51,51,-7.602711215735071,0.008007049560546875,1.462250947952271,51.243501141995694,124.88994759409242
49,49,-38.079906980200484,0.011783123016356978,1.474034070968628,50.79480091359656,-169.7342883736052
50,50,-22.869154497507044,0.006950855255127175,1.480984926223755,50.63584073087725,143.86718803594243
49,49,-52.65906842842151,0.006212949752807839,1.487197875976563,50.308672584701796,-160.9541425227311
49,49,-39.842998270279736,0.0065691471099851295,1.493767023086548,50.046938067761445,0
49,49,-28.841881939995567,0.007259845733641912,1.50102686882019,49.837550454209165,0
49,49,-20.412802349231917,0.008206129074097124,1.509232997894287,49.670040363367335,0
48,48,-89.90703345183081,0.003715038299560991,1.512948036193848,49.33603229069387,-269.1762289821267
48,48,-50.96612624817567,0.005242824554442915,1.518190860748291,49.0688258325551,0
48,48,-35.32687521504301,0.006051063537597878,1.524241924285889,48.85506066604408,0
48,48,-19.715157890337355,0.008674144744873047,1.532916069030762,48.68404853283527,0
47,47,-41.93428815878333,0.008031845092772993,1.540947914123535,48.34723882626822,-124.5043932557656
47,47,-40.0122442766631,0.006734132766724077,1.547682046890259,48.07779106101457,0
47,47,-31.15495078137805,0.0069189071655269,1.554600954055786,47.86223284881166,0
47,47,-25.96730585698249,0.006640911102295144,1.561241865158081,47.68978627904933,0
47,47,-29.3827588418408,0.004695177078246848,1.565937042236328,47.55182902323946,0
47,47,-18.040052061491384,0.006117820739746094,1.572054862976074,47.44146321859157,0
47,47,-17.974381823921547,0.004912137985229936,1.576967000961304,47.35317057487326,0
47,47,-12.07651031202779,0.005848884582519087,1.582815885543823,47.28253645989861,0
47,47,-9.73581830347069,0.005804061889648882,1.588619947433472,47.22602916791889,0
47,47,-8.342074381793594,0.005419015884399192,1.594038963317871,47.18082333433511,0
46,46,-29.242948864849065,0.008075952529907005,1.602114915847778,46.94465866746809,-123.82440291678078
46,46,-50.502652827680784,0.0037410259246828392,1.605855941772461,46.75572693397448,0
46,46,-25.925232094852213,0.005830049514770064,1.611685991287231,46.604581547179585,0
45,45,-51.49472284066913,0.006232023239135964,1.617918014526367,46.28366523774367,-160.46153257583882
46,46,-9.632272031486343,0.005889892578125,1.623807907104492,46.22693219019494,169.78238341968913
45,45,-34.80169468494624,0.0070509910583500535,1.630858898162842,45.98154575215595,-141.8240346249995
45,45,-29.409588702010883,0.006675004959106001,1.637533903121948,45.78523660172476,0
45,45,-22.184568365622653,0.007079124450684038,1.644613027572632,45.62818928137981,0
45,45,-19.21120536382338,0.006539821624755859,1.651152849197388,45.50255142510385,0
45,45,-20.26782165883577,0.004959106445312056,1.6561119556427,45.402041140083085,0
44,44,-41.468068274554255,0.00676202774047896,1.662873983383179,45.121632912066474,-147.88463436992188
44,44,-39.376182545402266,0.005697011947632058,1.668570995330811,44.897306329653176,0
44,44,-34.42557079981649,0.005213022232054998,1.673784017562866,44.71784506372255,0
44,44,-22.457376162835615,0.006392955780029963,1.680176973342896,44.57427605097804,0
43,43,-46.81811137463709,0.006725072860717107,1.686902046203613,44.25942084078244,-148.6972737263947
44,44,-8.337533965573805,0.006222963333129883,1.693125009536743,44.20753667262595,160.69514577985518
43,43,-25.594541759817265,0.009435892105102983,1.702560901641846,43.96602933810076,-105.97832074184002
43,43,-115.33790825261647,0.001675128936767134,1.704236030578613,43.77282347048061,0
43,43,-16.99099239172147,0.009096860885619895,1.713332891464233,43.618258776384494,0
43,43,-16.014607125670704,0.00772118568420499,1.721054077148438,43.4946070211076,0
43,43,-16.829173416564256,0.005877971649169034,1.726932048797607,43.395685616886084,0
43,43,-11.94190153371282,0.00662684440612793,1.733558893203735,43.31654849350887,0
42,42,-31.31275652122626,0.00840902328491211,1.741967916488647,43.05323879480709,-118.91987524808619
42,42,-30.909625594836655,0.006814956665039951,1.748782873153687,42.84259103584567,0
42,42,-26.538131350992526,0.006350040435791016,1.755132913589478,42.674072828676536,0
41,41,-43.56083107890914,0.00768613815307595,1.762819051742554,42.339258262941236,-130.10434890502268
41,41,-28.546595295577987,0.009382963180541992,1.772202014923096,42.071406610352994,0
41,41,-36.06295667626977,0.005941867828369141,1.778143882751465,41.8571252882824,0
41,41,-23.838233705617686,0.007191181182860884,1.785335063934326,41.68570023062592,0
41,41,-15.358923500654411,0.008929014205933061,1.794264078140259,41.54856018450074,0
40,40,-46.13020011429061,0.0067138671875,1.800977945327759,41.23884814760059,-148.94545454545454
40,40,-40.551806617032625,0.006109952926635964,1.807087898254395,40.99107851808048,0
39,39,-53.493825658642805,0.007444143295288086,1.814532041549683,40.59286281446438,-134.33379239663068
39,39,-34.384718858258765,0.00926494598388583,1.823796987533569,40.274290251571514,0
39,39,-34.37034628678801,0.007415056228638139,1.831212043762207,40.01943220125722,0
39,39,-29.921683411208488,0.006814002990722878,1.83802604675293,39.81554576100578,0
39,39,-32.80566651548523,0.004971981048583984,1.842998027801514,39.65243660880462,0
39,39,-23.197706760951604,0.005625009536743164,1.848623037338257,39.5219492870437,0
39,39,-16.470781946690785,0.006337881088256836,1.854960918426514,39.41755942963496,0
39,39,-13.541878805812289,0.006166934967041016,1.861127853393555,39.33404754370797,0
38,38,-33.69607027047986,0.007918119430541992,1.869045972824097,39.06723803496637,-126.29261389298726
38,38,-31.744704340200375,0.006723880767822044,1.875769853591919,38.8537904279731,0
38,38,-26.486125566431852,0.0064470767974851295,1.882216930389404,38.68303234237848,0
37,37,-34.14175510624501,0.009859085083008035,1.892076015472412,38.34642587390279,-101.42928999806311
37,37,-52.24887291125914,0.005153894424438921,1.897229909896851,38.07714069912223,0
37,37,-34.16793755259452,0.006304979324339932,1.903534889221191,37.861712559297786,0
37,37,-23.371492349008662,0.007374048233033115,1.910908937454224,37.68937004743823,0
36,36,-47.83777712294722,0.007062911987304021,1.917971849441528,37.35149603795059,-141.58466108561962
36,36,-37.814517447451514,0.007148027420043945,1.925119876861572,37.081196830360476,0
36,36,-31.08629140641904,0.0069561004638669655,1.932075977325439,36.86495746428838,0
36,36,-28.831713838469458,0.006000041961669922,1.938076019287109,36.691965971430704,0
36,36,-17.187703670707272,0.008051872253417969,1.946127891540527,36.553572777144566,0
35,35,-42.592042051560405,0.0072951316833500535,1.953423023223877,36.24285822171565,-137.07771749786733
35,35,-33.39264115543424,0.007443904876708984,1.960866928100586,35.99428657737252,0
35,35,-31.469515308026,0.0063190460205080345,1.967185974121094,35.79542926189802,0
34,34,-41.88074153215266,0.008574008941649947,1.975759983062744,35.436343409518415,-116.63155553084415
34,34,-40.523733951612925,0.00708889961242698,1.982848882675171,35.14907472761473,0
34,34,-31.68059374438559,0.007254123687744141,1.990103006362915,34.919259782091785,0
34,34,-27.399481104795623,0.006710052490233931,1.996813058853149,34.735407825673434,0
33,33,-50.959694646637296,0.006810903549195224,2.003623962402344,34.38832626053875,-146.82339762661297
33,33,-33.44953550209916,0.008301019668578657,2.011924982070923,34.110661008431,0
32,32,-47.719882005800585,0.008846044540405273,2.020771026611328,33.688528806744806,-113.04487507748699
32,32,-58.196336153867264,0.00580286979675293,2.026573896408081,33.35082304539585,0
32,32,-33.506386957603304,0.008063077926635742,2.034636974334717,33.08065843631668,0
31,31,-63.30961588796181,0.006572961807251421,2.041209936141968,32.66452674905335,-152.13841633718005
31,31,-45.237680306235845,0.007359027862548828,2.048568964004517,32.331621399242685,0
31,31,-40.01880816342996,0.006654977798461914,2.055223941802979,32.06529711939415,0
31,31,-31.79520365091883,0.0067009925842280715,2.061924934387207,31.852237695515324,0
31,31,-36.62442597592602,0.004653930664062944,2.06657886505127,31.68179015641226,0
30,30,-52.77721881112962,0.006373167037962979,2.072952032089233,31.345432125129808,-156.90785978828268
30,30,-39.19127261726559,0.006865978240967241,2.0798180103302,31.076345700103847,0
30,30,-36.12483856387956,0.005959033966064897,2.085777044296265,30.861076560083077,0
30,30,-24.16443771084355,0.007126808166503906,2.092903852462769,30.688861248066463,0
29,29,-45.9675372369249,0.007348060607910156,2.100251913070679,30.35108899845317,-136.090330953926
29,29,-45.021673079914954,0.006001949310301846,2.106253862380981,30.08087119876254,0
29,29,-28.16539756743404,0.007675170898437944,2.113929033279419,29.864696959010036,0
28,28,-51.92090758431346,0.0071828365325932175,2.121111869812012,29.491757567208033,-139.22076542635313
28,28,-33.032678146773705,0.009032011032104048,2.130143880844116,29.19340605376643,0
28,28,-62.942568814035084,0.0037920475006107957,2.133935928344727,28.954724843013146,0
27,27,-56.67572395928279,0.006897926330565962,2.140833854675293,28.56377987441052,-144.97110465921023
28,28,-21.185899586610237,0.00532221794128418,2.146156072616577,28.45102389952842,187.8915916319491
27,27,-48.38442855577069,0.005997896194458008,2.152153968811035,28.160819119622737,-166.72512620741742
27,27,-33.166405154700705,0.006999969482421875,2.159153938293457,27.928655295698192,0
27,27,-29.02539305762525,0.006398916244506836,2.165552854537964,27.742924236558558,0
26,26,-44.55223876097426,0.007824182510375977,2.17337703704834,27.39433938924685,-127.8088795441387
26,26,-32.013812555700056,0.008710861206055132,2.182087898254395,27.11547151139748,0
26,26,-31.399125010172643,0.00710511207580522,2.1891930103302,26.892377209117985,0
26,26,-28.378961996454624,0.006289005279541016,2.195482015609741,26.713901767294388,0
26,26,-21.4324031076511,0.006661891937255859,2.202143907546997,26.57112141383551,0
25,25,-32.34714721448993,0.009714126586914062,2.211858034133911,26.25689713106841,-102.94286275279796
25,25,-48.047836897819366,0.0052318572998046875,2.217089891433716,26.00551770485473,0
25,25,-30.900442770582686,0.0065081119537353516,2.223598003387451,25.804414163883784,0
25,25,-21.58642063489707,0.007452964782714844,2.231050968170166,25.643531331107027,0
25,25,-34.525019649366655,0.0037279129028320312,2.234778881072998,25.514825064885624,0
25,25,-18.744208584635313,0.0054931640625,2.240272045135498,25.4118600519085,0
24,24,-43.32896951167059,0.006516933441162109,2.24678897857666,25.129488041526802,-153.4464037462501
24,24,-32.824640294666274,0.006881952285767046,2.253670930862427,24.903590433221442,0
24,24,-19.900406775828102,0.00908112525939897,2.262752056121826,24.722872346577155,0
25,25,4.997882896599361,0.011089801788329634,2.273841857910156,24.778297877261725,90.17293718020743
24,24,-19.806558261020825,0.007858991622925249,2.281700849533081,24.62263830180938,-127.24278736764745
24,24,-20.192015462421235,0.006167173385620117,2.287868022918701,24.498110641447507,0
24,24,-19.457298774072143,0.005120038986205611,2.292988061904907,24.398488513158007,0
24,24,-13.807938904477622,0.005771875381470171,2.298759937286377,24.31879081052641,0
24,24,-11.783261262428974,0.005410909652709961,2.304170846939087,24.25503264842113,0
24,24,-5.224982085252514,0.009762048721313032,2.3139328956604,24.204026118736905,0
23,23,-37.9389344596371,0.006347179412842241,2.320280075073242,23.963220894989526,-157.55029674704028
