Lys=meas,Avstand=calc,Fart_IIR=calc,Ts=calc,Tid=meas,Avstand_IIR=calc,Fart=calc
Lys0=47
46,46,0,0.005,0,46,0
47,47,10.792121344671873,0.01853203773498535,0.01853203773498535,46.2,53.96060672335936
47,47,8.6336970757375,0.0023028850555419887,0.02083492279052734,46.36,0
47,47,6.90695766059,0.01018309593200684,0.03101801872253418,46.488,0
47,47,5.525566128472001,0.00403904914855957,0.03505706787109375,46.5904,0
47,47,4.4204529027776,0.008389949798583977,0.04344701766967773,46.67232,0
47,47,3.5363623222220806,0.005497932434082045,0.04894495010375977,46.737856,0
47,47,2.8290898577776646,0.006031036376953118,0.05497598648071289,46.7902848,0
47,47,2.2632718862221317,0.011538028717041016,0.0665140151977539,46.83222784,0
47,47,1.8106175089777055,0.004489898681640625,0.07100391387939453,46.865782272000004,0
47,47,1.4484940071821644,0.009669065475463867,0.0806729793548584,46.892625817600006,0
47,47,1.1587952057457316,0.001992940902709961,0.08266592025756836,46.91410065408,0
47,47,0.9270361645965853,0.006822109222412109,0.08948802947998047,46.931280523264,0
47,47,0.7416289316772683,0.008249044418334961,0.09773707389831543,46.9450244186112,0
47,47,0.5933031453418146,0.005501985549926772,0.1032390594482422,46.95601953488896,0
47,47,0.4746425162734517,0.007153987884521498,0.1103930473327637,46.964815627911165,0
47,47,0.3797140130187614,0.0060229301452636025,0.1164159774780273,46.97185250232893,0
47,47,0.30377121041500915,0.006216049194335993,0.1226320266723633,46.977482001863144,0
47,47,0.24301696833200734,0.008113861083984417,0.1307458877563477,46.981985601490514,0
47,47,0.19441357466560588,0.00799012184143058,0.1387360095977783,46.98558848119241,0
47,47,0.1555308597324847,0.0059399604797363,0.1446759700775146,46.988470784953925,0
47,47,0.12442468778598777,0.005888938903808594,0.1505649089813232,46.99077662796314,0
47,47,0.09953975022879022,0.005506038665771512,0.1560709476470947,46.992621302370516,0
47,47,0.07963180018303218,0.0068159103393554965,0.1628868579864502,46.99409704189641,0
47,47,0.06370544014642575,0.0066010951995850164,0.1694879531860352,46.99527763351713,0
47,47,0.0509643521171406,0.004954099655151284,0.1744420528411865,46.996222106813704,0
47,47,0.04077148169371248,0.006330013275146512,0.180772066116333,46.996977685450965,0
47,47,0.032617185354969984,0.0057687759399413785,0.1865408420562744,46.99758214836077,0
47,47,0.02609374828397599,0.0052611827850342074,0.1918020248413086,46.998065718688615,0
47,47,0.020874998627180792,0.006779909133911105,0.1985819339752197,46.99845257495089,0
47,47,0.016699998901744634,0.005530118942260798,0.2041120529174805,46.99876205996071,0
47,47,0.013359999121395709,0.0062868595123291016,0.2103989124298096,46.99900964796857,0
47,47,0.010687999297116568,0.007261037826538114,0.2176599502563477,46.999207718374855,0
47,47,0.008550399437693255,0.007055997848510687,0.2247159481048584,46.99936617469989,0
47,47,0.006840319550154604,0.0077381134033203125,0.2324540615081787,46.99949293975991,0
47,47,0.005472255640123684,0.007532835006713895,0.2399868965148926,46.99959435180793,0
47,47,0.004377804512098947,0.007884979248046903,0.2478718757629395,46.999675481446346,0
47,47,0.0035022436096791582,0.003113985061645508,0.250985860824585,46.999740385157075,0
47,47,0.0028017948877433266,0.007757186889648382,0.2587430477142334,46.99979230812566,0
47,47,0.0022414359101946613,0.00509095191955572,0.2638339996337891,46.99983384650053,0
47,47,0.0017931487281557291,0.006216049194335882,0.270050048828125,46.99986707720042,0
47,47,0.0014345189825245835,0.005172014236450195,0.2752220630645752,46.99989366176034,0
47,47,0.0011476151860196667,0.005970001220703125,0.2811920642852783,46.99991492940827,0
47,47,0.0009180921488157334,0.008281946182250977,0.2894740104675293,46.99993194352662,0
47,47,0.0007344737190525868,0.0060789585113524836,0.2955529689788818,46.999945554821295,0
47,47,0.0005875789752420695,0.006510972976684626,0.3020639419555664,46.99995644385704,0
47,47,0.00047006318019365557,0.006978034973144476,0.3090419769287109,46.99996515508563,0
47,47,0.00037605054415492447,0.0067598819732666016,0.3158018589019775,46.999972124068506,0
47,47,0.0003008404353239396,0.007110118865966797,0.3229119777679443,46.999977699254806,0
47,47,0.00024067234825915168,0.006727933883666992,0.3296399116516113,46.99998215940384,0
47,47,0.00019253787860732134,0.005548954010009821,0.3351888656616211,46.999985727523075,0
47,47,0.0001540303028858571,0.005736112594604492,0.3409249782562256,46.99998858201846,0
47,47,0.0001232242423086857,0.0057830810546875,0.3467080593109131,46.99999086561477,0
47,47,9.857939384694855e-05,0.0061929225921631414,0.3529009819030762,46.999992692491816,0
47,47,7.886351507755885e-05,0.007164955139160045,0.3600659370422363,46.999994153993455,0
47,47,6.309081206204708e-05,0.007733106613159235,0.3677990436553955,46.99999532319477,0
47,47,5.047264964963766e-05,0.0032098293304442804,0.3710088729858398,46.99999625855581,0
47,47,4.037811971971013e-05,0.005622148513794001,0.3766310214996338,46.99999700684465,0
47,47,3.2302495775768105e-05,0.005966901779174805,0.3825979232788086,46.99999760547572,0
47,47,2.5841996620614484e-05,0.006031036376953125,0.3886289596557617,46.99999808438058,0
47,47,2.0673597296491588e-05,0.0062389373779296875,0.3948678970336914,46.99999846750446,0
46,46,-29.205177904599516,0.00684809684753418,0.4017159938812256,46.799998774003576,-146.02597221738677
46,46,-23.364142323679616,0.009100914001464788,0.4108169078826904,46.63999901920287,0
47,47,5.533613945145483,0.008255958557128906,0.4190728664398193,46.7119992153623,121.12463902044588
46,46,-29.23120778863313,0.005942106246948298,0.4250149726867676,46.569599372289844,-168.29049472374757
46,46,-23.384966230906507,0.005809068679809515,0.4308240413665771,46.45567949783188,0
46,46,-18.707972984725206,0.008240938186645619,0.4390649795532227,46.364543598265506,0
46,46,-14.966378387780166,0.007457017898559515,0.4465219974517822,46.291634878612406,0
45,45,-60.03984577692136,0.004160881042480469,0.4506828784942627,46.03330790288992,-240.33371533348614
45,45,-48.031876621537094,0.005903005599975586,0.4565858840942383,45.82664632231194,0
45,45,-38.42550129722968,0.009042024612426702,0.465627908706665,45.66131705784955,0
45,45,-30.740401037783744,0.005469083786010798,0.4710969924926758,45.52905364627964,0
44,44,-47.51514635283923,0.008724927902221735,0.4798219203948975,45.22324291702371,-114.61412761306117
44,44,-38.01211708227139,0.003081083297729492,0.482903003692627,44.97859433361897,0
44,44,-30.409693665817112,0.005854845046997015,0.488757848739624,44.78287546689518,0
43,43,-40.79117808732565,0.012148141860961914,0.5009059906005859,44.42630037351614,-82.31711577335976
42,42,-60.86600655171297,0.007083892822265625,0.5079898834228516,43.941040298812915,-141.16532040926225
42,42,-48.69280524137038,0.0067250728607177734,0.5147149562835693,43.55283223905033,0
43,43,-9.490551312621442,0.006788015365600586,0.5215029716491699,43.44226579124027,147.31846440237433
43,43,-7.592441050097154,0.007417917251586914,0.5289208889007568,43.353812632992216,0
43,43,-6.073952840077723,0.0067141056060791016,0.5356349945068359,43.28305010639377,0
42,42,-32.12943306950049,0.007333993911743164,0.5429689884185791,43.02644008511502,-136.35135398719157
41,41,-52.19026301017714,0.007550954818725586,0.5505199432373047,42.62115206809202,-132.4335827728837
41,41,-41.752210408141714,0.008980035781860352,0.559499979019165,42.29692165447362,0
40,40,-62.2117693568393,0.006942033767700195,0.5664420127868652,41.8375373235789,-144.05000515162962
40,40,-49.76941548547144,0.006490945816040039,0.5729329586029053,41.47002985886312,0
39,39,-68.06000376884853,0.007081031799316406,0.5800139904022217,40.976023887090506,-141.2223569023569
38,38,-80.07615894811072,0.007803916931152344,0.587817907333374,40.38081910967241,-128.14077966515947
38,38,-64.06092715848858,0.005056142807006836,0.5928740501403809,39.90465528773793,0
37,37,-79.78433379400862,0.007008790969848633,0.5998828411102295,39.323724230190344,-142.67796033608872
37,37,-63.827467035206894,0.0041751861572265625,0.604058027267456,38.85897938415228,0
37,37,-51.06197362816552,0.005837917327880859,0.6098959445953369,38.487183507321824,0
37,37,-40.849578902532414,0.005690097808837891,0.6155860424041748,38.18974680585746,0
37,37,-32.679663122025936,0.005963802337646484,0.6215498447418213,37.95179744468597,0
37,37,-26.14373049762075,0.007234096527099609,0.6287839412689209,37.76143795574878,0
36,36,-47.19261494660395,0.00761103630065918,0.6363949775695801,37.40915036459903,-131.38815274253673
37,37,-9.497252263140947,0.007077932357788086,0.6434729099273682,37.32732029167922,141.2841984707111
37,37,-7.597801810512758,0.00666499137878418,0.6501379013061523,37.26185623334338,0
37,37,-6.078241448410207,0.004873991012573242,0.6550118923187256,37.2094849866747,0
36,36,-38.56667126552234,0.005934000015258789,0.6609458923339844,36.96758798933976,-168.52039053397084
36,36,-30.85333701241787,0.006793975830078125,0.6677398681640625,36.77407039147181,0
37,37,7.642127122368887,0.0061872005462646484,0.6739270687103271,36.81925631317745,161.62398366151592
37,37,6.1137016978951095,0.007623910903930664,0.6815509796142578,36.85540505054196,0
36,36,-22.209277706102082,0.007380008697509766,0.6889309883117676,36.68432404043357,-135.50119532209084
36,36,-17.767422164881665,0.006571054458618164,0.6955020427703857,36.54745923234686,0
36,36,-14.213937731905332,0.0065729618072509766,0.7020750045776367,36.43796738587749,0
36,36,-11.371150185524266,0.0069620609283447266,0.7090370655059814,36.350373908702,0
36,36,-9.096920148419413,0.004776954650878906,0.7138140201568604,36.2802991269616,0
36,36,-7.27753611873553,0.005856990814208984,0.7196710109710693,36.224239301569284,0
36,36,-5.822028894988424,0.005658864974975586,0.7253298759460449,36.17939144125543,0
36,36,-4.65762311599074,0.005702972412109375,0.7310328483581543,36.14351315300435,0
36,36,-3.726098492792592,0.007449150085449219,0.7384819984436035,36.11481052240348,0
36,36,-2.9808787942340738,0.005961894989013672,0.7444438934326172,36.09184841792279,0
36,36,-2.384703035387259,0.006865978240966797,0.751309871673584,36.07347873433824,0
36,36,-1.9077624283098071,0.004189014434814453,0.7554988861083984,36.05878298747059,0
35,35,-33.84104487465601,0.006189107894897461,0.7616879940032959,35.84702638997648,-161.57417466004082
36,36,-1.6211899153199454,0.007858037948608398,0.7695460319519043,35.877621111981185,127.25822992202433
36,36,-1.2969519322559564,0.005592823028564453,0.7751388549804688,35.90209688958495,0
36,36,-1.0375615458047651,0.005791187286376953,0.7809300422668457,35.921677511667966,0
36,36,-0.8300492366438121,0.0068089962005615234,0.7877390384674072,35.93734200933437,0
36,36,-0.6640393893150498,0.005478858947753906,0.7932178974151611,35.9498736074675,0
36,36,-0.5312315114520398,0.0077970027923583984,0.8010149002075195,35.959898885974006,0
36,36,-0.4249852091616319,0.007467985153198242,0.8084828853607178,35.967919108779206,0
36,36,-0.33998816732930554,0.007007122039794922,0.8154900074005127,35.974335287023365,0
36,36,-0.27199053386344446,0.007941007614135742,0.8234310150146484,35.979468229618696,0
36,36,-0.21759242709075557,0.007318973541259766,0.8307499885559082,35.98357458369496,0
36,36,-0.17407394167260448,0.007988929748535156,0.8387389183044434,35.98685966695597,0
36,36,-0.13925915333808359,0.0053670406341552734,0.8441059589385986,35.98948773356478,0
36,36,-0.11140732267046688,0.007060050964355469,0.8511660099029541,35.99159018685182,0
36,36,-0.08912585813637351,0.007606983184814453,0.8587729930877686,35.99327214948146,0
36,36,-0.0713006865090988,0.010274887084960938,0.8690478801727295,35.99461771958517,0
36,36,-0.05704054920727905,0.005947113037109375,0.8749949932098389,35.99569417566814,0
36,36,-0.045632439365823244,0.005686044692993164,0.880681037902832,35.99655534053451,0
36,36,-0.036505951492658596,0.006058931350708008,0.88673996925354,35.997244272427615,0
36,36,-0.029204761194126877,0.006118059158325195,0.8928580284118652,35.99779541794209,0
36,36,-0.023363808955301504,0.00754094123840332,0.9003989696502686,35.99823633435368,0
36,36,-0.018691047164241203,0.0073468685150146484,0.9077458381652832,35.998589067482946,0
36,36,-0.014952837731392964,0.0036911964416503906,0.9114370346069336,35.99887125398636,0
36,36,-0.011962270185114372,0.006588935852050781,0.9180259704589844,35.99909700318909,0
36,36,-0.0095698161480915,0.004719972610473633,0.922745943069458,35.999277602551274,0
36,36,-0.0076558529184732,0.006951093673706055,0.9296970367431641,35.99942208204102,0
37,37,23.01673183319931,0.008687019348144531,0.9383840560913086,36.19953766563282,115.11428257767044
36,36,-17.635639028498566,0.005548000335693359,0.943932056427002,36.15963013250626,-180.24512247529006
37,37,11.440808059630413,0.007827997207641602,0.9517600536346436,36.32770410600501,127.74659641214632
37,37,9.152646447704331,0.008221864700317383,0.9599819183349609,36.46216328480401,0
37,37,7.322117158163465,0.006746053695678711,0.9667279720306396,36.56973062784321,0
37,37,5.857693726530773,0.0061528682708740234,0.9728808403015137,36.655784502274564,0
37,37,4.686154981224618,0.006978034973144531,0.9798588752746582,36.724627601819655,0
37,37,3.7489239849796947,0.0045931339263916016,0.9844520092010498,36.779702081455724,0
37,37,2.999139187983756,0.006479024887084961,0.9909310340881348,36.82376166516458,0
36,36,-25.65154302179156,0.0071299076080322266,0.998060941696167,36.65900933213167,-140.25427186089283
37,37,20.087798840058163,0.0049250125885009766,1.002985954284668,36.727207465705334,203.04516628745705
37,37,16.07023907204653,0.006378889083862083,1.00936484336853,36.781765972564266,0
37,37,12.856191257637224,0.00585508346557595,1.015219926834106,36.825412778051415,0
37,37,10.284953006109781,0.005424976348876953,1.020644903182983,36.860330222441135,0
37,37,8.227962404887824,0.007166147232056108,1.027811050415039,36.88826417795291,0
37,37,6.58236992391026,0.005900859832763894,1.033711910247803,36.91061134236233,0
37,37,5.2658959391282085,0.005633115768431951,1.039345026016235,36.928489073889864,0
37,37,4.212716751302567,0.005503892898560014,1.044848918914795,36.94279125911189,0
37,37,3.370173401042054,0.005752086639404075,1.050601005554199,36.95423300728952,0
37,37,2.6961387208336434,0.007400035858154963,1.058001041412354,36.96338640583161,0
37,37,2.156910976666915,0.005637884140013982,1.063638925552368,36.97070912466529,0
38,38,29.99379499868732,0.007075071334839089,1.070713996887207,37.176567299732234,141.34133108676895
38,38,23.99503599894986,0.004287004470824973,1.075001001358032,37.341253839785786,0
38,38,19.196028799159887,0.005701065063477007,1.080702066421509,37.47300307182863,0
39,39,43.32910620982289,0.00714993476867698,1.087852001190186,37.7784024574629,139.8614158524749
39,39,34.66328496785831,0.007117986679076926,1.094969987869263,38.02272196597032,0
40,40,59.20167655804204,0.0063550472259521484,1.101325035095215,38.41817757277626,157.35524291877695
40,40,47.36134124643363,0.007452011108397993,1.108777046203613,38.73454205822101,0
41,41,69.27651593660333,0.0063719749450690255,1.115149021148682,39.18763364657681,156.93721469728212
43,43,108.42979410789559,0.007545948028564009,1.122694969177246,39.95010691726145,265.04290679306456
43,43,86.74383528631648,0.006789922714232954,1.129484891891479,40.560085533809165,0
43,43,69.3950682290532,0.006603956222534846,1.136088848114014,41.04806842704733,0
43,43,55.51605458324256,0.006963014602661133,1.143051862716675,41.43845474163787,0
43,43,44.41284366659405,0.008594036102294922,1.15164589881897,41.7507637933103,0
43,43,35.530274933275244,0.008973121643065962,1.160619020462036,42.000611034648244,0
44,44,53.811932554815115,0.00787782669067405,1.16849684715271,42.400488827718604,126.93856304097457
44,44,43.0495460438521,0.00646519660949707,1.174962043762207,42.72039106217488,0
44,44,34.43963683508168,0.0056378841400148705,1.180599927902222,42.97631284973991,0
45,45,61.611590096593986,0.005872011184692161,1.186471939086914,43.38105027979193,170.29940314264317
45,45,49.28927207727519,0.005121946334838867,1.191593885421753,43.70484022383354,0
45,45,39.431417661820156,0.008519172668457031,1.20011305809021,43.96387217906683,0
45,45,31.545134129456127,0.009571790695189986,1.2096848487854,44.17109774325347,0
45,45,25.236107303564904,0.001649141311645952,1.211333990097046,44.336878194602775,0
46,46,47.020410919618335,0.007453918457031028,1.218787908554077,44.66950255568222,134.15762538383206
46,46,37.61632873569467,0.0066089630126950905,1.225396871566772,44.93560204454578,0
47,47,64.77823148141921,0.005766153335571955,1.231163024902344,45.348481635636624,173.42584246431736
47,47,51.822585185135374,0.007443904876708984,1.238606929779053,45.6787853085093,0
47,47,41.4580681481083,0.005465030670166016,1.244071960449219,45.94302824680744,0
47,47,33.166454518486645,0.006911993026732954,1.250983953475952,46.15442259744595,0
47,47,26.533163614789316,0.00761103630065918,1.258594989776611,46.32353807795676,0
47,47,21.226530891831455,0.004128932952880859,1.262723922729492,46.45883046236541,0
47,47,16.981224713465163,0.00847005844116211,1.271193981170654,46.56706436989233,0
47,47,13.584979770772131,0.00820493698120095,1.279398918151855,46.65365149591386,0
47,47,10.867983816617706,0.003531932830810991,1.282930850982666,46.72292119673109,0
47,47,8.694387053294165,0.005662202835083008,1.288593053817749,46.77833695738487,0
47,47,6.955509642635332,0.005981922149657981,1.294574975967407,46.8226695659079,0
47,47,5.564407714108266,0.005162954330445002,1.299737930297852,46.85813565272632,0
47,47,4.451526171286613,0.006258010864256924,1.305995941162109,46.88650852218105,0
47,47,3.56122093702929,0.007843971252442072,1.313839912414551,46.909206817744845,0
47,47,2.848976749623432,0.005800008773803045,1.319639921188354,46.92736545419588,0
47,47,2.279181399698746,0.006927013397217019,1.326566934585571,46.9418923633567,0
47,47,1.823345119758997,0.0062689781188969285,1.332835912704468,46.95351389068536,0
47,47,1.4586760958071976,0.007280111312865989,1.340116024017334,46.96281111254829,0
47,47,1.166940876645758,0.006415843963623047,1.346531867980957,46.97024889003863,0
47,47,0.9335527013166065,0.004413127899169922,1.350944995880127,46.976199112030905,0
47,47,0.7468421610532853,0.005755901336670144,1.356700897216797,46.98095928962472,0
47,47,0.5974737288426283,0.005777120590209961,1.362478017807007,46.98476743169978,0
47,47,0.47797898307410264,0.0060508251190178886,1.368528842926025,46.987813945359825,0
46,46,-28.469235042258624,0.006932020187378152,1.375460863113403,46.790251156287866,-144.25809114358952
47,47,5.409297649759946,0.007096052169799805,1.382556915283203,46.83220092503029,140.92342841783423
46,46,-24.920523945669984,0.006838083267212136,1.389394998550415,46.66576074002424,-146.2398103273897
46,46,-19.93641915653599,0.006685972213744895,1.39608097076416,46.53260859201939,0
45,45,-45.87638470089672,0.006682872772217019,1.402763843536377,46.226086873615515,-149.63624687833965
45,45,-36.70110776071738,0.0072400569915771484,1.410003900527954,45.98086949889241,0
44,44,-52.36480218509939,0.0086941719055178,1.418698072433472,45.58469559911393,-115.01957988262745
44,44,-41.891841748079514,0.00647377967834406,1.425171852111816,45.26775647929115,0
43,43,-62.718667841937176,0.006848096847535068,1.432019948959351,44.814205183432925,-146.02597221736784
43,43,-50.174934273549745,0.007998943328856978,1.440018892288208,44.45136414674634,0
43,43,-40.139947418839796,0.009062051773071067,1.449080944061279,44.16109131739708,0
43,43,-32.111957935071835,0.0067780017852789864,1.455858945846558,43.92887305391767,0
43,43,-25.68956634805747,0.007204055786131924,1.46306300163269,43.74309844313414,0
43,43,-20.551653078445977,0.007032871246338113,1.470095872879028,43.594478754507314,0
43,43,-16.441322462756784,0.004683017730712891,1.474778890609741,43.475583003605855,0
42,42,-43.99352855843861,0.006484985351562944,1.481263875961304,43.18046640288468,-154.2023529411659
41,41,-65.34256049275268,0.0066339969635009766,1.487897872924805,42.74437312230775,-150.738688230009
40,40,-90.93657316721556,0.0051729679107661575,1.493070840835571,42.1954984978462,-193.31262386506705
40,40,-72.74925853377245,0.005861043930053933,1.498931884765625,41.75639879827696,0
40,40,-58.19940682701796,0.006919145584106001,1.505851030349731,41.40511903862157,0
39,39,-68.06271174240491,0.009300947189331943,1.515151977539063,40.924095230897265,-107.51593140395272
38,38,-88.22209257924115,0.005922079086303045,1.521074056625366,40.33927618471782,-168.8596159265861
38,38,-70.57767406339292,0.006018877029418945,1.527092933654785,39.871420947774254,0
37,37,-90.56217177103568,0.005865097045899104,1.532958030700684,39.2971367582194,-170.50016260160666
37,37,-72.44973741682854,0.007583856582640935,1.540541887283325,38.83770940657552,0
37,37,-57.95978993346284,0.007318973541259988,1.547860860824585,38.470167525260415,0
37,37,-46.36783194677027,0.006976127624511941,1.554836988449097,38.17613402020833,0
37,37,-37.09426555741622,0.0065310001373291016,1.561367988586426,37.940907216166664,0
37,37,-29.675412445932977,0.009739875793457031,1.571107864379883,37.75272577293333,0
36,36,-50.39960663633626,0.007502079010009988,1.578609943389893,37.40218061834667,-133.2963833979494
36,36,-40.31968530906901,0.0032999515533440604,1.581909894943237,37.12174449467734,0
37,37,1.032378736869319,0.006008148193359819,1.587918043136597,37.09739559574187,166.4406349206226
37,37,0.8259029894954552,0.005024909973144087,1.592942953109741,37.0779164765935,0
37,37,0.6607223915963641,0.007756948471070002,1.600699901580811,37.0623331812748,0
36,36,-24.909947074593596,0.007862091064452903,1.608561992645264,36.84986654501984,-127.19262493935342
37,37,8.742222455846957,0.006975889205932173,1.615537881851196,36.879893236015874,143.35090057760917
36,36,-18.849130230022865,0.007739067077636941,1.623276948928833,36.7039145888127,-129.21454097350215
37,37,10.499619432385922,0.007818937301635964,1.631095886230469,36.76313167105016,127.89461808202107
36,36,-18.1037577415087,0.007546186447143111,1.638642072677612,36.610505336840134,-132.5172664370872
36,36,-14.483006193206961,0.00575494766235396,1.644397020339966,36.48840426947211,0
36,36,-11.58640495456557,0.006850004196166992,1.651247024536133,36.390723415577696,0
36,36,-9.269123963652456,0.007606983184814009,1.658854007720947,36.31257873246216,0
36,36,-7.4152991709219656,0.009677886962890847,1.668531894683838,36.25006298596973,0
36,36,-5.932239336737573,0.004186153411865012,1.672718048095703,36.200050388775786,0
36,36,-4.745791469390059,0.00819587707519509,1.680913925170898,36.16004031102063,0
36,36,-3.7966331755120475,0.007664918899537021,1.688578844070435,36.12803224881651,0
36,36,-3.037306540409638,0.004093170166014959,1.69267201423645,36.10242579905321,0
36,36,-2.4298452323277107,0.006271839141845925,1.698943853378296,36.08194063924257,0
36,36,-1.9438761858621687,0.005849123001099077,1.704792976379395,36.06555251139406,0
36,36,-1.5551009486897351,0.006705999374388982,1.711498975753784,36.05244200911525,0
36,36,-1.2440807589517882,0.008167028427124023,1.719666004180908,36.04195360729221,0
36,36,-0.9952646071614306,0.008394956588745117,1.728060960769653,36.03356288583377,0
37,37,27.199409726629746,0.007143974304199885,1.735204935073853,36.22685030866702,139.97810706179445
37,37,21.7595277813038,0.006858110427856001,1.742063045501709,36.38148024693361,0
37,37,17.40762222504304,0.006933927536010964,1.74899697303772,36.50518419754689,0
37,37,13.926097780034432,0.004781007766722967,1.753777980804443,36.604147358037515,0
37,37,11.140878224027546,0.005919933319092019,1.759697914123535,36.68331788643001,0
37,37,8.912702579222037,0.005460977554321067,1.765158891677856,36.74665430914401,0
37,37,7.13016206337763,0.005594968795777033,1.770753860473633,36.797323447315215,0
37,37,5.704129650702104,0.0058372020721428886,1.776591062545776,36.837858757852175,0
37,37,4.5633037205616835,0.0068869590759281785,1.783478021621704,36.87028700628174,0
37,37,3.650642976449347,0.007094860076903853,1.790572881698608,36.8962296050254,0
36,36,-21.658606014981885,0.008136987686158115,1.798709869384766,36.71698368402032,-122.8956019807068
37,37,20.11222971091481,0.005342006683348943,1.804051876068115,36.77358694721626,187.1955726145016
37,37,16.08978376873185,0.006654024124145952,1.810705900192261,36.818869557773006,0
37,37,12.87182701498548,0.004385948181152122,1.815091848373413,36.85509564621841,0
37,37,10.297461611988384,0.005904197692870872,1.820996046066284,36.88407651697473,0
37,37,8.237969289590707,0.0066139698028571114,1.827610015869141,36.90726121357979,0
37,37,6.590375431672566,0.005111932754515935,1.832721948623657,36.925808970863834,0
37,37,5.272300345338053,0.007131099700927956,1.839853048324585,36.940647176691066,0
37,37,4.217840276270443,0.006716012954712136,1.846569061279297,36.95251774135286,0
37,37,3.3742722210163545,0.006272792816161887,1.852841854095459,36.96201419308229,0
37,37,2.6994177768130836,0.00812220573425293,1.860964059829712,36.96961135446583,0
37,37,2.159534221450467,0.006883859634399192,1.867847919464111,36.97568908357267,0
37,37,1.7276273771603738,0.0073850154876708984,1.875232934951782,36.980551266858136,0
37,37,1.3821019017282992,0.006688117980957031,1.881921052932739,36.98444101348651,0
37,37,1.1056815213826394,0.00785684585571289,1.889777898788452,36.98755281078921,0
37,37,0.8845452171061116,0.004667997360230158,1.894445896148682,36.99004224863137,0
37,37,0.7076361736848893,0.005512952804564986,1.899958848953247,36.9920337989051,0
37,37,0.5661089389479115,0.005486011505126953,1.905444860458374,36.99362703912408,0
37,37,0.4528871511583292,0.008409023284911887,1.913853883743286,36.994901631299264,0
37,37,0.3623097209266634,0.006695985794068049,1.920549869537354,36.99592130503941,0
37,37,0.2898477767413307,0.008023023605346014,1.9285728931427,36.996737044031526,0
37,37,0.23187822139306458,0.0031690597534179688,1.931741952896118,36.997389635225225,0
37,37,0.18550257711445167,0.006326913833618164,1.938068866729736,36.99791170818018,0
37,37,0.14840206169156134,0.005643129348754883,1.943711996078491,36.99832936654415,0
37,37,0.11872164935324908,0.005406856536865012,1.949118852615356,36.99866349323532,0
37,37,0.09497731948259927,0.006442070007325107,1.955560922622681,36.998930794588254,0
37,37,0.07598185558607942,0.00565004348754794,1.961210966110229,36.9991446356706,0
37,37,0.06078548446886354,0.007503986358643022,1.968714952468872,36.999315708536486,0
37,37,0.04862838757509083,0.006894111633301003,1.975609064102173,36.99945256682919,0
37,37,0.03890271006007267,0.006430864334106001,1.982039928436279,36.99956205346336,0
38,38,23.96848091704995,0.008355140686034934,1.990395069122314,37.19964964277069,119.68679374500945
38,38,19.17478473363996,0.006026983261109065,1.996422052383423,37.35971971421655,0
38,38,15.339827786911968,0.0062148571014397636,2.002636909484863,37.487775771373244,0
39,39,41.21106946035719,0.006911039352416992,2.00954794883728,37.7902206170986,144.69603615413806
39,39,32.968855568285754,0.004441022872925249,2.013988971710205,38.032176493678875,0
39,39,26.375084454628606,0.005135059356689897,2.019124031066895,38.2257411949431,0
39,39,21.100067563702886,0.00601100921630815,2.025135040283203,38.380592955954484,0
40,40,49.81918311995115,0.006071805953979936,2.031206846237183,38.704474364763584,164.69564534494418
40,40,39.85534649596092,0.00875401496887207,2.039960861206055,38.96357949181087,0
40,40,31.88427719676874,0.006690025329589844,2.046650886535645,39.1708635934487,0
40,40,25.507421757414992,0.006217956542967862,2.052868843078613,39.33669087475896,0
41,41,49.52192782625757,0.006869077682495117,2.059737920761108,39.66935269980717,145.57995210162784
42,42,71.61680985589221,0.006250143051147905,2.065988063812256,40.135482159845736,159.99633797443076
43,43,77.63143944753199,0.009833812713623047,2.075821876525879,40.70838572787659,101.68995781409106
43,43,62.1051515580256,0.006879091262816939,2.082700967788696,41.166708582301275,0
43,43,49.68412124642048,0.006345033645630327,2.089046001434326,41.533366865841025,0
43,43,39.74729699713639,0.006803989410400835,2.095849990844727,41.826693492672824,0
43,43,31.797837597709112,0.004862070083618164,2.100712060928345,42.06135479413826,0
43,43,25.438270078167292,0.005832910537718838,2.106544971466064,42.249083835310614,0
43,43,20.350616062533835,0.007894992828370029,2.114439964294434,42.39926706824849,0
43,43,16.28049285002707,0.00610804557800293,2.120548009872437,42.51941365459879,0
44,44,45.51822756171212,0.006155014038085049,2.126703023910522,42.815530923679034,162.46916640845234
44,44,36.4145820493697,0.007272958755494052,2.133975982666016,43.05242473894323,0
44,44,29.13166563949576,0.005063056945799893,2.139039039611816,43.24193979115459,0
44,44,23.30533251159661,0.005975961685181108,2.145015001296997,43.39355183292368,0
45,45,41.867897691676916,0.008611917495727983,2.153626918792725,43.714841466338946,116.11815841199811
45,45,33.49431815334153,0.007851123809814009,2.161478042602539,43.97187317307116,0
46,46,48.154099971431975,0.009363889694213867,2.170841932296753,44.37749853845693,106.79322724379377
46,46,38.523279977145584,0.008681058883666992,2.17952299118042,44.701998830765554,0
46,46,30.81862398171647,0.005379915237427202,2.184902906417847,44.96159906461245,0
46,46,24.65489918537318,0.006751060485839844,2.191653966903687,45.169279251689964,0
47,47,46.682199388149755,0.007418870925902876,2.19907283782959,45.53542340135197,134.79140019925606
47,47,37.345759510519805,0.006869077682495117,2.205941915512085,45.82833872108158,0
47,47,29.876607608415846,0.004915952682495117,2.21085786819458,46.06267097686526,0
47,47,23.90128608673268,0.005832195281982866,2.216690063476563,46.25013678149221,0
47,47,19.121028869386144,0.005953788757324219,2.222643852233887,46.40010942519377,0
47,47,15.296823095508916,0.00606513023376376,2.228708982467651,46.52008754015502,0
47,47,12.237458476407134,0.006356000900268999,2.23506498336792,46.616070032124014,0
48,48,36.86484009874987,0.007386922836304155,2.242451906204224,46.89285602569922,135.37436658812084
48,48,29.4918720789999,0.007205963134764737,2.249657869338989,47.11428482055938,0
48,48,23.593497663199923,0.004770994186402255,2.254428863525391,47.291427856447505,0
48,48,18.874798130559938,0.005590200424193892,2.260019063949585,47.433142285158006,0
48,48,15.099838504447952,0.005432844161986861,2.265451908111572,47.54651382812641,0
48,48,12.079870803558363,0.005321025848389116,2.270772933959961,47.63721106250113,0
48,48,9.66389664284669,0.007738113403319868,2.278511047363281,47.709768850000906,0
48,48,7.731117314277353,0.006413936614990234,2.284924983978271,47.76781508000073,0
48,48,6.184893851421883,0.0063300132751469285,2.291254997253418,47.814252064000584,0
48,48,4.9479150811375066,0.007355928421020064,2.298610925674438,47.85140165120047,0
48,48,3.9583320649100053,0.004179954528809038,2.302790880203247,47.881121320960375,0
48,48,3.1666656519280045,0.00572419166564897,2.308515071868896,47.904897056768306,0
48,48,2.5333325215424036,0.0055768489837650925,2.314091920852661,47.92391764541465,0
48,48,2.026666017233923,0.00568604469299272,2.319777965545654,47.93913411633172,0
48,48,1.6213328137871383,0.006907939910889116,2.326685905456543,47.95130729306538,0
48,48,1.2970662510297108,0.006312131881713867,2.332998037338257,47.96104583445231,0
48,48,1.0376530008237688,0.00770783424377397,2.340705871582031,47.968836667561845,0
48,48,0.8301224006590151,0.0071120262146000535,2.347817897796631,47.97506933404948,0
48,48,0.6640979205272122,0.006139039993286133,2.353956937789917,47.98005546723959,0
48,48,0.5312783364217698,0.0068359375,2.360792875289917,47.984044373791676,0
48,48,0.4250226691374159,0.004352092742919922,2.365144968032837,47.987235499033346,0
48,48,0.34001813530993275,0.005621910095215288,2.370766878128052,47.98978839922668,0
48,48,0.2720145082479462,0.00595617294311479,2.376723051071167,47.99183071938135,0
48,48,0.217611606598357,0.00712800025939897,2.383851051330566,47.99346457550508,0
48,48,0.1740892852786856,0.00688481330871582,2.390735864639282,47.99477166040407,0
48,48,0.1392714282229485,0.007805109024048296,2.39854097366333,47.995817328323255,0
48,48,0.1114171425783588,0.005585908889770952,2.404126882553101,47.996653862658604,0
48,48,0.08913371406268705,0.006821155548094815,2.410948038101196,47.99732309012688,0
48,48,0.07130697125014965,0.004163026809693271,2.415111064910889,47.99785847210151,0
48,48,0.057045577000119724,0.005785942077635831,2.420897006988525,47.998286777681216,0
48,48,0.04563646160009578,0.006198883056641069,2.427095890045166,47.99862942214497,0
48,48,0.03650916928007663,0.005499124526977983,2.432595014572144,47.99890353771598,0
48,48,0.029207335424061304,0.008291006088255948,2.4408860206604,47.99912283017279,0
48,48,0.023365868339249043,0.00757288932800293,2.448458909988403,47.99929826413823,0
48,48,0.018692694671399234,0.007063150405884233,2.455522060394287,47.99943861131059,0
48,48,0.014954155737119388,0.0066068172454838425,2.462128877639771,47.99955088904847,0
48,48,0.011963324589695512,0.0072791576385489165,2.46940803527832,47.99964071123878,0
48,48,0.00957065967175641,0.006414890289307085,2.475822925567627,47.99971256899103,0
48,48,0.007656527737405128,0.004872083663939986,2.480695009231567,47.999770055192826,0
47,47,-19.59022116975447,0.01020598411560103,2.490900993347168,47.79981604415426,-97.98173195972196
47,47,-15.672176935803577,0.008893013000487837,2.499794006347656,47.63985283532341,0
47,47,-12.537741548642863,0.005984067916870117,2.505778074264526,47.51188226825873,0
47,47,-10.030193238914292,0.0062139034271240234,2.51199197769165,47.40950581460699,0
47,47,-8.024154591131433,0.007020950317383257,2.519012928009033,47.32760465168559,0
46,46,-29.378537620410416,0.008711099624633789,2.527724027633667,47.06208372134848,-114.79606973752634
46,46,-23.502830096328335,0.005137920379639116,2.532861948013306,46.84966697707879,0
45,45,-40.98026746115852,0.009017944335937056,2.541879892349243,46.479733581663034,-110.89001692047924
45,45,-32.784213968926814,0.0069069862365718215,2.548786878585815,46.183786865330426,0
45,45,-26.227371175141453,0.006654024124145952,2.555440902709961,45.94702949226434,0
44,44,-52.89958965756237,0.006266117095947266,2.561707019805908,45.55762359381147,-159.58846358724603
44,44,-42.319671726049904,0.007671833038329634,2.569378852844238,45.246098875049185,0
44,44,-33.855737380839926,0.006486177444458008,2.575865030288696,44.99687910003935,0
43,43,-56.2177704283884,0.006865024566651279,2.582730054855347,44.59750328003148,-145.66590261858227
43,43,-44.97421634271072,0.004962921142577681,2.587692975997925,44.27800262402519,0
43,43,-35.97937307416858,0.006053924560547319,2.593746900558472,44.02240209922016,0
43,43,-28.783498459334865,0.005733013153075728,2.599479913711548,43.81792167937613,0
43,43,-23.026798767467895,0.009361982345581055,2.608841896057129,43.654337343500906,0
43,43,-18.421439013974318,0.007254123687744141,2.616096019744873,43.523469874800725,0
44,44,16.042213285775123,0.006497859954833984,2.622593879699707,43.618775899840585,153.89682248477288
43,43,-13.832285700453584,0.007500171661376953,2.630094051361084,43.49502071987247,-133.33028164536842
43,43,-11.065828560362867,0.004548788070679155,2.634642839431763,43.39601657589798,0
42,42,-42.4649079098011,0.005950212478636807,2.6405930519104,43.11681326071839,-168.06122530755403
41,41,-57.83302542898878,0.008381843566894975,2.648974895477295,42.693450608574715,-119.3054955057395
41,41,-46.26642034319103,0.0038001537323002488,2.652775049209595,42.354760486859774,0
40,40,-63.028357239043444,0.007687807083129883,2.660462856292725,41.88380838948782,-130.0761048224531
40,40,-50.422685791234755,0.0071620941162109375,2.667624950408936,41.507046711590256,0
40,40,-40.33814863298781,0.0050148963928218215,2.672639846801758,41.2056373692722,0
39,39,-64.1469742947449,0.006274223327637163,2.678914070129395,40.76450989541776,-159.38227694177317
39,39,-51.31757943579592,0.005812883377075195,2.68472695350647,40.411607916334205,0
39,39,-41.05406354863674,0.005265951156615767,2.689992904663086,40.12928633306737,0
38,38,-62.91317950507622,0.006651163101195845,2.696644067764282,39.7034290664539,-150.34964333083414
38,38,-50.33054360406098,0.0067138671875,2.703357934951782,39.362743253163124,0
37,37,-67.6352519023022,0.007307052612305132,2.710664987564087,38.8901946025305,-136.85408509526707
37,37,-54.108201521841764,0.0073969364166259766,2.718061923980713,38.5121556820244,0
37,37,-43.28656121747341,0.006677150726317915,2.724739074707031,38.20972454561952,0
37,37,-34.62924897397873,0.006919860839844194,2.731658935546875,37.96777963649562,0
37,37,-27.703399179182988,0.007785081863402876,2.739444017410278,37.7742237091965,0
37,37,-22.162719343346392,0.008362054824829102,2.747806072235107,37.6193789673572,0
36,36,-43.59699015244313,0.007731914520264116,2.755537986755371,37.29550317388576,-129.33407338883006
37,37,-2.3887927416268226,0.0061559677124019,2.761693954467773,37.23640253910861,162.44399690163837
37,37,-1.9110341933014583,0.007236003875732866,2.768929958343506,37.18912203128689,0
37,37,-1.5288273546411668,0.0040268898010249465,2.772956848144531,37.151297625029514,0
37,37,-1.2230618837129335,0.005805015563965288,2.778761863708496,37.12103810002361,0
37,37,-0.9784495069703468,0.005835056304932085,2.784596920013428,37.09683048001889,0
37,37,-0.7827596055762776,0.008356094360350674,2.792953014373779,37.07746438401511,0
36,36,-22.693942406791777,0.00906300544738814,2.802016019821167,36.86197150721209,-110.33867361165376
37,37,3.5253174898451825,0.0092248916625981,2.811240911483765,36.889577205769676,108.402357076393
37,37,2.8202539918761462,0.006865978240965909,2.818106889724731,36.911661764615744,0
36,36,-26.454208196736147,0.006966114044189897,2.825073003768921,36.729329411692596,-143.5520569511853
36,36,-21.16336655738892,0.006342887878417969,2.831415891647339,36.58346352935408,0
36,36,-16.930693245911137,0.00800013542175293,2.839416027069092,36.466770823483266,0
36,36,-13.54455459672891,0.0031180381774902344,2.842534065246582,36.37341665878662,0
36,36,-10.835643677383128,0.0054929256439208984,2.848026990890503,36.298733327029296,0
37,37,16.55886386237595,0.007927894592285156,2.855954885482788,36.43898666162344,126.13689402141225
36,36,-7.194481149785377,0.00978398323059082,2.865738868713379,36.351189329298755,-102.20786119843068
36,36,-5.755584919828301,0.012253999710083008,2.877992868423462,36.28095146343901,0
36,36,-4.604467935862641,0.005753993988037109,2.883746862411499,36.22476117075121,0
36,36,-3.6835743486901134,0.005922079086304155,2.889668941497803,36.17980893660097,0
36,36,-2.9468594789520908,0.007483959197997603,2.897152900695801,36.14384714928078,0
36,36,-2.3574875831616726,0.00793004035949707,2.905082941055298,36.115077719424626,0
36,36,-1.885990066529338,0.00701808929443315,2.912101030349731,36.0920621755397,0
37,37,19.941608130886795,0.009323835372924805,2.921424865722656,36.273649740431765,107.25200092055131
37,37,15.953286504709437,0.009592056274414062,2.93101692199707,36.41891979234541,0
36,36,-9.390774905458636,0.00902795791626021,2.94004487991333,36.335135833876336,-110.76702054613092
37,37,15.441568063044702,0.008713006973267046,2.948757886886597,36.46810866710107,114.77093993705805
36,36,-17.29789962683458,0.006745100021361861,2.955502986907959,36.374486933680856,-148.2557703863517
37,37,18.592701716610115,0.006166934967041016,2.961669921875,36.499589546944684,162.15510709038892
37,37,14.874161373288093,0.008233070373535156,2.969902992248535,36.59967163755575,0
37,37,11.899329098630474,0.006685972213744673,2.97658896446228,36.6797373100446,0
37,37,9.51946327890438,0.006846904754639116,2.983435869216919,36.74378984803568,0
37,37,7.615570623123505,0.007200002670288086,2.990635871887207,36.795031878428546,0
37,37,6.092456498498804,0.00772619247436479,2.998362064361572,36.836025502742835,0
37,37,4.873965198799044,0.007322788238526279,3.005684852600098,36.86882040219427,0
37,37,3.899172159039235,0.007179021835326704,3.012863874435425,36.89505632175541,0
37,37,3.1193377272313882,0.006879091262817383,3.019742965698242,36.91604505740433,0
37,37,2.4954701817851106,0.006114006042480913,3.025856971740723,36.932836045923466,0
37,37,1.9963761454280886,0.007786989212035689,3.033643960952759,36.946268836738774,0
37,37,1.597100916342471,0.006882905960083008,3.040526866912842,36.95701506939102,0
37,37,1.2776807330739768,0.008869171142578125,3.04939603805542,36.965612055512814,0
37,37,1.0221445864591814,0.009698867797851118,3.059094905853271,36.97248964441025,0
36,36,-20.66454508014762,0.009310007095336914,3.068404912948608,36.7779917155282,-107.41130374657482
37,37,2.2916737081231204,0.010625123977662021,3.07903003692627,36.82239337242256,94.11654886120608
37,37,1.8333389664984965,0.0060579776763911575,3.085088014602661,36.85791469793805,0
37,37,1.4666711731987974,0.00736904144287065,3.092457056045532,36.886331758350444,0
37,37,1.173336938559038,0.00546598434448331,3.097923040390015,36.909065406680355,0
37,37,0.9386695508472305,0.005705833435057706,3.103628873825073,36.927252325344284,0
37,37,0.7509356406777844,0.006924152374268022,3.110553026199341,36.941801860275426,0
38,38,24.38809574067336,0.008407831192016157,3.118960857391357,37.153441488220345,118.93673614065565
38,38,19.51047659253869,0.006067991256713867,3.125028848648071,37.32275319057628,0
38,38,15.608381274030954,0.0067861080169682175,3.131814956665039,37.458202552461024,0
39,39,32.25530566964573,0.010117053985596147,3.141932010650635,37.766562041968825,98.84300325210482
39,39,25.804244535716585,0.007843017578125,3.14977502822876,38.01324963357506,0
40,40,42.87547450061932,0.008996009826659712,3.15877103805542,38.41059970686005,111.16039436023023
40,40,34.300379600495454,0.008366823196411133,3.167137861251831,38.72847976548804,0
41,41,56.49276610333555,0.00688409805297896,3.17402195930481,39.18278381239043,145.2623121146959
42,42,73.03005041917308,0.007184982299803799,3.181206941604614,39.74622704991235,139.17918768252318
43,43,81.35187809191751,0.008723020553589311,3.189929962158203,40.396981639929884,114.63918878289519
43,43,65.08150247353402,0.005878925323485884,3.195808887481689,40.91758531194391,0
43,43,52.06520197882722,0.007075071334838867,3.202883958816528,41.33406824955513,0
43,43,41.652161583061776,0.0066161155700692476,3.209500074386597,41.66725459964411,0
43,43,33.321729266449424,0.004963874816894087,3.214463949203491,41.93380367971529,0
43,43,26.65738341315954,0.005615949630737749,3.220079898834229,42.147042943772234,0
43,43,21.325906730527635,0.0056531429290771484,3.225733041763306,42.31763435501779,0
43,43,17.06072538442211,0.006052970886230025,3.231786012649536,42.45410748401423,0
44,44,33.59486145648283,0.010026931762694868,3.241812944412231,42.76328598721139,99.73140574472573
44,44,26.875889165186265,0.006913900375367099,3.248726844787598,43.010628789769115,0
45,45,49.5900764540349,0.0071201324462890625,3.255846977233887,43.40850303181529,140.44682560942942
45,45,39.67206116322792,0.007047891616820845,3.262894868850708,43.726802425452235,0
45,45,31.73764893058234,0.005516052246094194,3.268410921096802,43.98144194036179,0
46,46,42.97556210283377,0.011373043060301846,3.279783964157104,44.38515355228944,87.92721479183949
47,47,59.22233549131564,0.008050918579102007,3.287834882736206,44.90812284183155,124.20942904524308
47,47,47.377868393052516,0.005017042160033736,3.29285192489624,45.32649827346524,0
47,47,37.902294714442014,0.006896018981934038,3.299747943878174,45.66119861877219,0
47,47,30.321835771553612,0.0043599605560302734,3.304107904434204,45.92895889501775,0
47,47,24.257468617242893,0.00659704208373979,3.310704946517944,46.1431671160142,0
48,48,45.38011410608067,0.0076999664306640625,3.318404912948608,46.51453369281136,129.87069606143174
48,48,36.30409128486453,0.005633115768433061,3.324038028717041,46.81162695424909,0
48,48,29.04327302789163,0.006846904754639116,3.33088493347168,47.049301563399275,0
48,48,23.234618422313304,0.008825063705443892,3.339709997177124,47.23944125071942,0
48,48,18.587694737850644,0.0028328895568847656,3.342542886734009,47.39155300057554,0
48,48,14.870155790280515,0.00594115257263228,3.348484039306641,47.513242400460435,0
48,48,11.896124632224414,0.006134033203125,3.354618072509766,47.61059392036835,0
48,48,9.516899705779531,0.006344795227049893,3.360962867736816,47.688475136294684,0
48,48,7.613519764623625,0.007636070251464844,3.368598937988281,47.75078010903575,0
48,48,6.0908158116989,0.00684905052185103,3.375447988510132,47.800624087228606,0
48,48,4.872652649359121,0.007040023803711382,3.382488012313843,47.84049926978289,0
48,48,3.898122119487297,0.007413864135741743,3.389901876449585,47.872399415826315,0
48,48,3.118497695589838,0.006136178970336914,3.396038055419922,47.89791953266106,0
48,48,2.4947981564718704,0.006611824035644087,3.402649879455566,47.91833562612885,0
48,48,1.9958385251774964,0.007960081100463867,3.41060996055603,47.934668500903086,0
48,48,1.5966708201419972,0.0071790218353271484,3.417788982391357,47.94773480072247,0
48,48,1.277336656113598,0.006139039993287021,3.423928022384644,47.95818784057798,0
48,48,1.0218693248908783,0.007247924804687056,3.431175947189331,47.966550272462385,0
48,48,0.8174954599127027,0.008624076843262163,3.439800024032593,47.97324021796991,0
48,48,0.6539963679301621,0.003871917724608931,3.443671941757202,47.97859217437593,0
48,48,0.5231970943441298,0.005230903625487837,3.44890284538269,47.98287373950075,0
48,48,0.4185576754753038,0.0061790943145760835,3.455081939697266,47.9862989916006,0
48,48,0.3348461403802431,0.006725072860716885,3.461807012557983,47.98903919328048,0
48,48,0.26787691230419447,0.007055997848511186,3.468863010406494,47.99123135462439,0
48,48,0.2143015298433556,0.006351947784423828,3.475214958190918,47.992985083699516,0
48,48,0.1714412238746845,0.006548881530762163,3.48176383972168,47.994388066959615,0
48,48,0.1371529790997476,0.007310152053833008,3.489073991775513,47.9955104535677,0
48,48,0.1097223832797981,0.006700038909911665,3.495774030685425,47.99640836285416,0
48,48,0.08777790662383848,0.0049228668212890625,3.500696897506714,47.99712669028333,0
48,48,0.07022232529907078,0.005855083465576172,3.50655198097229,47.99770135222667,0
48,48,0.05617786023925663,0.005212068557738814,3.511764049530029,47.99816108178134,0
48,48,0.044942288191405305,0.008193016052246094,3.519957065582275,47.99852886542507,0
47,47,-29.606817998836238,0.006747007369996005,3.526704072952271,47.79882309234006,-148.21385914694682
47,47,-23.68545439906899,0.0048828125,3.531586885452271,47.63905847387205,0
47,47,-18.948363519255192,0.00743317604064897,3.53902006149292,47.51124677909764,0
47,47,-15.158690815404155,0.006052970886230025,3.54507303237915,47.40899742327811,0
47,47,-12.126952652323325,0.0065228939056400925,3.55159592628479,47.32719793862249,0
47,47,-9.701562121858661,0.008980989456176758,3.560576915740967,47.26175835089799,0
46,46,-32.39739654036505,0.008118152618408203,3.568695068359375,47.0094066807184,-123.1807342143906
46,46,-25.91791723229204,0.006855964660644975,3.57555103302002,46.80752534457472,0
45,45,-48.041889370328626,0.00732398033142001,3.58287501335144,46.44602027565978,-136.53777792247496
45,45,-38.4335114962629,0.007735013961791992,3.590610027313232,46.15681622052782,0
45,45,-30.74680919701032,0.008004903793334961,3.598614931106567,45.92545297642226,0
44,44,-56.54066353368233,0.006261110305787021,3.604876041412354,45.54036238113781,-159.71608088037033
44,44,-45.23253082694586,0.005760908126831055,3.610636949539185,45.232289904910246,0
44,44,-36.186024661556694,0.0053849220275870024,3.616021871566772,44.9858319239282,0
44,44,-28.948819729245358,0.007004976272583008,3.623026847839355,44.78866553914257,0
43,43,-48.882302540622504,0.007775068283081943,3.630801916122437,44.43093243131406,-128.6162337861311
43,43,-39.105842032498,0.007889032363891157,3.638690948486328,44.144745945051255,0
43,43,-31.284673625998405,0.006091117858886719,3.644782066345215,43.915796756041004,0
43,43,-25.027738900798724,0.006386995315552202,3.651169061660767,43.73263740483281,0
43,43,-20.02219112063898,0.007550001144408736,3.658719062805176,43.586109923866246,0
44,44,5.999013067637819,0.009083986282348189,3.667803049087524,43.668887939093,110.083829820745
43,43,-13.008729086498874,0.011230945587159091,3.679033994674683,43.5351103512744,-89.03969770304565
41,41,-55.645660937324116,0.008841991424560103,3.687875986099243,43.02808828101952,-226.19338834062506
41,41,-44.5165287498593,0.0028159618377689988,3.690691947937012,42.62247062481562,0
41,41,-35.61322299988744,0.005865097045897993,3.69655704498291,42.2979764998525,0
40,40,-62.251628023604454,0.0059239864349369675,3.702481031417847,41.838381199882,-168.80524811847246
40,40,-49.801302418883566,0.006098031997679776,3.708579063415527,41.4707049599056,0
40,40,-39.84104193510686,0.005814790725708008,3.714393854141235,41.17656396792449,0
40,40,-31.872833548085488,0.006164073944092241,3.720557928085327,40.94125117433959,0
39,39,-52.369328405511446,0.007442951202393022,3.72800087928772,40.55300093947167,-134.35530783521526
39,39,-41.89546272440916,0.006782054901123047,3.734782934188843,40.242400751577335,0
39,39,-33.51637017952733,0.006415128707885742,3.741198062896729,39.99392060126188,0
38,38,-68.90134058695136,0.004751920700073242,3.745949983596802,39.595136481009504,-210.44122221664745
38,38,-55.12107246956109,0.0056569576263427734,3.751606941223145,39.2761091848076,0
38,38,-44.096857975648874,0.006904125213623047,3.758511066436768,39.020887347846084,0
38,38,-35.2774863805191,0.006635904312132901,3.765146970748901,38.81670987827687,0
38,38,-28.221989104415282,0.006145000457764116,3.771291971206665,38.6533679026215,0
37,37,-52.77525138648973,0.006623029708861861,3.777915000915527,38.3226943220972,-150.98830051478748
37,37,-42.220201109191784,0.006685018539429155,3.784600019454956,38.05815545767776,0
37,37,-33.77616088735343,0.006610870361328125,3.791210889816284,37.84652436614221,0
37,37,-27.020928709882742,0.005165100097655806,3.79637598991394,37.67721949291377,0
38,38,17.068960776783708,0.005169868469239169,3.801545858383179,37.74177559433102,193.4285187234495
38,38,13.655168621426967,0.007023096084593838,3.808568954467773,37.79342047546481,0
38,38,10.924134897141574,0.007967948913575107,3.816536903381348,37.83473638037185,0
37,37,-16.71542732731784,0.007857084274291992,3.82439398765564,37.66778910429748,-127.27367622515551
38,38,15.371517787268534,0.0069580078125,3.83135199546814,37.734231283437985,143.71929824561403
37,37,-8.173789723527854,0.00976991653442294,3.841121912002563,37.58738502675039,-102.3550197667134
37,37,-6.539031778822284,0.00791311264038086,3.849035024642944,37.469908021400315,0
37,37,-5.231225423057827,0.007025003433227983,3.856060028076172,37.375926417120255,0
37,37,-4.184980338446262,0.007000923156738281,3.86306095123291,37.30074113369621,0
37,37,-3.3479842707570096,0.00840210914611772,3.871463060379028,37.24059290695697,0
37,37,-2.6783874166056076,0.009069919586182085,3.88053297996521,37.19247432556558,0
37,37,-2.142709933284486,0.005987882614136186,3.886520862579346,37.15397946045246,0
37,37,-1.714167946627589,0.006361007690428799,3.892881870269775,37.12318356836197,0
37,37,-1.3713343573020713,0.006540060043334961,3.89942193031311,37.09854685468958,0
37,37,-1.0970674858416571,0.004473924636841264,3.903895854949951,37.07883748375166,0
37,37,-0.8776539886733258,0.006541013717651811,3.910436868667603,37.063069987001334,0
37,37,-0.7021231909386607,0.006685972213745117,3.917122840881348,37.05045598960107,0
37,37,-0.5616985527509286,0.005439043045043945,3.922561883926392,37.04036479168086,0
37,37,-0.4493588422007429,0.006101131439208984,3.928663015365601,37.032291833344686,0
37,37,-0.35948707376059436,0.006139039993286133,3.934802055358887,37.02583346667575,0
37,37,-0.2875896590084755,0.005280017852782759,3.94008207321167,37.0206667733406,0
37,37,-0.2300717272067804,0.006338834762573242,3.946420907974243,37.01653341867248,0
37,37,-0.18405738176542433,0.006070137023925781,3.952491044998169,37.01322673493799,0
37,37,-0.14724590541233948,0.006599903106689009,3.959090948104858,37.01058138795039,0
37,37,-0.1177967243298716,0.0036361217498779297,3.962727069854736,37.00846511036031,0
37,37,-0.09423737946389728,0.006059885025025302,3.968786954879761,37.00677208828825,0
36,36,-24.059287433307073,0.008338928222655806,3.977125883102417,36.805417670630604,-119.91948764867976
37,37,14.945730286507086,0.005849123001099077,3.982975006103516,36.844334136504486,170.96580116576374
36,36,-12.44876896525494,0.008194923400878906,3.991169929504395,36.67546730920359,-122.02676597230304
37,37,14.093651418001349,0.008315086364746094,3.999485015869141,36.740373847362875,120.2633329510265
36,36,-45.09634423755678,0.0035479068756099075,4.003032922744751,36.5922990778903,-281.8563268597893
36,36,-36.07707539004542,0.006673097610473633,4.009706020355225,36.47383926231225,0
36,36,-28.86166031203634,0.005763053894042969,4.015469074249268,36.3790714098498,0
36,36,-23.089328249629073,0.005822896957397461,4.021291971206665,36.303257127879846,0
37,37,12.488522637425362,0.006459951400756836,4.027751922607422,36.44260570230388,154.7999261856431
37,37,9.99081810994029,0.005110979080200195,4.032862901687622,36.554084561843105,0
37,37,7.992654487952233,0.007152080535888672,4.040014982223511,36.64326764947449,0
37,37,6.394123590361787,0.004576921463012695,4.044591903686523,36.71461411957959,0
37,37,5.115298872289429,0.005434989929199219,4.050026893615723,36.77169129566368,0
36,36,-26.65779022768165,0.006504058837890625,4.056530952453613,36.61735303653094,-153.75014662756598
36,36,-21.326232182145322,0.0075490474700927734,4.064079999923706,36.493882429224755,0
37,37,10.385055348381375,0.007287025451660156,4.071367025375366,36.59510594337981,137.23020547048816
36,36,-21.59680046836274,0.00668787956237793,4.078054904937744,36.47608475470385,-149.5242237353392
37,37,34.41474596989941,0.0038690567016601562,4.081923961639404,36.58086780376308,258.460931722948
37,37,27.531796775919528,0.006885051727294922,4.088809013366699,36.664694243010466,0
37,37,22.025437420735624,0.005970954895019531,4.094779968261719,36.731755394408374,0
37,37,17.6203499365885,0.00583195686340332,4.100611925125122,36.7854043155267,0
37,37,14.096279949270802,0.006562948226928711,4.107174873352051,36.82832345242136,0
37,37,11.277023959416642,0.005766153335571289,4.112941026687622,36.86265876193709,0
38,38,36.81503246022432,0.007195949554443359,4.120136976242065,37.090127009549676,138.96706646345504
39,39,52.51222334564324,0.008672952651977539,4.128809928894043,37.47210160763974,115.30098688731891
39,39,42.0097786765146,0.0021529197692871094,4.13096284866333,37.7776812861118,0
39,39,33.60782294121168,0.007639169692993164,4.138602018356323,38.02214502888944,0
39,39,26.886258352969346,0.006611824035644531,4.145213842391968,38.21771602311155,0
40,40,45.970581930968486,0.008176088333129883,4.153389930725098,38.574172818489245,122.30787624296504
40,40,36.77646554477479,0.007383108139038086,4.160773038864136,38.859338254791396,0
41,41,53.52082768748612,0.008298873901367188,4.169071912765503,39.28747060383312,120.49827625833142
41,41,42.8166621499889,0.005380153656005859,4.174452066421509,39.6299764830665,0
42,42,67.16531967604888,0.006076812744140625,4.180528879165649,40.103981186453204,164.55994978028878
43,43,81.54409845683938,0.007191181182861328,4.187720060348511,40.683184949162566,139.0592135800013
43,43,65.2352787654715,0.0057909488677978516,4.193511009216309,41.14654795933006,0
43,43,52.18822301237721,0.008115053176878995,4.201626062393188,41.517238367464046,0
43,43,41.75057840990177,0.00707888603210538,4.208704948425293,41.81379069397124,0
43,43,33.400462727921415,0.003818988800048828,4.212523937225342,42.051032555176995,0
43,43,26.720370182337135,0.005994081497192383,4.218518018722534,42.2408260441416,0
43,43,21.37629614586971,0.005918979644775391,4.22443699836731,42.39266083531328,0
43,43,17.10103691669577,0.008517980575561523,4.232954978942871,42.51412866825063,0
44,44,39.032481139630605,0.007889032363891602,4.240844011306763,42.811302934600505,126.75825803136995
45,45,56.86353992392942,0.007801055908203125,4.248645067214966,43.24904234768041,128.18777506112468
45,45,45.49083193914354,0.006848812103271484,4.255493879318237,43.599233878144325,0
45,45,36.392665551314835,0.007012128829956055,4.262506008148193,43.87938710251546,0
46,46,54.05795640774827,0.008018016815185547,4.270524024963379,44.30350968201237,124.71911983348201
46,46,43.24636512619862,0.005890846252441406,4.27641487121582,44.6428077456099,0
46,46,34.597092100958896,0.00623011589050293,4.282644987106323,44.91424619648792,0
46,46,27.677673680767118,0.006736040115356445,4.28938102722168,45.13139695719034,0
47,47,78.60826710830445,0.0035419464111337007,4.292922973632813,45.50511756575227,282.33064081845373
46,46,32.15010481957209,0.006506919860838956,4.299429893493652,45.60409405260182,-153.68254433535733
47,47,60.69156007193607,0.005718946456910068,4.305148839950562,45.88327524208146,174.85738108139194
47,47,48.553248057548856,0.0058960914611807524,4.311044931411743,46.106620193665165,0
47,47,38.84259844603909,0.006942033767700195,4.317986965179443,46.285296154932134,0
47,47,31.074078756831273,0.005791902542114258,4.323778867721558,46.428236923945704,0
47,47,24.85926300546502,0.007040977478027344,4.330819845199585,46.542589539156566,0
47,47,19.88741040437202,0.007807016372680664,4.338626861572266,46.634071631325256,0
47,47,15.909928323497617,0.008028030395507812,4.346654891967773,46.7072573050602,0
48,48,44.92865664290619,0.006211042404174805,4.352865934371948,46.96580584404816,161.00356992054049
47,47,12.059407391596253,0.00837397575378418,4.361239910125732,46.97264467523853,-119.41758961364349
48,48,62.15508725529002,0.0038089752197265625,4.365048885345459,47.178115740190826,262.53780671006507
48,48,49.724069804232016,0.0057201385498046875,4.370769023895264,47.34249259215267,0
48,48,39.77925584338561,0.005816936492919922,4.376585960388184,47.47399407372214,0
48,48,31.82340467470849,0.006376981735229492,4.382962942123413,47.57919525897771,0
48,48,25.458723739766796,0.0057070255279541016,4.388669967651367,47.663356207182176,0
49,49,58.28159142119197,0.00527501106262207,4.393944978713989,47.93068496574574,189.57306214689265
49,49,46.62527313695358,0.006179094314574307,4.400124073028564,48.1445479725966,0
49,49,37.30021850956287,0.008976936340332031,4.409101009368896,48.31563837807728,0
49,49,29.840174807650296,0.009264945983887607,4.418365955352783,48.45251070246182,0
49,49,23.872139846120238,0.003684043884278232,4.422049999237061,48.56200856196946,0
49,49,19.09771187689619,0.005923032760619229,4.427973031997681,48.64960684957558,0
49,49,15.278169501516954,0.00572991371154874,4.433702945709229,48.71968547966047,0
49,49,12.222535601213565,0.00686311721801669,4.440566062927246,48.775748383728384,0
49,49,9.778028480970853,0.007490873336791992,4.448056936264038,48.82059870698271,0
49,49,7.822422784776683,0.0038750171661376953,4.451931953430176,48.85647896558616,0
49,49,6.257938227821347,0.006679058074951172,4.458611011505127,48.88518317246893,0
49,49,5.0063505822570775,0.006006002426147461,4.464617013931274,48.90814653797514,0
49,49,4.005080465805662,0.0073089599609375,4.471925973892212,48.926517230380114,0
49,49,3.2040643726445297,0.009909868240356445,4.481835842132568,48.9412137843041,0
48,48,-19.98434553446152,0.008870124816894531,4.490705966949463,48.75297102744328,-112.7379851628857
48,48,-15.987476427569218,0.0021009445190429688,4.492806911468506,48.60237682195463,0
48,48,-12.789981142055375,0.005946159362792969,4.498753070831299,48.48190145756371,0
48,48,-10.2319849136443,0.0058557987213134766,4.504608869552612,48.38552116605097,0
48,48,-8.18558793091544,0.006066083908081055,4.510674953460693,48.30841693284078,0
48,48,-6.548470344732353,0.0077168941497802734,4.518391847610474,48.24673354627263,0
48,48,-5.238776275785883,0.006060123443603516,4.524451971054077,48.19738683701811,0
48,48,-4.191021020628706,0.006695985794068271,4.531147956848145,48.15790946961449,0
47,47,-26.48742244253954,0.008645057678221768,4.539793014526367,47.926327575691595,-115.67302813018287
48,48,47.58605614287744,0.002907991409301758,4.542701005935669,47.94106206055328,343.87997048454537
48,48,38.068844914301955,0.01368403434753418,4.556385040283203,47.95284964844262,0
47,47,-5.297419486876638,0.005594015121459961,4.561979055404663,47.7622797187541,-178.76247709159102
47,47,-4.237935589501311,0.0070037841796875,4.568982839584351,47.60982377500328,0
47,47,-3.3903484716010492,0.004839181900024414,4.573822021484375,47.487859020002624,0
47,47,-2.7122787772808397,0.0051958560943603516,4.579017877578735,47.3902872160021,0
47,47,-2.169823021824672,0.006381034851074219,4.58539891242981,47.31222977280168,0
47,47,-1.7358584174597376,0.005509138107299805,4.590908050537109,47.24978381824134,0
47,47,-1.3886867339677902,0.007030010223388672,4.597938060760498,47.19982705459307,0
47,47,-1.1109493871742322,0.005776882171630859,4.603714942932129,47.15986164367446,0
47,47,-0.8887595097393858,0.006693124771118164,4.610408067703247,47.127889314939566,0
47,47,-0.7110076077915086,0.007521867752075195,4.617929935455322,47.10231145195165,0
47,47,-0.5688060862332069,0.005981922149657315,4.62391185760498,47.08184916156132,0
47,47,-0.4550448689865656,0.0067741870880135835,4.630686044692993,47.06547932924906,0
47,47,-0.3640358951892525,0.008977890014648438,4.639663934707642,47.052383463399245,0
46,46,-29.13491059216144,0.006933927536010742,4.646597862243652,46.8419067707194,-144.2184093800502
46,46,-23.307928473729152,0.008016109466552734,4.654613971710205,46.67352541657552,0
45,45,-49.16701951174251,0.0065529346466073335,4.661166906356812,46.33882033326042,-152.60338366379594
45,45,-39.33361560939401,0.007817983627318448,4.668984889984131,46.07105626660834,0
45,45,-31.46689248751521,0.003679990768431729,4.672664880752563,45.85684501328667,0
45,45,-25.173513990012168,0.005901098251343662,4.678565979003906,45.68547601062934,0
44,44,-56.344983232235904,0.0055239200592041016,4.68408989906311,45.34838080850348,-181.03086020113082
44,44,-45.075986585788726,0.005666017532348633,4.689755916595459,45.07870464680279,0
44,44,-36.060789268630984,0.0066220760345458984,4.696377992630005,44.86296371744224,0
43,43,-53.64718878032295,0.008064985275268555,4.704442977905273,44.490370973953794,-123.99278682709078
42,42,-71.31905113260072,0.00704193115234375,4.711484909057617,43.992296779163034,-142.0065005417118
43,43,-33.108999006049174,0.008352041244506836,4.719836950302124,43.79383742333043,119.73120950015701
43,43,-26.487199204839342,0.002655029296875,4.722491979598999,43.635069938664344,0
43,43,-21.189759363871474,0.0060269832611083984,4.728518962860107,43.50805595093148,0
43,43,-16.95180749109718,0.006081104278564453,4.734600067138672,43.40644476074519,0
44,44,19.984934875708795,0.00596189498901456,4.740561962127686,43.52515580859615,167.7319043429327
43,43,-11.270802993047756,0.007337093353270596,4.747899055480957,43.42012464687693,-136.29375446807396
42,42,-36.41069895508088,0.007300853729248047,4.755199909210205,43.136099717501544,-136.97028280321337
41,41,-64.98957147596622,0.00557708740234375,4.760776996612549,42.70887977400124,-179.30506155950752
40,40,-77.9963939902466,0.007690906524658203,4.768467903137207,42.167103819200996,-130.0236840473681
40,40,-62.39711519219728,0.006940126419067383,4.775408029556274,41.7336830553608,0
40,40,-49.91769215375783,0.00659203529357999,4.782000064849854,41.38694644428864,0
39,39,-63.68177007449784,0.008421897888182706,4.790421962738037,40.90955715543092,-118.73808175745789
39,39,-50.94541605959827,0.008044958114624023,4.798466920852661,40.52764572434474,0
38,38,-76.4009661441858,0.005610942840576172,4.804077863693237,40.02211657947579,-178.2231664825359
38,38,-61.120772915348645,0.0073451995849609375,4.811423063278198,39.617693263580634,0
37,37,-75.37999007655674,0.007551908493041992,4.81897497177124,39.09415461086451,-132.4168587213891
37,37,-60.303992061245395,0.006645917892456055,4.825620889663696,38.675323688691606,0
37,37,-48.24319364899632,0.005787134170533115,4.831408023834229,38.340258950953285,0
37,37,-38.59455491919706,0.010342836380003995,4.841750860214233,38.07220716076263,0
37,37,-30.875643935357648,0.008607149124145508,4.850358009338379,37.857765728610104,0
37,37,-24.70051514828612,0.008256912231445312,4.858614921569824,37.68621258288808,0
37,37,-19.760412118628896,0.003859996795655185,4.862474918365479,37.54897006631047,0
37,37,-15.808329694903117,0.00662207603454501,4.869096994400024,37.43917605304838,0
37,37,-12.646663755922495,0.005781888961791992,4.874878883361816,37.3513408424387,0
37,37,-10.117331004737997,0.007021188735961914,4.881900072097778,37.281072673950966,0
37,37,-8.093864803790398,0.007763862609863281,4.889663934707642,37.22485813916077,0
37,37,-6.4750918430323186,0.008039951324462002,4.897703886032104,37.17988651132862,0
37,37,-5.180073474425855,0.005961179733277255,4.903665065765381,37.1439092090629,0
37,37,-4.144058779540685,0.004992961883544922,4.908658027648926,37.11512736725032,0
37,37,-3.3152470236325478,0.0054209232330322266,4.914078950881958,37.092101893800255,0
37,37,-2.6521976189060386,0.006370067596436435,4.920449018478394,37.07368151504021,0
37,37,-2.121758095124831,0.008496999740599698,4.928946018218994,37.058945212032164,0
37,37,-1.6974064760998648,0.009572982788085938,4.93851900100708,37.04715616962573,0
36,36,-45.89290075955902,0.004490852355957031,4.943009853363037,36.837724935700585,-222.67487789339563
36,36,-36.71432060764722,0.007588148117066318,4.950598001480103,36.670179948560474,0
36,36,-29.371456486117776,0.007472038269042969,4.958070039749146,36.536143958848385,0
36,36,-23.497165188894222,0.0065178871154776274,4.964587926864624,36.42891516707871,0
36,36,-18.79773215111538,0.006269931793212891,4.970857858657837,36.34313213366298,0
36,36,-15.038185720892304,0.0043811798095703125,4.975239038467407,36.274505706930384,0
36,36,-12.030548576713844,0.005734920501708984,4.980973958969116,36.21960456554431,0
36,36,-9.624438861371075,0.005606889724731445,4.986580848693848,36.17568365243545,0
36,36,-7.699551089096861,0.005248069763183594,4.991828918457031,36.14054692194836,0
36,36,-6.159640871277489,0.00707697868347168,4.998905897140503,36.11243753755869,0
36,36,-4.927712697021992,0.00705409049987793,5.005959987640381,36.08995003004696,0
36,36,-3.9421701576175936,0.004500865936279297,5.01046085357666,36.071960024037566,0
36,36,-3.153736126094075,0.005391120910644531,5.015851974487305,36.057568019230054,0
36,36,-2.5229889008752604,0.0058438777923583984,5.021695852279663,36.04605441538405,0
36,36,-2.0183911207002083,0.006098031997680664,5.027793884277344,36.036843532307245,0
36,36,-1.6147128965601667,0.0058290958404541016,5.033622980117798,36.029474825845796,0
36,36,-1.2917703172481334,0.00681304931640625,5.040436029434204,36.02357986067664,0
36,36,-1.0334162537985068,0.007634878158569336,5.048070907592773,36.01886388854132,0
36,36,-0.8267330030388055,0.0066759586334228516,5.054746866226196,36.015091110833055,0
36,36,-0.6613864024310444,0.006481170654296875,5.061228036880493,36.012072888666445,0
36,36,-0.5291091219448355,0.007736921310424805,5.068964958190918,36.00965831093316,0
36,36,-0.4232872975558684,0.0061130523681640625,5.075078010559082,36.007726648746534,0
36,36,-0.33862983804469476,0.006537914276123047,5.081615924835205,36.00618131899723,0
36,36,-0.2709038704357558,0.007276058197021484,5.088891983032227,36.00494505519779,0
36,36,-0.21672309634860465,0.006721973419189453,5.095613956451416,36.00395604415823,0
36,36,-0.17337847707888374,0.004928112030029297,5.100542068481445,36.00316483532659,0
36,36,-0.13870278166310698,0.007314920425415039,5.10785698890686,36.00253186826127,0
36,36,-0.1109622253304856,0.005531072616578037,5.113388061523438,36.00202549460902,0
36,36,-0.08876978026438848,0.006635904312132901,5.120023965835571,36.00162039568722,0
37,37,29.850896071632974,0.006684064865112305,5.126708030700684,36.20129631654978,149.6095594792224
36,36,-8.697666769242225,0.006139039993286133,5.13284707069397,36.16103705323982,-162.89191813274303
36,36,-6.958133415393781,0.007170915603637695,5.140017986297607,36.12882964259186,0
36,36,-5.566506732315025,0.0063800811767578125,5.146398067474365,36.10306371407349,0
36,36,-4.45320538585202,0.006986856460572177,5.153384923934937,36.082450971258794,0
36,36,-3.5625643086816163,0.009230136871337002,5.162615060806274,36.065960777007035,0
37,37,20.23171945804092,0.008664846420288974,5.171279907226563,36.25276862160563,115.40885452493107
37,37,16.185375566432736,0.004259109497069424,5.175539016723633,36.40221489728451,0
37,37,12.948300453146189,0.00603795051574707,5.18157696723938,36.52177191782761,0
37,37,10.358640362516951,0.006058931350708008,5.187635898590088,36.61741753426209,0
37,37,8.28691229001356,0.005445957183837891,5.193081855773926,36.693934027409675,0
37,37,6.629529832010849,0.007615089416503906,5.20069694519043,36.75514722192774,0
36,36,-21.621774946780988,0.00742793083190918,5.208124876022339,36.6041177775422,-134.62699406194832
36,36,-17.29741995742479,0.007695198059082031,5.215820074081421,36.48329422203376,0
37,37,35.23259927828363,0.004075765609741211,5.219895839691162,36.58663537762701,245.3526762211173
37,37,28.186079422626904,0.006117105484008789,5.226012945175171,36.66930830210161,0
37,37,22.548863538101525,0.004755020141600674,5.230767965316772,36.73544664168129,0
37,37,18.03909083048122,0.007193088531495029,5.237961053848267,36.78835731334504,0
37,37,14.431272664384977,0.005284786224365234,5.243245840072632,36.83068585067603,0
38,38,40.9045589406918,0.006812095642089844,5.250057935714722,37.06454868054083,146.7977040459191
38,38,32.72364715255344,0.007143974304199219,5.257201910018921,37.25163894443266,0
39,39,57.47735813693717,0.006390094757080078,5.263592004776001,37.60131115554613,156.49220207447206
39,39,45.98188650954974,0.00789499282836914,5.27148699760437,37.881048924436904,0
40,40,55.045430844557515,0.010952949523925781,5.282439947128296,38.30483913954953,91.29960818458859
40,40,44.03634467564601,0.008098125457763672,5.29053807258606,38.64387131163963,0
40,40,35.22907574051681,0.005241870880127841,5.295779943466187,38.915097049311704,0
41,41,68.67663769225423,0.004939079284666192,5.300719022750854,39.332077639449366,202.46688549920393
42,42,90.42761668114667,0.005635976791382724,5.306354999542236,39.865662111559494,177.4315326367164
43,43,111.76594897044606,0.005073070526123047,5.311428070068359,40.4925296892476,197.11927812764358
43,43,89.41275917635686,0.00803995132446289,5.319468021392822,40.99402375139808,0
43,43,71.53020734108549,0.007086992263793945,5.326555013656616,41.39521900111847,0
43,43,57.22416587286839,0.006311893463134766,5.332866907119751,41.71617520089478,0
43,43,45.779332698294716,0.0071430206298828125,5.340009927749634,41.97294016071583,0
43,43,36.62346615863577,0.0064849853515625,5.346494913101196,42.17835212857267,0
43,43,29.29877292690862,0.0045320987701416016,5.351027011871338,42.34268170285814,0
43,43,23.439018341526896,0.006145954132080078,5.357172966003418,42.474145362286514,0
43,43,18.75121467322152,0.005351066589355469,5.362524032592773,42.579316289829215,0
43,43,15.000971738577215,0.006035804748535156,5.368559837341309,42.66345303186338,0
44,44,45.96687853674994,0.005888223648071289,5.37444806098938,42.9307624254907,169.83050572944083
44,44,36.77350282939995,0.006035804748535156,5.380483865737915,43.144609940392556,0
44,44,29.418802263519964,0.008042097091674805,5.38852596282959,43.31568795231405,0
45,45,83.00762600081951,0.003362894058227539,5.391888856887817,43.65255036185124,297.3629209500177
45,45,66.40610080065561,0.0074920654296875,5.399380922317505,43.922040289481,0
45,45,53.12488064052449,0.006250143051147461,5.405631065368652,44.137632231584796,0
46,46,78.41311626000072,0.005568981170654297,5.411200046539307,44.51010578526784,179.56605873790565
46,46,62.73049300800058,0.0072138309478759766,5.418413877487183,44.808084628214274,0
46,46,50.184394406400465,0.006383180618286133,5.424797058105469,45.04646770257143,0
46,46,40.147515525120376,0.0065038204193115234,5.43130087852478,45.237174162057144,0
46,46,32.1180124200963,0.009145021438598633,5.440445899963379,45.38973932964572,0
47,47,84.89836222628806,0.003378152847290039,5.443824052810669,45.71179146371658,296.0197614510551
47,47,67.91868978103045,0.0065789222717276274,5.450402975082397,45.96943317097326,0
47,47,54.334951824824365,0.0046150684356698335,5.455018043518066,46.17554653677861,0
47,47,43.467961459859495,0.005909919738769531,5.460927963256836,46.34043722942289,0
47,47,34.7743691678876,0.0068678855896004976,5.467795848846436,46.47234978353831,0
47,47,27.81949533431008,0.007014036178587979,5.474809885025024,46.57787982683065,0
47,47,22.255596267448066,0.0069081783294677734,5.481718063354492,46.66230386146452,0
47,47,17.804477013958454,0.007191896438598633,5.488909959793091,46.72984308917162,0
47,47,14.243581611166764,0.006606101989746094,5.495516061782837,46.78387447133729,0
47,47,11.394865288933412,0.00660395622253418,5.502120018005371,46.82709957706983,0
47,47,9.115892231146729,0.007683992385864258,5.509804010391235,46.86167966165586,0
47,47,7.2927137849173835,0.006217002868652344,5.516021013259888,46.88934372932469,0
47,47,5.834171027933907,0.006928920745849609,5.522949934005737,46.911474983459755,0
47,47,4.667336822347126,0.0067589282989510835,5.529708862304688,46.92917998676781,0
47,47,3.733869457877701,0.006643056869505948,5.536351919174194,46.943343989414245,0
47,47,2.9870955663021608,0.006860017776489258,5.543211936950684,46.95467519153139,0
47,47,2.3896764530417287,0.006905078887939453,5.550117015838623,46.96374015322512,0
47,47,1.911741162433383,0.006372928619384766,5.556489944458008,46.97099212258009,0
47,47,1.5293929299467066,0.01123690605163663,5.567726850509644,46.97679369806407,0
47,47,1.2235143439573655,0.006325006484984463,5.574051856994629,46.98143495845126,0
47,47,0.9788114751658924,0.006942033767700195,5.580993890762329,46.985147966761005,0
47,47,0.783049180132714,0.004385948181151456,5.585379838943481,46.9881183734088,0
47,47,0.6264393441061712,0.007433176040650302,5.592813014984131,46.99049469872704,0
47,47,0.501151475284937,0.00861501693725586,5.601428031921387,46.99239575898163,0
47,47,0.4009211802279496,0.005041837692259854,5.606469869613647,46.993916607185305,0
47,47,0.3207369441823597,0.0050270557403573335,5.611496925354004,46.995133285748246,0
47,47,0.2565895553458878,0.00660395622253418,5.618100881576538,46.996106628598596,0
46,46,-34.33707136580652,0.0057899951934823335,5.62389087677002,46.796885302878884,-172.71171505041616
46,46,-27.46965709264522,0.007560014724730557,5.631450891494751,46.63750824230311,0
46,46,-21.975725674116177,0.008558034896850586,5.640008926391602,46.5100065938425,0
46,46,-17.580580539292942,0.007946968078613281,5.647955894470215,46.408005275074004,0
46,46,-14.064464431434354,0.006757974624633789,5.654713869094849,46.32640422005921,0
45,45,-40.244790361032464,0.006898164749145508,5.661612033843994,46.06112337604737,-144.9660940794249
45,45,-32.195832288825976,0.007265806198120117,5.668877840042114,45.8488987008379,0
45,45,-25.756665831060783,0.006846189498901367,5.675724029541016,45.67911896067032,0
45,45,-20.60533266484863,0.006810903549194336,5.68253493309021,45.54329516853626,0
44,44,-48.6072959243274,0.006226062774658203,5.688760995864868,45.23463613482902,-160.61514896224247
44,44,-38.88583673946192,0.006736040115356445,5.695497035980225,44.98770890786322,0
44,44,-31.10866939156954,0.006470918655395508,5.70196795463562,44.790167126290584,0
44,44,-24.886935513255633,0.00789308547973544,5.709861040115356,44.63213370103247,0
43,43,-68.99156818708437,0.004074811935425693,5.713935852050781,44.30570696082598,-245.41009888239927
43,43,-55.1932545496675,0.005900144577026367,5.719835996627808,44.044565568660786,0
43,43,-44.154603639734006,0.005110025405883789,5.724946022033691,43.835652454928635,0
43,43,-35.32368291178721,0.006036043167114258,5.730982065200806,43.66852196394291,0
43,43,-28.25894632942977,0.0050449371337890625,5.736027002334595,43.53481757115433,0
43,43,-22.607157063543816,0.006518840789794922,5.74254584312439,43.427854056923465,0
43,43,-18.085725650835055,0.0051631927490234375,5.747709035873413,43.34228324553877,0
43,43,-14.468580520668045,0.005048990249633789,5.752758026123047,43.27382659643102,0
44,44,21.347458974360386,0.0060749053955078125,5.758832931518555,43.41906127714482,164.6116169544741
43,43,-17.53564123808958,0.005778074264526367,5.764611005783081,43.33524902171586,-173.0680420878894
43,43,-14.028512990471663,0.006913900375366211,5.771524906158447,43.26819921737269,0
42,42,-38.93908608126916,0.007215976715087891,5.778740882873535,43.01455937389815,-138.58137844445912
41,41,-60.4984840903162,0.0068149566650390625,5.785555839538574,42.611647499118526,-146.73607612650434
40,40,-79.74166576575169,0.006381034851074219,5.791936874389648,42.08931799929482,-156.71439246749364
40,40,-63.793332612601354,0.009168148040771484,5.80110502243042,41.67145439943586,0
40,40,-51.03466609008109,0.0046470165252676665,5.805752038955688,41.33716351954869,0
39,39,-77.37144012538066,0.005472898483277255,5.811224937438965,40.86973081563896,-182.71853626657892
39,39,-61.89715210030453,0.0059239864349365234,5.817148923873901,40.495784652511176,0
38,38,-79.44924241099365,0.006681919097900391,5.823830842971802,39.996627722008945,-149.6576036537501
38,38,-63.55939392879492,0.007012128829956055,5.830842971801758,39.597302177607155,0
38,38,-50.847515143035935,0.008020877838134766,5.838863849639893,39.27784174208573,0
37,37,-74.88232607977025,0.00584721565246582,5.844711065292358,38.82227339366858,-171.02156982670743
37,37,-59.9058608638162,0.006426811218261719,5.85113787651062,38.45781871493487,0
37,37,-47.924688691052964,0.007729053497314453,5.858866930007935,38.16625497194789,0
37,37,-38.33975095284237,0.007775068283081055,5.866641998291016,37.933003977558315,0
37,37,-30.6718007622739,0.005440950393676758,5.872082948684692,37.746403182046656,0
37,37,-24.53744060981912,0.007303953170776367,5.879386901855469,37.597122545637326,0
37,37,-19.6299524878553,0.004539012908935547,5.883925914764404,37.477698036509864,0
37,37,-15.70396199028424,0.005746126174926758,5.889672040939331,37.38215842920789,0
37,37,-12.563169592227393,0.0052008628845223726,5.894872903823853,37.305726743366314,0
37,37,-10.050535673781916,0.005783081054686612,5.90065598487854,37.24458139469305,0
36,36,-41.881835671508995,0.005909919738769531,5.90656590461731,36.99566511575444,-169.2070356624173
36,36,-33.5054685372072,0.00645899772644043,5.91302490234375,36.796532092603556,0
37,37,-0.6063485961617658,0.007634162902832031,5.920659065246582,36.837225674082845,130.99013116801999
37,37,-0.4850788769294127,0.0041828155517578125,5.92484188079834,36.86978053926628,0
37,37,-0.3880631015435302,0.006205081939697266,5.931046962738037,36.895824431413025,0
37,37,-0.31045048123482416,0.0066640377044677734,5.937711000442505,36.91665954513042,0
36,36,-33.12681143147214,0.006083011627197266,5.943794012069702,36.73332763610434,-164.3922552324214
37,37,-0.5914911516022272,0.0077190399169921875,5.951513051986694,36.786662108883476,129.54978996787744
36,36,-22.463409714214386,0.009094953536987305,5.960608005523682,36.62932968710678,-109.95108396466301
36,36,-17.97072777137151,0.007242918014526367,5.967850923538208,36.50346374968543,0
36,36,-14.376582217097209,0.006802082061767578,5.974653005599976,36.40277099974835,0
36,36,-11.501265773677767,0.006376028060913086,5.981029033660889,36.32221679979868,0
36,36,-9.201012618942213,0.004629850387573242,5.985658884048462,36.25777343983895,0
36,36,-7.360810095153771,0.0054399967193603516,5.991098880767822,36.20621875187116,0
36,36,-5.888648076123017,0.006711006164550781,5.997809886932373,36.164975001496934,0
36,36,-4.710918460898414,0.004673004150390625,6.002482891082764,36.13198000119755,0
36,36,-3.7687347687187316,0.006929159164428711,6.009412050247192,36.10558400095804,0
36,36,-3.0149878149749854,0.006702899932861328,6.016114950180054,36.08446720076643,0
36,36,-2.4119902519799883,0.007261991500854492,6.023376941680908,36.06757376061315,0
36,36,-1.9295922015839908,0.007456064224243164,6.030833005905151,36.054059008490526,0
36,36,-1.5436737612671927,0.00789189338684082,6.038724899291992,36.04324720679242,0
36,36,-1.2349390090137542,0.005896091461181641,6.044620990753174,36.03459776543394,0
36,36,-0.9879512072110034,0.00642085075378418,6.051041841506958,36.027678212347155,0
36,36,-0.7903609657688028,0.004310131072998047,6.055351972579956,36.02214256987773,0
36,36,-0.6322887726150422,0.00751805305480957,6.062870025634766,36.01771405590219,0
36,36,-0.5058310180920338,0.005750894546508789,6.068620920181274,36.01417124472175,0
36,36,-0.40466481447362707,0.005424022674560547,6.074044942855835,36.011336995777405,0
36,36,-0.32373185157890166,0.006011962890625,6.08005690574646,36.00906959662193,0
36,36,-0.2589854812631213,0.007992982864379883,6.08804988861084,36.00725567729754,0
36,36,-0.20718838501049708,0.01035308837890625,6.098402976989746,36.00580454183804,0
36,36,-0.16575070800839767,0.006464958190917969,6.104867935180664,36.00464363347044,0
