Lys=meas,Avstand=calc,Fart_IIR=calc,Ts=calc,Tid=meas,Avstand_IIR=calc,Fart=calc
Lys0=47
46,46,0,0.005,0,46,0
47,47,1.618818201700781,0.01853203773498535,0.01853203773498535,46.03,53.96060672335937
47,47,1.570253655649757,0.002302885055541992,0.02083492279052734,46.05909999999999,0
47,47,1.523146045980265,0.01018309593200684,0.03101801872253418,46.08732699999998,0
47,47,1.477451664600857,0.00403904914855957,0.03505706787109375,46.11470718999998,0
47,47,1.433128114662831,0.008389949798583984,0.04344701766967773,46.14126597429997,0
47,47,1.390134271222946,0.005497932434082031,0.04894495010375977,46.16702799507097,0
47,47,1.348430243086258,0.006031036376953125,0.05497598648071289,46.19201715521884,0
47,47,1.30797733579367,0.01153802871704102,0.06651401519775391,46.21625664056227,0
47,47,1.26873801571986,0.004489898681640625,0.07100391387939453,46.23976894134539,0
47,47,1.230675875248264,0.009669065475463867,0.0806729793548584,46.26257587310502,0
47,47,1.193755598990816,0.001992940902709961,0.08266592025756836,46.28469859691187,0
47,47,1.157942931021092,0.006822109222412109,0.08948802947998047,46.3061576390045,0
47,47,1.123204643090459,0.008249044418334961,0.09773707389831543,46.32697290983436,0
47,47,1.089508503797745,0.005501985549926758,0.1032390594482422,46.34716372253933,0
47,47,1.056823248683813,0.007153987884521484,0.1103930473327637,46.36674881086314,0
47,47,1.025118551223298,0.006022930145263672,0.1164159774780273,46.38574634653724,0
47,47,0.9943649946865992,0.006216049194335938,0.1226320266723633,46.40417395614112,0
47,47,0.9645340448460013,0.008113861083984375,0.1307458877563477,46.42204873745689,0
47,47,0.9355980235006212,0.007990121841430664,0.1387360095977783,46.43938727533317,0
47,47,0.9075300827956026,0.005939960479736328,0.1446759700775146,46.45620565707318,0
47,47,0.8803041803117345,0.005888938903808594,0.1505649089813232,46.47251948736097,0
47,47,0.8538950549023825,0.005506038665771484,0.1560709476470947,46.48834390274014,0
47,47,0.828278203255311,0.006815910339355469,0.1628868579864502,46.50369358565793,0
47,47,0.8034298571576516,0.006601095199584961,0.1694879531860352,46.51858277808819,0
47,47,0.779326961442922,0.004954099655151367,0.1744420528411865,46.53302529474554,0
47,47,0.7559471525996343,0.006330013275146484,0.180772066116333,46.54703453590318,0
47,47,0.7332687380216453,0.005768775939941406,0.1865408420562744,46.56062349982608,0
47,47,0.7112706758809959,0.00526118278503418,0.1918020248413086,46.57380479483129,0
47,47,0.689932555604566,0.006779909133911133,0.1985819339752197,46.58659065098634,0
47,47,0.669234578936429,0.005530118942260742,0.2041120529174805,46.59899293145674,0
47,47,0.6491575415683362,0.006286859512329102,0.2103989124298096,46.61102314351304,0
47,47,0.629682815321286,0.007261037826538086,0.2176599502563477,46.62269244920764,0
47,47,0.6107923308616474,0.007055997848510742,0.2247159481048584,46.63401167573141,0
47,47,0.592468560935798,0.007738113403320313,0.2324540615081787,46.64499132545946,0
47,47,0.574694504107724,0.007532835006713867,0.2399868965148926,46.65564158569567,0
47,47,0.5574536689844924,0.007884979248046875,0.2478718757629395,46.6659723381248,0
47,47,0.5407300589149575,0.003113985061645508,0.250985860824585,46.67599316798105,0
47,47,0.5245081571475088,0.007757186889648438,0.2587430477142334,46.68571337294162,0
47,47,0.5087729124330835,0.005090951919555664,0.2638339996337891,46.69514197175336,0
47,47,0.493509725060091,0.006216049194335938,0.270050048828125,46.70428771260076,0
47,47,0.4787044333082883,0.005172014236450195,0.2752220630645752,46.71315908122273,0
47,47,0.4643433003090395,0.005970001220703125,0.2811920642852783,46.72176430878604,0
47,47,0.4504130012997684,0.008281946182250977,0.2894740104675293,46.73011137952246,0
47,47,0.4369006112607753,0.006078958511352539,0.2955529689788818,46.73820803813678,0
47,47,0.423793592922952,0.00651097297668457,0.3020639419555664,46.74606179699267,0
47,47,0.4110797851352635,0.006978034973144531,0.3090419769287109,46.75367994308289,0
47,47,0.3987473915812056,0.006759881973266602,0.3158018589019775,46.7610695447904,0
47,47,0.3867849698337694,0.007110118865966797,0.3229119777679443,46.76823745844668,0
47,47,0.3751814207387563,0.006727933883666992,0.3296399116516113,46.77519033469327,0
47,47,0.3639259781165936,0.005548954010009766,0.3351888656616211,46.78193462465247,0
47,47,0.3530081987730958,0.005736112594604492,0.3409249782562256,46.78847658591289,0
47,47,0.3424179528099029,0.0057830810546875,0.3467080593109131,46.7948222883355,0
47,47,0.3321454142256059,0.006192922592163086,0.3529009819030762,46.80097761968542,0
47,47,0.3221810517988377,0.007164955139160156,0.3600659370422363,46.80694829109487,0
47,47,0.3125156202448725,0.00773310661315918,0.3677990436553955,46.81273984236202,0
47,47,0.3031401516375263,0.003209829330444336,0.3710088729858398,46.81835764709115,0
47,47,0.2940459470884005,0.005622148513793945,0.3766310214996338,46.82380691767841,0
47,47,0.2852245686757485,0.005966901779174805,0.3825979232788086,46.82909271014806,0
47,47,0.276667831615476,0.006031036376953125,0.3886289596557617,46.83421992884361,0
47,47,0.2683677966670118,0.006238937377929688,0.3948678970336914,46.8391933309783,0
46,46,-4.120462403754602,0.00684809684753418,0.4017159938812256,46.81401753104895,-146.0259722173868
46,46,-3.996848531641964,0.009100914001464844,0.4108169078826904,46.78959700511748,0
47,47,-0.2432039050793287,0.008255958557128906,0.4190728664398193,46.79590909496395,121.1246390204459
46,46,-5.284622629639422,0.005942106246948242,0.4250149726867676,46.77203182211503,-168.2904947237491
46,46,-5.126083950750239,0.00580906867980957,0.4308240413665771,46.74887086745158,0
46,46,-4.972301432227732,0.008240938186645508,0.4390649795532227,46.72640474142804,0
46,46,-4.823132389260899,0.00745701789855957,0.4465219974517822,46.7046125991852,0
45,45,-11.88844987758766,0.004160881042480469,0.4506828784942627,46.65347422120965,-240.3337153334861
45,45,-11.53179638126003,0.005903005599975586,0.4565858840942383,46.60386999457335,0
45,45,-11.18584248982222,0.009042024612426758,0.465627908706665,46.55575389473615,0
45,45,-10.85026721512756,0.005469083786010742,0.4710969924926758,46.50908127789406,0
44,44,-13.96318302706559,0.00872492790222168,0.4798219203948975,46.43380883955724,-114.6141276130619
44,44,-13.54428753625362,0.003081083297729492,0.482903003692627,46.36079457437051,0
44,44,-13.13795891016601,0.00585484504699707,0.488757848739624,46.2899707371394,0
43,43,-15.21333361606182,0.01214814186096191,0.5009059906005859,46.19127161502521,-82.31711577335977
42,42,-18.99189321985784,0.007083892822265625,0.5079898834228516,46.06553346657446,-141.1653204092623
42,42,-18.4221364232621,0.006725072860717773,0.5147149562835693,45.94356746257723,0
43,43,-13.44991839849301,0.006788015365600586,0.5215029716491699,45.8552604386999,147.3184644023743
43,43,-13.04642084653822,0.007417917251586914,0.5289208889007568,45.7696026255389,0
43,43,-12.65502822114207,0.006714105606079102,0.5356349945068359,45.68651454677274,0
42,42,-16.36591799412355,0.007333993911743164,0.5429689884185791,45.57591911036955,-136.3513539871916
41,41,-19.84794793748636,0.007550954818725586,0.5505199432373047,45.43864153705846,-132.4335827728837
41,41,-19.25250949936176,0.008980035781860352,0.559499979019165,45.3054822909467,0
40,40,-22.9964343689298,0.006942033767700195,0.5664420127868652,45.1463178222183,-144.0500051516296
40,40,-22.3065413378619,0.006490945816040039,0.5729329586029053,44.99192828755175,0
39,39,-25.87401580479676,0.007081031799316406,0.5800139904022217,44.8121704389252,-141.2223569023569
38,38,-28.94201872060764,0.007803916931152344,0.587817907333374,44.60780532575745,-128.1407796651595
38,38,-28.07375815898941,0.005056142807006836,0.5928740501403809,44.40957116598472,0
37,37,-31.51188422430239,0.007008790969848633,0.5998828411102295,44.18728403100518,-142.6779603360887
37,37,-30.56652769757331,0.004175186157226563,0.6040580272674561,43.97166551007502,0
37,37,-29.64953186664612,0.005837917327880859,0.6098959445953369,43.76251554477277,0
37,37,-28.76004591064673,0.005690097808837891,0.6155860424041748,43.55964007842958,0
37,37,-27.89724453332733,0.005963802337646484,0.6215498447418213,43.3628508760767,0
37,37,-27.06032719732751,0.007234096527099609,0.6287839412689209,43.17196534979439,0
36,36,-30.19016196368378,0.00761103630065918,0.6363949775695801,42.95680638930055,-131.3881527425367
37,37,-25.04593115065194,0.007077932357788086,0.6434729099273682,42.77810219762154,141.2841984707111
37,37,-24.29455321613238,0.00666499137878418,0.6501379013061523,42.60475913169289,0
37,37,-23.5657166196484,0.004873991012573242,0.6550118923187256,42.4366163577421,0
36,36,-27.91435683707808,0.005934000015258789,0.6609458923339844,42.24351786700983,-168.5203905339709
36,36,-27.07692613196573,0.006793975830078125,0.6677398681640625,42.05621233099953,0
37,37,-21.41589883816128,0.006187200546264648,0.6739270687103271,41.90452596106954,161.6239836615159
37,37,-20.77342187301644,0.007623910903930664,0.6815509796142578,41.75739018223745,0
36,36,-24.21525507648868,0.007380008697509766,0.6889309883117676,41.58466847677032,-135.5011953220908
36,36,-23.48879742419401,0.006571054458618164,0.6955020427703857,41.41712842246721,0
36,36,-22.78413350146819,0.006572961807250977,0.7020750045776367,41.2546145697932,0
36,36,-22.10060949642414,0.006962060928344727,0.7090370655059814,41.09697613269939,0
36,36,-21.43759121153142,0.004776954650878906,0.7138140201568604,40.94406684871841,0
36,36,-20.79446347518548,0.005856990814208984,0.7196710109710693,40.79574484325685,0
36,36,-20.17062957092991,0.005658864974975586,0.7253298759460449,40.65187249795915,0
36,36,-19.56551068380201,0.005702972412109375,0.7310328483581543,40.51231632302037,0
36,36,-18.97854536328795,0.007449150085449219,0.7384819984436035,40.37694683332976,0
36,36,-18.40918900238932,0.005961894989013672,0.7444438934326172,40.24563842832986,0
36,36,-17.85691333231764,0.006865978240966797,0.751309871673584,40.11826927547996,0
36,36,-17.32120593234811,0.004189014434814453,0.7554988861083984,39.99472119721556,0
35,35,-21.64879499417889,0.006189107894897461,0.7616879940032959,39.84487956129909,-161.5741746600408
36,36,-17.18158424669279,0.007858037948608398,0.7695460319519043,39.72953317446012,127.2582299220243
36,36,-16.66613671929201,0.005592823028564453,0.7751388549804688,39.61764717922631,0
36,36,-16.16615261771325,0.005791187286376953,0.7809300422668457,39.50911776384952,0
36,36,-15.68116803918185,0.006808996200561523,0.7877390384674072,39.40384423093403,0
36,36,-15.2107329980064,0.005478858947753906,0.7932178974151611,39.301728904006,0
36,36,-14.7544110080662,0.007797002792358398,0.8010149002075195,39.20267703688582,0
36,36,-14.31177867782422,0.007467985153198242,0.8084828853607178,39.10659672577925,0
36,36,-13.88242531748949,0.007007122039794922,0.8154900074005127,39.01339882400587,0
36,36,-13.4659525579648,0.007941007614135742,0.8234310150146484,38.92299685928569,0
36,36,-13.06197398122586,0.007318973541259766,0.8307499885559082,38.83530695350712,0
36,36,-12.67011476178908,0.007988929748535156,0.8387389183044434,38.7502477449019,0
36,36,-12.29001131893541,0.005367040634155273,0.8441059589385986,38.66774031255484,0
36,36,-11.92131097936735,0.007060050964355469,0.8511660099029541,38.5877081031782,0
36,36,-11.56367164998633,0.007606983184814453,0.8587729930877686,38.51007686008285,0
36,36,-11.21676150048674,0.01027488708496094,0.8690478801727295,38.43477455428036,0
36,36,-10.88025865547213,0.005947113037109375,0.8749949932098389,38.36173131765195,0
36,36,-10.55385089580797,0.005686044692993164,0.880681037902832,38.29087937812238,0
36,36,-10.23723536893373,0.006058931350708008,0.88673996925354,38.22215299677871,0
36,36,-9.930118307865717,0.006118059158325195,0.8928580284118652,38.15548840687535,0
36,36,-9.632214758629745,0.00754094123840332,0.9003989696502686,38.09082375466909,0
36,36,-9.343248315870852,0.007346868515014648,0.9077458381652832,38.02809904202901,0
36,36,-9.062950866394726,0.003691196441650391,0.9114370346069336,37.96725607076814,0
36,36,-8.791062340402883,0.006588935852050781,0.9180259704589844,37.90823838864509,0
36,36,-8.527330470190796,0.004719972610473633,0.922745943069458,37.85099123698574,0
36,36,-8.271510556085072,0.006951093673706055,0.9296970367431641,37.79546149987616,0
37,37,-4.569936762072406,0.008687019348144531,0.9383840560913086,37.77159765487988,115.1142825776704
36,36,-9.840192333468936,0.005548000335693359,0.943932056427002,37.71844972523348,-180.24512247529
37,37,-5.712588671100479,0.007827997207641602,0.9517600536346436,37.69689623347647,127.7465964121463
37,37,-5.541211010967464,0.008221864700317383,0.9599819183349609,37.67598934647218,0
37,37,-5.37497468063844,0.006746053695678711,0.9667279720306396,37.65570966607801,0
37,37,-5.213725440219286,0.006152868270874023,0.9728808403015137,37.63603837609567,0
37,37,-5.057313677012707,0.006978034973144531,0.9798588752746582,37.6169572248128,0
37,37,-4.905594266702326,0.004593133926391602,0.9844520092010498,37.59844850806842,0
37,37,-4.758426438701256,0.006479024887084961,0.9909310340881348,37.58049505282637,0
36,36,-8.823301801367002,0.007129907608032227,0.998060941696167,37.53308020124157,-140.2542718608928
37,37,-2.46724775870228,0.004925012588500977,1.002985954284668,37.51708779520432,203.0451662874571
37,37,-2.393230325941212,0.006378889083862305,1.00936484336853,37.50157516134819,0
37,37,-2.321433416162975,0.005855083465576172,1.015219926834106,37.48652790650774,0
37,37,-2.251790413678086,0.005424976348876953,1.020644903182983,37.47193206931251,0
37,37,-2.184236701267744,0.007166147232055664,1.027811050415039,37.45777410723313,0
37,37,-2.118709600229711,0.005900859832763672,1.033711910247803,37.44404088401614,0
37,37,-2.05514831222282,0.005633115768432617,1.039345026016235,37.43071965749565,0
37,37,-1.993493862856135,0.00550389289855957,1.044848918914795,37.41779806777078,0
37,37,-1.933689046970451,0.005752086639404297,1.050601005554199,37.40526412573766,0
37,37,-1.875678375561338,0.007400035858154297,1.058001041412354,37.39310620196553,0
37,37,-1.819408024294498,0.005637884140014648,1.063638925552368,37.38131301590657,0
38,38,2.475414149037539,0.007075071334838867,1.070713996887207,37.39987362542937,141.3413310867734
38,38,2.401151724566413,0.004287004470825195,1.075001001358032,37.41787741666649,0
38,38,2.32911717282942,0.005701065063476563,1.080702066421509,37.43534109416649,0
39,39,6.455086133218915,0.007149934768676758,1.087852001190186,37.4822808613415,139.8614158524792
39,39,6.261433549222347,0.007117986679077148,1.094969987869263,37.52781243550125,0
40,40,10.79424783030899,0.006355047225952148,1.101325035095215,37.60197806243621,157.355242918777
40,40,10.47042039539972,0.007452011108398438,1.108777046203613,37.67391872056312,0
41,41,14.86442422445668,0.006371974945068359,1.115149021148682,37.77370115894623,156.9372146972985
43,43,22.36977870151445,0.007545948028564453,1.122694969177246,37.93049012417784,265.042906793049
43,43,21.69868534046901,0.006789922714233398,1.129484891891479,38.0825754204525,0
43,43,21.04772478025495,0.00660395622253418,1.136088848114014,38.23009815783893,0
43,43,20.4162930368473,0.006963014602661133,1.143051862716675,38.37319521310376,0
43,43,19.80380424574188,0.008594036102294922,1.15164589881897,38.51199935671064,0
43,43,19.20969011836962,0.008973121643066406,1.160619020462036,38.64663937600932,0
44,44,22.44155630604788,0.007877826690673828,1.16849684715271,38.80724019472904,126.9385630409781
44,44,21.76830961686644,0.00646519660949707,1.174962043762207,38.96302298888717,0
44,44,21.11526032836045,0.005637884140014648,1.180599927902222,39.11413229922055,0
45,45,25.59078461278873,0.005872011184692383,1.186471939086914,39.29070833024394,170.2994031426367
45,45,24.82306107440507,0.005121946334838867,1.191593885421753,39.46198708033662,0
45,45,24.07836924217292,0.008519172668457031,1.20011305809021,39.62812746792652,0
45,45,23.35601816490773,0.00957179069519043,1.2096848487854,39.78928364388873,0
45,45,22.65533761996049,0.001649141311645508,1.211333990097046,39.94560513457206,0
46,46,26.00040625287652,0.00745391845703125,1.218787908554077,40.12723698053491,134.157625383828
46,46,25.22039406529022,0.006608963012695313,1.225396871566772,40.30341987111886,0
47,47,29.66655751726164,0.005766153335571289,1.231163024902344,40.50431727498529,173.4258424643374
47,47,28.77656079174379,0.007443904876708984,1.238606929779053,40.69918775673572,0
47,47,27.91326396799148,0.005465030670166016,1.244071960449219,40.88821212403364,0
47,47,27.07586604895173,0.006911993026733398,1.250983953475952,41.07156576031263,0
47,47,26.26359006748318,0.00761103630065918,1.258594989776611,41.24941878750325,0
47,47,25.47568236545868,0.004128932952880859,1.262723922729492,41.42193622387814,0
47,47,24.71141189449492,0.008470058441162109,1.271193981170654,41.58927813716179,0
47,47,23.97006953766007,0.008204936981201172,1.279398918151855,41.75159979304694,0
47,47,23.25096745153027,0.003531932830810547,1.282930850982666,41.90905179925553,0
47,47,22.55343842798436,0.005662202835083008,1.288593053817749,42.06178024527786,0
47,47,21.87683527514483,0.005981922149658203,1.294574975967407,42.20992683791951,0
47,47,21.22053021689048,0.005162954330444336,1.299737930297852,42.35362903278193,0
47,47,20.58391431038376,0.006258010864257813,1.305995941162109,42.49302016179846,0
47,47,19.96639688107225,0.007843971252441406,1.313839912414551,42.62822955694451,0
47,47,19.36740497464008,0.005800008773803711,1.319639921188354,42.75938267023617,0
47,47,18.78638282540088,0.006927013397216797,1.326566934585571,42.88660119012908,0
47,47,18.22279134063885,0.006268978118896484,1.332835912704468,43.0100031544252,0
47,47,17.67610760041969,0.007280111312866211,1.340116024017334,43.12970305979245,0
47,47,17.14582437240709,0.006415843963623047,1.346531867980957,43.24581196799866,0
47,47,16.63144964123488,0.004413127899169922,1.350944995880127,43.3584376089587,0
47,47,16.13250615199783,0.005755901336669922,1.356700897216797,43.46768448068993,0
47,47,15.6485309674379,0.005777120590209961,1.362478017807007,43.57365394626924,0
47,47,15.17907503841476,0.006050825119018555,1.368528842926025,43.67644432788115,0
46,46,10.39596005295449,0.00693202018737793,1.375460863113403,43.74615099804472,-144.2580911435942
47,47,14.31178410390088,0.007096052169799805,1.382556915283203,43.84376646810337,140.9234284178342
46,46,9.495236270962025,0.006838083267211914,1.389394998550415,43.90845347406027,-146.2398103273945
46,46,9.210379182833163,0.006685972213745117,1.39608097076416,43.97119986983847,0
45,45,4.444980400997829,0.006682872772216797,1.402763843536377,44.00206387374332,-149.6362468783446
45,45,4.311630988967894,0.007240056991577148,1.410003900527954,44.03200195753101,0
44,44,0.7316946628199457,0.008694171905517578,1.418698072433472,44.03104189880508,-115.0195798826304
44,44,0.7097438229353473,0.006473779678344727,1.425171852111816,44.03011064184093,0
43,43,-3.692327658274317,0.00684809684753418,1.432019948959351,43.9992073225857,-146.0259722173868
43,43,-3.581557828526087,0.007998943328857422,1.440018892288208,43.96923110290813,0
43,43,-3.474111093670304,0.009062051773071289,1.449080944061279,43.94015416982088,0
43,43,-3.369887760860195,0.00677800178527832,1.455858945846558,43.91194954472625,0
43,43,-3.268791128034389,0.007204055786132813,1.46306300163269,43.88459105838446,0
43,43,-3.170727394193357,0.007032871246337891,1.470095872879028,43.85805332663292,0
43,43,-3.075605572367556,0.004683017730712891,1.474778890609741,43.83231172683393,0
42,42,-7.609407993431823,0.0064849853515625,1.481263875961304,43.77734237502891,-154.2023529411765
41,41,-11.90328640052914,0.006633996963500977,1.487897872924805,43.69402210377804,-150.738688230009
40,40,-17.34556652446478,0.005172967910766602,1.493070840835571,43.58320144066471,-193.3126238650505
40,40,-16.82519952873083,0.005861043930053711,1.498931884765625,43.47570539744477,0
40,40,-16.32044354286891,0.006919145584106445,1.505851030349731,43.37143423552142,0
39,39,-19.05630817870173,0.009300947189331055,1.515151977539063,43.24029120845578,-107.515931403963
38,38,-23.55040741113769,0.005922079086303711,1.521074056625366,43.08308247220211,-168.8596159265671
38,38,-22.84389518880356,0.006018877029418945,1.527092933654785,42.93058999803605,0
37,37,-27.27358321118823,0.005865097045898438,1.532958030700684,42.75267229809496,-170.500162601626
37,37,-26.45537571485258,0.007583856582641602,1.540541887283325,42.58009212915211,0
37,37,-25.661714443407,0.007318973541259766,1.547860860824585,42.41268936527755,0
37,37,-24.89186301010479,0.006976127624511719,1.554836988449097,42.25030868431921,0
37,37,-24.14510711980165,0.006531000137329102,1.561367988586426,42.09279942378964,0
37,37,-23.4207539062076,0.009739875793457031,1.571107864379883,41.94001544107595,0
36,36,-26.71702279095997,0.007502079010009766,1.578609943389893,41.76181497784366,-133.2963833979534
36,36,-25.91551210723117,0.003299951553344727,1.581909894943237,41.58896052850835,0
37,37,-20.14482769639518,0.006008148193359375,1.587918043136597,41.4512917126531,166.4406349206349
37,37,-19.54048286550332,0.005024909973144531,1.592942953109741,41.3177529612735,0
37,37,-18.95426837953822,0.007756948471069336,1.600699901580811,41.1882203724353,0
36,36,-22.20141907633257,0.007862091064453125,1.608561992645264,41.03257376126224,-127.1926249393498
37,37,-17.2348494867146,0.006975889205932617,1.615537881851196,40.91159654842436,143.3509005776
36,36,-20.59424023131833,0.007739067077636719,1.623276948928833,40.76424865197163,-129.2145409735058
37,37,-16.13957448191804,0.007818937301635742,1.631095886230469,40.65132119241247,127.8946180820247
36,36,-19.63090524057288,0.007546186447143555,1.638642072677612,40.5117815566401,-132.5172664370794
36,36,-19.04197808335569,0.005754947662353516,1.644397020339966,40.37642810994089,0
36,36,-18.47071874085502,0.006850004196166992,1.651247024536133,40.24513526664267,0
36,36,-17.91659717862937,0.007606983184814453,1.658854007720947,40.11778120864338,0
36,36,-17.37909926327049,0.009677886962890625,1.668531894683838,39.99424777238408,0
36,36,-16.85772628537238,0.004186153411865234,1.672718048095703,39.87442033921256,0
36,36,-16.35199449681121,0.008195877075195313,1.680913925170898,39.75818772903617,0
36,36,-15.86143466190687,0.007664918899536133,1.688578844070435,39.64544209716509,0
36,36,-15.38559162204966,0.004093170166015625,1.69267201423645,39.53607883425013,0
36,36,-14.92402387338817,0.006271839141845703,1.698943853378296,39.42999646922263,0
36,36,-14.47630315718652,0.005849123001098633,1.704792976379395,39.32709657514595,0
36,36,-14.04201406247093,0.006705999374389648,1.711498975753784,39.22728367789157,0
36,36,-13.6207536405968,0.008167028427124023,1.719666004180908,39.13046516755482,0
36,36,-13.2121310313789,0.008394956588745117,1.728060960769653,39.03655121252817,0
37,37,-8.616423888583302,0.007143974304199219,1.735204935073853,38.97545467615232,139.9781070618075
37,37,-8.357931171925802,0.006858110427856445,1.742063045501709,38.91619103586775,0
37,37,-8.107193236768028,0.006933927536010742,1.74899697303772,38.85870530479171,0
37,37,-7.863977439664987,0.004781007766723633,1.753777980804443,38.80294414564796,0
37,37,-7.628058116475038,0.005919933319091797,1.759697914123535,38.74885582127852,0
37,37,-7.399216372980787,0.005460977554321289,1.765158891677856,38.69639014664017,0
37,37,-7.177239881791363,0.005594968795776367,1.770753860473633,38.64549844224096,0
37,37,-6.961922685337622,0.005837202072143555,1.776591062545776,38.59613348897373,0
37,37,-6.753065004777492,0.006886959075927734,1.783478021621704,38.54824948430451,0
37,37,-6.550473054634168,0.007094860076904297,1.790572881698608,38.50180199977538,0
36,36,-10.04082692241675,0.008136987686157227,1.798709869384766,38.42674793978211,-122.8956019807202
37,37,-4.123734936309898,0.005342006683349609,1.804051876068115,38.38394550158865,187.1955726144783
37,37,-4.000022888220601,0.006654024124145508,1.810705900192261,38.34242713654099,0
37,37,-3.880022201573982,0.004385948181152344,1.815091848373413,38.30215432244476,0
37,37,-3.763621535526763,0.005904197692871094,1.820996046066284,38.26308969277142,0
37,37,-3.65071288946096,0.006613969802856445,1.827610015869141,38.22519700198827,0
37,37,-3.541191502777131,0.005111932754516602,1.832721948623657,38.18844109192863,0
37,37,-3.434955757693817,0.007131099700927734,1.839853048324585,38.15278785917076,0
37,37,-3.331907084963002,0.006716012954711914,1.846569061279297,38.11820422339565,0
37,37,-3.231949872414112,0.006272792816162109,1.852841854095459,38.08465809669377,0
37,37,-3.134991376241688,0.00812220573425293,1.860964059829712,38.05211835379296,0
37,37,-3.040941634954438,0.006883859634399414,1.867847919464111,38.02055480317917,0
37,37,-2.949713385905804,0.007385015487670898,1.875232934951782,37.98993815908379,0
37,37,-2.86122198432863,0.006688117980957031,1.881921052932739,37.96024001431128,0
37,37,-2.775385324798771,0.007856845855712891,1.889777898788452,37.93143281388193,0
37,37,-2.692123765054808,0.004667997360229492,1.894445896148682,37.90348982946547,0
37,37,-2.611360052103163,0.00551295280456543,1.899958848953247,37.87638513458151,0
37,37,-2.533019250540069,0.005486011505126953,1.905444860458374,37.85009358054406,0
37,37,-2.457028673023867,0.008409023284912109,1.913853883743286,37.82459077312773,0
37,37,-2.38331781283315,0.006695985794067383,1.920549869537354,37.7998530499339,0
37,37,-2.311818278448156,0.00802302360534668,1.9285728931427,37.77585745843588,0
37,37,-2.242463730094711,0.003169059753417969,1.931741952896118,37.7525817346828,0
37,37,-2.17518981819187,0.006326913833618164,1.938068866729736,37.73000428264231,0
37,37,-2.109934123646114,0.005643129348754883,1.943711996078491,37.70810415416304,0
37,37,-2.04663609993673,0.005406856536865234,1.949118852615356,37.68686102953815,0
37,37,-1.985237016938628,0.006442070007324219,1.955560922622681,37.666255198652,0
37,37,-1.925679906430469,0.005650043487548828,1.961210966110229,37.64626754269244,0
37,37,-1.867909509237555,0.007503986358642578,1.968714952468872,37.62687951641166,0
37,37,-1.811872223960428,0.006894111633300781,1.975609064102173,37.60807313091931,0
37,37,-1.757516057241616,0.006430864334106445,1.982039928436279,37.58983093699173,0
38,38,1.885813236825821,0.008355140686035156,1.990395069122314,37.60213600888197,119.6867937450063
38,38,1.829238839721046,0.006026983261108398,1.996422052383423,37.61407192861551,0
38,38,1.774361674529415,0.00621485710144043,2.002636909484863,37.62564977075705,0
39,39,6.062011908917674,0.006911039352416992,2.00954794883728,37.66688027763434,144.6960361541381
39,39,5.880151551650144,0.004441022872924805,2.013988971710205,37.70687386930531,0
39,39,5.70374700510064,0.005135059356689453,2.019124031066895,37.74566765322615,0
39,39,5.532634594947621,0.006011009216308594,2.025135040283203,37.78329762362937,0
40,40,10.30752491744788,0.006071805953979492,2.031206846237183,37.84979869492049,164.6956453449562
40,40,9.998299169924442,0.00875401496887207,2.039960861206055,37.91430473407287,0
40,40,9.698350194826709,0.006690025329589844,2.046650886535645,37.97687559205069,0
40,40,9.407399688981908,0.00621795654296875,2.052868843078613,38.03756932428918,0
41,41,13.49257626136129,0.006869077682495117,2.059737920761108,38.12644224456049,145.5799521016278
42,42,17.88768911275371,0.006250143051147461,2.065988063812256,38.24264897722367,159.9963379744421
43,43,20.40175717379384,0.009833812713623047,2.075821876525879,38.38536950790696,101.6899578140911
43,43,19.78970445858002,0.006879091262817383,2.082700967788696,38.52380842266975,0
43,43,19.19601332482262,0.006345033645629883,2.089046001434326,38.65809416998966,0
43,43,18.62013292507794,0.006803989410400391,2.095849990844727,38.78835134488996,0
43,43,18.0615289373256,0.004862070083618164,2.100712060928345,38.91470080454326,0
43,43,17.51968306920583,0.005832910537719727,2.106544971466064,39.03725978040696,0
43,43,16.99409257712966,0.007894992828369141,2.114439964294434,39.15614198699475,0
43,43,16.48426979981577,0.00610804557800293,2.120548009872437,39.27145772738491,0
44,44,20.86381669807416,0.006155014038085938,2.126703023910522,39.41331399556336,162.4691664084289
44,44,20.23790219713193,0.007272958755493164,2.133975982666016,39.55091457569646,0
44,44,19.63076513121798,0.005063056945800781,2.139039039611816,39.68438713842556,0
44,44,19.04184217728144,0.005975961685180664,2.145015001296997,39.81385552427279,0
45,45,21.95413166432311,0.008611917495727539,2.153626918792725,39.96943985854461,116.1181584120041
45,45,21.29550771439342,0.007851123809814453,2.161478042602539,40.12035666278827,0
46,46,23.86043930027543,0.009363889694213867,2.170841932296753,40.29674596290462,106.7932272437938
46,46,23.14462612126716,0.008681058883666992,2.17952299118042,40.46784358401749,0
46,46,22.45028733762914,0.005379915237426758,2.184902906417847,40.63380827649697,0
46,46,21.77677871750027,0.006751060485839844,2.191653966903687,40.79479402820206,0
47,47,25.16721736195271,0.00741887092590332,2.19907283782959,40.98095020735599,134.791400199248
47,47,24.41220084109412,0.006869077682495117,2.205941915512085,41.16152170113531,0
47,47,23.67983481586129,0.004915952682495117,2.21085786819458,41.33667605010125,0
47,47,22.96943977138546,0.005832195281982422,2.216690063476563,41.5065757685982,0
47,47,22.28035657824389,0.005953788757324219,2.222643852233887,41.67137849554026,0
47,47,21.61194588089658,0.006065130233764648,2.228708982467651,41.83123714067404,0
47,47,20.96358750446968,0.006356000900268555,2.23506498336792,41.98630002645382,0
48,48,24.39591087697946,0.007386922836303711,2.242451906204224,42.1667110256602,135.374366588129
48,48,23.66403355067007,0.007205963134765625,2.249657869338989,42.34170969489039,0
48,48,22.95411254414997,0.004770994186401367,2.254428863525391,42.51145840404368,0
48,48,22.26548916782547,0.005590200424194336,2.260019063949585,42.67611465192236,0
48,48,21.59752449279071,0.005432844161987305,2.265451908111572,42.83583121236469,0
48,48,20.94959875800698,0.005321025848388672,2.270772933959961,42.99075627599374,0
48,48,20.32111079526678,0.007738113403320313,2.278511047363281,43.14103358771393,0
48,48,19.71147747140877,0.006413936614990234,2.284924983978271,43.28680258008251,0
48,48,19.12013314726651,0.006330013275146484,2.291254997253418,43.42819850268003,0
48,48,18.54652915284851,0.007355928421020508,2.298610925674438,43.56535254759963,0
48,48,17.99013327826306,0.004179954528808594,2.302790880203247,43.69839197117164,0
48,48,17.45042927991517,0.005724191665649414,2.308515071868896,43.82744021203648,0
48,48,16.92691640151771,0.005576848983764648,2.314091920852661,43.95261700567539,0
48,48,16.41910890947218,0.005686044692993164,2.319777965545654,44.07403849550512,0
48,48,15.92653564218801,0.006907939910888672,2.326685905456543,44.19181734063996,0
48,48,15.44873957292237,0.006312131881713867,2.332998037338257,44.30606282042077,0
48,48,14.9852773857347,0.007707834243774414,2.340705871582031,44.41688093580814,0
48,48,14.53571906416266,0.007112026214599609,2.347817897796631,44.52437450773389,0
48,48,14.09964749223778,0.006139039993286133,2.353956937789917,44.62864327250187,0
48,48,13.67665806747065,0.0068359375,2.360792875289917,44.72978397432681,0
48,48,13.26635832544653,0.004352092742919922,2.365144968032837,44.827890455097,0
48,48,12.86836757568313,0.005621910095214844,2.370766878128052,44.92305374144409,0
48,48,12.48231654841264,0.005956172943115234,2.376723051071167,45.01536212920076,0
48,48,12.10784705196026,0.007128000259399414,2.383851051330566,45.10490126532473,0
48,48,11.74461164040145,0.00688481330871582,2.390735864639282,45.19175422736499,0
48,48,11.39227329118941,0.007805109024047852,2.39854097366333,45.27600160054404,0
48,48,11.05050509245372,0.005585908889770508,2.404126882553101,45.35772155252771,0
48,48,10.71898993968011,0.006821155548095703,2.410948038101196,45.43698990595187,0
48,48,10.39742024148971,0.004163026809692383,2.415111064910889,45.51388020877331,0
48,48,10.08549763424502,0.005785942077636719,2.420897006988525,45.58846380251011,0
48,48,9.782932705217664,0.006198883056640625,2.427095890045166,45.6608098884348,0
48,48,9.489444724061133,0.005499124526977539,2.432595014572144,45.73098559178176,0
48,48,9.204761382339299,0.008291006088256836,2.4408860206604,45.7990560240283,0
48,48,8.92861854086912,0.00757288932800293,2.448458909988403,45.86508434330745,0
48,48,8.660759984643047,0.007063150405883789,2.455522060394287,45.92913181300822,0
48,48,8.400937185103755,0.006606817245483398,2.462128877639771,45.99125785861797,0
48,48,8.148909069550642,0.007279157638549805,2.46940803527832,46.05152012285943,0
48,48,7.904441797464123,0.006414890289306641,2.475822925567627,46.10997451917364,0
48,48,7.667308543540199,0.00487208366394043,2.480695009231567,46.16667528359844,0
47,47,4.497837328442206,0.01020598411560059,2.490900993347168,46.19167502509048,-97.98173195972623
47,47,4.36290220858894,0.008893013000488281,2.499794006347656,46.21592477433776,0
47,47,4.232015142331272,0.005984067916870117,2.505778074264526,46.23944703110762,0
47,47,4.105054688061333,0.006213903427124023,2.51199197769165,46.26226362017439,0
47,47,3.981903047419493,0.007020950317382813,2.519012928009033,46.28439571156916,0
46,46,0.4185638638711184,0.008711099624633789,2.527724027633667,46.27586384022208,-114.7960697375263
46,46,0.4060069479549849,0.005137920379638672,2.532861948013306,46.26758792501542,0
45,45,-2.932873768097878,0.0090179443359375,2.541879892349243,46.22956028726496,-110.8900169204738
45,45,-2.844887555054941,0.006906986236572266,2.548786878585815,46.19267347864701,0
45,45,-2.759540928403293,0.006654024124145508,2.555440902709961,46.1568932742876,0
44,44,-7.464408608168575,0.006266117095947266,2.561707019805908,46.09218647605897,-159.588463587246
44,44,-7.240476349923517,0.007671833038330078,2.569378852844238,46.0294208817772,0
44,44,-7.023262059425811,0.006486177444458008,2.575865030288696,45.96853825532389,0
43,43,-11.18254127620107,0.006865024566650391,2.582730054855347,45.87948210766417,-145.6659026186011
43,43,-10.84706503791504,0.004962921142578125,2.587692975997925,45.79309764443424,0
43,43,-10.52165308677758,0.006053924560546875,2.593746900558472,45.70930471510121,0
43,43,-10.20600349417426,0.005733013153076172,2.599479913711548,45.62802557364818,0
43,43,-9.899823389349027,0.009361982345581055,2.608841896057129,45.54918480643873,0
43,43,-9.602828687668556,0.007254123687744141,2.616096019744873,45.47270926224556,0
44,44,-4.697839152495312,0.006497859954833984,2.622593879699707,45.4285279843782,153.8968224847729
43,43,-8.556812427281505,0.007500171661376953,2.630094051361084,45.35567214484685,-133.3302816453684
43,43,-8.30010805446306,0.004548788070678711,2.634642839431763,45.28500198050144,0
42,42,-13.09294157205504,0.005950212478637695,2.6405930519104,45.18645192108639,-168.061225307529
41,41,-16.27931819006576,0.008381843566894531,2.648974895477295,45.06085836345379,-119.3054955057458
41,41,-15.79093864436379,0.003800153732299805,2.652775049209595,44.93903261255017,0
40,40,-19.21949362970646,0.007687807083129883,2.660462856292725,44.79086163417366,-130.0761048224531
40,40,-18.64290882081527,0.007162094116210938,2.667624950408936,44.64713578514846,0
40,40,-18.08362155619081,0.005014896392822266,2.672639846801758,44.507721711594,0
39,39,-22.32258121775862,0.006274223327636719,2.678914070129395,44.34249006024618,-159.3822769417845
39,39,-21.65290378122586,0.005812883377075195,2.68472695350647,44.18221535843879,0
39,39,-21.00331666778908,0.005265951156616211,2.689992904663086,44.02674889768564,0
38,38,-24.88370646768014,0.006651163101196289,2.696644067764282,43.84594643075507,-150.3496433308241
38,38,-24.13719527364973,0.0067138671875,2.703357934951782,43.67056803783242,0
37,37,-27.5187019682985,0.007307052612304688,2.710664987564087,43.47045099669744,-136.8540850952754
37,37,-26.69314090924955,0.007396936416625977,2.718061923980713,43.27633746679651,0
37,37,-25.89234668197206,0.006677150726318359,2.724739074707031,43.08804734279262,0
37,37,-25.11557628151289,0.00691986083984375,2.731658935546875,42.90540592250884,0
37,37,-24.36210899306751,0.00778508186340332,2.739444017410278,42.72824374483357,0
37,37,-23.63124572327548,0.008362054824829102,2.747806072235107,42.55639643248856,0
36,36,-26.80233055324234,0.007731914520263672,2.755537986755371,42.3597045395139,-129.3340733888375
37,37,-21.12494072959627,0.006155967712402344,2.761693954467773,42.19891340332849,162.4439969016266
37,37,-20.49119250770838,0.007236003875732422,2.768929958343506,42.04294600122863,0
37,37,-19.87645673247713,0.004026889801025391,2.772956848144531,41.89165762119177,0
37,37,-19.28016303050281,0.005805015563964844,2.778761863708496,41.74490789255602,0
37,37,-18.70175813958773,0.005835056304931641,2.784596920013428,41.60256065577934,0
37,37,-18.1407053954001,0.008356094360351563,2.792953014373779,41.46448383610596,0
36,36,-20.90664444188787,0.009063005447387695,2.802016019821167,41.30054932102277,-110.3386736116592
37,37,-17.02737439633928,0.009224891662597656,2.811240911483765,41.17153284139209,108.4023570763982
37,37,-16.5165531644491,0.006865978240966797,2.818106889724731,41.04638685615032,0
36,36,-20.32761827805146,0.006966114044189453,2.825073003768921,40.89499525046581,-143.5520569511945
36,36,-19.71778972970992,0.006342887878417969,2.831415891647339,40.74814539295184,0
36,36,-19.12625603781862,0.00800013542175293,2.839416027069092,40.60570103116328,0
36,36,-18.55246835668406,0.003118038177490234,2.842534065246582,40.46753000022838,0
36,36,-17.99589430598354,0.005492925643920898,2.848026990890503,40.33350410022153,0
37,37,-13.67191065616167,0.007927894592285156,2.855954885482788,40.23349897721488,126.1368940214122
36,36,-16.32798917242974,0.00978398323059082,2.865738868713379,40.10649400789843,-102.2078611984307
36,36,-15.83814949725685,0.01225399971008301,2.877992868423462,39.98329918766148,0
36,36,-15.36300501233914,0.005753993988037109,2.883746862411499,39.86380021203163,0
36,36,-14.90211486196897,0.005922079086303711,2.889668941497803,39.74788620567068,0
36,36,-14.4550514161099,0.007483959197998047,2.897152900695801,39.63544961950055,0
36,36,-14.0213998736266,0.00793004035949707,2.905082941055298,39.52638613091553,0
36,36,-13.6007578774178,0.007018089294433594,2.912101030349731,39.42059454698806,0
37,37,-9.975175113478729,0.009323835372924805,2.921424865722656,39.34797671057842,107.2520009205513
37,37,-9.675919860074366,0.009592056274414063,2.93101692199707,39.27753740926106,0
36,36,-12.70865288065623,0.009027957916259766,2.94004487991333,39.17921128698323,-110.7670205461364
37,37,-8.884265096124619,0.008713006973266602,2.948757886886597,39.11383494837373,114.7709399370639
36,36,-13.06541025483114,0.006745100021362305,2.955502986907959,39.02041989992252,-148.2557703863419
37,37,-7.808794734474537,0.006166934967041016,2.961669921875,38.95980730292484,162.1551070903889
37,37,-7.574530892440301,0.008233070373535156,2.969902992248535,38.90101308383709,0
37,37,-7.347294965667091,0.006685972213745117,2.97658896446228,38.84398269132198,0
37,37,-7.126876116697078,0.006846904754638672,2.983435869216919,38.78866321058231,0
37,37,-6.913069833196166,0.007200002670288086,2.990635871887207,38.73500331426484,0
37,37,-6.70567773820028,0.007726192474365234,2.998362064361572,38.6829532148369,0
37,37,-6.504507406054271,0.007322788238525391,3.005684852600098,38.6324646183918,0
37,37,-6.309372183872643,0.007179021835327148,3.012863874435425,38.58349067984004,0
37,37,-6.120091018356463,0.006879091262817383,3.019742965698242,38.53598595944484,0
37,37,-5.936488287805769,0.006114006042480469,3.025856971740723,38.48990638066149,0
37,37,-5.758393639171596,0.007786989212036133,3.033643960952759,38.44520918924164,0
37,37,-5.585641829996448,0.006882905960083008,3.040526866912842,38.4018529135644,0
37,37,-5.418072575096555,0.008869171142578125,3.04939603805542,38.35979732615746,0
37,37,-5.255530397843658,0.009698867797851563,3.059094905853271,38.31900340637274,0
36,36,-8.320203598305593,0.009310007095336914,3.068404912948608,38.24943330418155,-107.4113037465748
37,37,-5.247101024520006,0.01062512397766113,3.07903003692627,38.2119503050561,94.11654886121395
37,37,-5.089687993784406,0.006057977676391602,3.085088014602661,38.17559179590442,0
37,37,-4.936997353970873,0.007369041442871094,3.092457056045532,38.14032404202728,0
37,37,-4.788887433351746,0.005465984344482422,3.097923040390015,38.10611432076646,0
37,37,-4.645220810351194,0.005705833435058594,3.103628873825073,38.07293089114347,0
37,37,-4.505864186040658,0.006924152374267578,3.110553026199341,38.04074296440916,0
38,38,-0.8025861762399572,0.008407831192016602,3.118960857391357,38.03952067547689,118.9367361406494
38,38,-0.7785085909527584,0.006067991256713867,3.125028848648071,38.03833505521258,0
38,38,-0.7551533332241755,0.006786108016967773,3.131814956665039,38.0371850035562,0
39,39,2.232791364335824,0.0101170539855957,3.141932010650635,38.06606945344951,98.84300325210916
39,39,2.16580762340575,0.007843017578125,3.14977502822876,38.09408736984603,0
40,40,5.435645225510319,0.008996009826660156,3.15877103805542,38.15126474875065,111.1603943602247
40,40,5.272575868745009,0.008366823196411133,3.167137861251831,38.20672680628813,0
41,41,9.472267956123817,0.006884098052978516,3.17402195930481,38.29052500209949,145.2623121147053
42,42,13.36347554791528,0.007184982299804688,3.181206941604614,38.4018092520365,139.179187682506
43,43,16.40174694496485,0.008723020553588867,3.189929962158203,38.5397549744754,114.639188782901
43,43,15.90969453661591,0.005878925323486328,3.195808887481689,38.67356232524114,0
43,43,15.43240370051743,0.007075071334838867,3.202883958816528,38.80335545548391,0
43,43,14.96943158950191,0.006616115570068359,3.209500074386597,38.92925479181939,0
43,43,14.52034864181685,0.004963874816894531,3.214463949203491,39.05137714806481,0
43,43,14.08473818256234,0.005615949630737305,3.220079898834229,39.16983583362286,0
43,43,13.66219603708547,0.005653142929077148,3.225733041763306,39.28474075861417,0
43,43,13.25233015597291,0.006052970886230469,3.231786012649536,39.39619853585575,0
44,44,15.84670242363536,0.01002693176269531,3.241812944412231,39.53431257978007,99.73140574472133
44,44,15.3713013509263,0.006913900375366211,3.248726844787598,39.66828320238667,0
45,45,19.12356707868139,0.007120132446289063,3.255846977233887,39.82823470631507,140.4468256094294
45,45,18.54986006632095,0.007047891616821289,3.262894868850708,39.98338766512561,0
45,45,17.99336426433132,0.00551605224609375,3.268410921096802,40.13388603517185,0
46,46,20.09137978015636,0.01137304306030273,3.279783964157104,40.30986945411668,87.92721479183262
47,47,23.21492125810916,0.008050918579101563,3.287834882736206,40.51057337049318,124.2094290452499
47,47,22.51847362036588,0.00501704216003418,3.29285192489624,40.70525616937839,0
47,47,21.84291941175491,0.006896018981933594,3.299747943878174,40.89409848429702,0
47,47,21.18763182940226,0.004359960556030273,3.304107904434204,41.07727552976811,0
47,47,20.55200287452019,0.006597042083740234,3.310704946517944,41.25495726387507,0
48,48,23.83156367012754,0.007699966430664063,3.318404912948608,41.45730854595882,129.8706960614318
48,48,23.11661676002371,0.005633115768432617,3.324038028717041,41.65358928958004,0
48,48,22.423118257223,0.006846904754638672,3.33088493347168,41.84398161089264,0
48,48,21.75042470950631,0.008825063705444336,3.339709997177124,42.02866216256585,0
48,48,21.09791196822112,0.002832889556884766,3.342542886734009,42.20780229768887,0
48,48,20.46497460917449,0.005941152572631836,3.348484039306641,42.38156822875821,0
48,48,19.85102537089925,0.006134033203125,3.354618072509766,42.55012118189546,0
48,48,19.25549460977227,0.006344795227050781,3.360962867736816,42.71361754643859,0
48,48,18.6778297714791,0.007636070251464844,3.368598937988281,42.87220902004544,0
48,48,18.11749487833473,0.006849050521850586,3.375447988510132,43.02604274944406,0
48,48,17.57397003198469,0.007040023803710938,3.382488012313843,43.17526146696074,0
48,48,17.04675093102515,0.007413864135742188,3.389901876449585,43.32000362295192,0
48,48,16.53534840309439,0.006136178970336914,3.396038055419922,43.46040351426335,0
48,48,16.03928795100156,0.006611824035644531,3.402649879455566,43.59659140883545,0
48,48,15.55810931247152,0.007960081100463867,3.41060996055603,43.72869366657039,0
48,48,15.09136603309737,0.007179021835327148,3.417788982391357,43.85683285657327,0
48,48,14.63862505210445,0.006139039993286133,3.423928022384644,43.98112787087607,0
48,48,14.19946630054131,0.0072479248046875,3.431175947189331,44.10169403474978,0
48,48,13.77348231152507,0.008624076843261719,3.439800024032593,44.21864321370728,0
48,48,13.36027784217932,0.003871917724609375,3.443671941757202,44.33208391729607,0
48,48,12.95946950691394,0.005230903625488281,3.44890284538269,44.44212139977718,0
48,48,12.57068542170652,0.006179094314575195,3.455081939697266,44.54885775778386,0
48,48,12.19356485905533,0.006725072860717773,3.461807012557983,44.65239202505034,0
48,48,11.82775791328367,0.007055997848510742,3.468863010406494,44.75282026429882,0
48,48,11.47292517588516,0.006351947784423828,3.475214958190918,44.85023565636985,0
48,48,11.1287374206086,0.006548881530761719,3.48176383972168,44.94472858667875,0
48,48,10.79487529799034,0.007310152053833008,3.489073991775513,45.03638672907839,0
48,48,10.47102903905063,0.006700038909912109,3.495774030685425,45.12529512720604,0
48,48,10.15689816787911,0.004922866821289063,3.500696897506714,45.21153627338985,0
48,48,9.852191222842739,0.005855083465576172,3.50655198097229,45.29519018518815,0
48,48,9.556625486157456,0.005212068557739258,3.511764049530029,45.3763344796325,0
48,48,9.269926721572732,0.008193016052246094,3.519957065582275,45.45504444524352,0
47,47,4.545413145516561,0.006747007369995117,3.526704072952271,45.50139311188621,-148.2138591469663
47,47,4.409050751151065,0.0048828125,3.531586885452271,45.54635131852962,0
47,47,4.276779228616532,0.007433176040649414,3.53902006149292,45.58996077897373,0
47,47,4.148475851758036,0.006052970886230469,3.54507303237915,45.63226195560452,0
47,47,4.024021576205294,0.006522893905639648,3.55159592628479,45.67329409693637,0
47,47,3.903300928919136,0.008980989456176758,3.560576915740967,45.71309527402827,0
46,46,0.0907798746198436,0.008118152618408203,3.568695068359375,45.72170241580743,-123.1807342143906
46,46,0.08805647838124829,0.006855964660644531,3.57555103302002,45.73005134333321,0
45,45,-4.010718553643941,0.007323980331420898,3.58287501335144,45.70814980303322,-136.5377779224584
45,45,-3.890396997034623,0.007735013961791992,3.590610027313232,45.68690530894222,0
45,45,-3.773685087123584,0.008004903793334961,3.598614931106567,45.66629814967396,0
44,44,-8.451956960921665,0.006261110305786133,3.604876041412354,45.61630920518374,-159.716080880393
44,44,-8.198398252094014,0.005760908126831055,3.610636949539185,45.56781992902823,0
44,44,-7.952446304531193,0.005384922027587891,3.616021871566772,45.52078533115738,0
44,44,-7.713872915395258,0.007004976272583008,3.623026847839355,45.47516177122265,0
43,43,-11.34094374151777,0.007775068283081055,3.630801916122437,45.40090691808597,-128.6162337861458
43,43,-11.00071542927224,0.007889032363891602,3.638690948486328,45.32887971054339,0
43,43,-10.67069396639407,0.006091117858886719,3.644782066345215,45.25901331922709,0
43,43,-10.35057314740225,0.006386995315551758,3.651169061660767,45.19124291965027,0
43,43,-10.04005595298018,0.00755000114440918,3.658719062805176,45.12550563206076,0
44,44,-6.436339379768587,0.009083986282348633,3.667803049087524,45.09174046309893,110.0838298207396
43,43,-8.91444012946711,0.0112309455871582,3.679033994674683,45.02898824920597,-89.0396977030527
41,41,-15.43280857580151,0.008841991424560547,3.687875986099243,44.90811860172978,-226.1933883406137
41,41,-14.96982431852746,0.002815961837768555,3.690691947937012,44.79087504367789,0
41,41,-14.52072958897164,0.005865097045898438,3.69655704498291,44.67714879236754,0
40,40,-19.14926514485704,0.005923986434936523,3.702481031417847,44.53683432859652,-168.8052481184851
40,40,-18.57478719051133,0.006098031997680664,3.708579063415527,44.40072929873863,0
40,40,-18.01754357479599,0.005814790725708008,3.714393854141235,44.26870741977647,0
40,40,-17.47701726755211,0.006164073944091797,3.720557928085327,44.14064619718317,0
39,39,-20.98336598458225,0.007442951202392578,3.72800087928772,43.98642681126768,-134.3553078352233
39,39,-20.35386500504477,0.006782054901123047,3.734782934188843,43.83683400692965,0
39,39,-19.74324905489343,0.006415128707885742,3.741198062896729,43.69172898672177,0
38,38,-25.46418824974605,0.004751920700073242,3.745949983596802,43.52097711712012,-210.4412222166474
38,38,-24.70026260225367,0.005656957626342773,3.751606941223145,43.35534780360651,0
38,38,-23.95925472418606,0.006904125213623047,3.758511066436768,43.19468736949831,0
38,38,-23.24047708246048,0.006635904312133789,3.765146970748901,43.03884674841337,0
38,38,-22.54326276998666,0.006145000457763672,3.771291971206665,42.88768134596096,0
37,37,-26.39661390233038,0.006623029708862305,3.777915000915527,42.71105090558214,-150.9883005147773
37,37,-25.60471548526047,0.006685018539428711,3.784600019454956,42.53971937841467,0
37,37,-24.83657402070266,0.006610870361328125,3.791210889816284,42.37352779706223,0
37,37,-24.09147680008157,0.00516510009765625,3.79637598991394,42.21232196315035,0
38,38,-17.56587693437464,0.005169868469238281,3.801545858383179,42.08595230425584,193.4285187234827
38,38,-17.0389006263434,0.007023096084594727,3.808568954467773,41.96337373512817,0
38,38,-16.5277336075531,0.007967948913574219,3.816536903381348,41.84447252307432,0
37,37,-19.85011188608117,0.007857084274291992,3.82439398765564,41.69913834738209,-127.2736762251555
38,38,-14.94302958213032,0.0069580078125,3.83135199546814,41.58816419696063,143.719298245614
37,37,-17.56538928766753,0.009769916534423828,3.841121912002563,41.45051927105181,-102.3550197667041
37,37,-17.0384276090375,0.007913112640380859,3.849035024642944,41.31700369292025,0
37,37,-16.52727478076638,0.007025003433227539,3.856060028076172,41.18749358213264,0
37,37,-16.03145653734338,0.007000923156738281,3.86306095123291,41.06186877466866,0
37,37,-15.55051284122308,0.008402109146118164,3.871463060379028,40.94001271142861,0
37,37,-15.08399745598639,0.009069919586181641,3.88053297996521,40.82181233008574,0
37,37,-14.6314775323068,0.005987882614135742,3.886520862579346,40.70715796018317,0
37,37,-14.19253320633759,0.006361007690429688,3.892881870269775,40.59594322137768,0
37,37,-13.76675721014746,0.006540060043334961,3.89942193031311,40.48806492473634,0
37,37,-13.35375449384304,0.00447392463684082,3.903895854949951,40.38342297699425,0
37,37,-12.95314185902775,0.006541013717651367,3.910436868667603,40.28192028768442,0
37,37,-12.56454760325692,0.006685972213745117,3.917122840881348,40.18346267905389,0
37,37,-12.18761117515921,0.005439043045043945,3.922561883926392,40.08795879868226,0
37,37,-11.82198283990443,0.006101131439208984,3.928663015365601,39.99532003472179,0
37,37,-11.4673233547073,0.006139039993286133,3.934802055358887,39.90546043368014,0
37,37,-11.12330365406608,0.005280017852783203,3.94008207321167,39.81829662066973,0
37,37,-10.7896045444441,0.006338834762573242,3.946420907974243,39.73374772204965,0
37,37,-10.46591640811077,0.006070137023925781,3.952491044998169,39.65173529038815,0
37,37,-10.15193891586745,0.006599903106689453,3.959090948104858,39.5721832316765,0
37,37,-9.847380748391426,0.00363612174987793,3.962727069854736,39.49501773472621,0
37,37,-9.551959325939684,0.006059885025024414,3.968786954879761,39.42016720268443,0
36,36,-12.8629851756217,0.00833892822265625,3.977125883102417,39.31756218660389,-119.9194876486734
37,37,-7.348121585379741,0.005849123001098633,3.982975006103516,39.24803532100577,170.9658011657767
36,36,-10.78848091698744,0.008194923400878906,3.991169929504395,39.15059426137559,-122.026765972303
37,37,-6.85692650094702,0.008315086364746094,3.999485015869141,39.08607643353432,120.2633329510265
36,36,-15.10690851171123,0.003547906875610352,4.003032922744751,38.99349414052828,-281.8563268597541
36,36,-14.6537012563599,0.006673097610473633,4.009706020355225,38.90368931631243,0
36,36,-14.2140902186691,0.005763053894042969,4.015469074249268,38.81657863682305,0
36,36,-13.78766751210903,0.005822896957397461,4.021291971206665,38.73208127771836,0
37,37,-8.730039701176459,0.006459951400756836,4.027751922607422,38.68011883938681,154.7999261856431
37,37,-8.468138510141165,0.005110979080200195,4.032862901687622,38.62971527420521,0
37,37,-8.214094354836929,0.007152080535888672,4.040014982223511,38.58082381597905,0
37,37,-7.967671524191821,0.004576921463012695,4.044591903686523,38.53339910149967,0
37,37,-7.728641378466066,0.005434989929199219,4.050026893615723,38.48739712845468,0
36,36,-12.10928653593906,0.006504058837890625,4.056530952453613,38.41277521460103,-153.750146627566
36,36,-11.74600793986089,0.007549047470092773,4.064079999923706,38.34039195816301,0
37,37,-7.276721537550418,0.007287025451660156,4.071367025375366,38.30018019941812,137.2302054704882
36,36,-11.54414660348408,0.00668787956237793,4.078054904937744,38.23117479343557,-149.5242237353392
37,37,-3.443994253691118,0.003869056701660156,4.081923961639404,38.1942395496325,258.460931722948
37,37,-3.340674426080384,0.006885051727294922,4.088809013366699,38.15841236314352,0
37,37,-3.240454193297972,0.005970954895019531,4.094779968261719,38.12365999224921,0
37,37,-3.143240567499033,0.00583195686340332,4.100611925125122,38.08995019248173,0
37,37,-3.048943350474062,0.006562948226928711,4.107174873352051,38.05725168670728,0
37,37,-2.95747504995984,0.005766153335571289,4.112941026687622,38.02553413610605,0
38,38,1.300261195442606,0.007195949554443359,4.120136976242065,38.02476811202287,138.967066463455
39,39,4.720282966198895,0.008672952651977539,4.128809928894043,38.05402506866219,115.3009868873189
39,39,4.578674477212928,0.002152919769287109,4.13096284866333,38.08240431660233,0
39,39,4.44131424289654,0.007639169692993164,4.138602018356323,38.10993218710425,0
39,39,4.308074815609644,0.006611824035644531,4.145213842391968,38.13663422149112,0
40,40,7.848068858430306,0.008176088333129883,4.153389930725098,38.1925351948464,122.307876242965
40,40,7.612626792677396,0.007383108139038086,4.160773038864136,38.246759139001,0
41,41,10.99919627664702,0.008298873901367188,4.169071912765503,38.32935636483096,120.4982762583314
41,41,10.66922038834761,0.005380153656005859,4.174452066421509,38.40947567388603,0
42,42,15.28594227010584,0.006076812744140625,4.180528879165649,38.51719140366944,164.5599497802888
43,43,18.9991404094027,0.007191181182861328,4.187720060348511,38.65167566155936,139.0592135800013
43,43,18.42916619712062,0.005790948867797852,4.193511009216309,38.78212539171258,0
43,43,17.876291211207,0.008115053176879883,4.201626062393188,38.9086616299612,0
43,43,17.3400024748708,0.007078886032104492,4.208704948425293,39.03140178106236,0
43,43,16.81980240062467,0.003818988800048828,4.212523937225342,39.15045972763048,0
43,43,16.31520832860593,0.005994081497192383,4.218518018722534,39.26594593580157,0
43,43,15.82575207874775,0.005918979644775391,4.22443699836731,39.37796755772752,0
43,43,15.35097951638532,0.008517980575561523,4.232954978942871,39.48662853099569,0
44,44,18.69319787183485,0.007889032363891602,4.240844011306763,39.62202967506582,126.75825803137
45,45,21.97803518751355,0.007801055908203125,4.248645067214966,39.78336878481385,128.1877750611247
45,45,21.31869413188814,0.006848812103271484,4.255493879318237,39.93986772126943,0
45,45,20.6791333079315,0.007012128829956055,4.262506008148193,40.09167168963135,0
46,46,23.80033290369801,0.008018016815185547,4.270524024963379,40.26892153894241,124.719119833482
46,46,23.08632291658707,0.005890846252441406,4.27641487121582,40.44085389277414,0
46,46,22.39373322908946,0.00623011589050293,4.282644987106323,40.60762827599091,0
46,46,21.72192123221677,0.006736040115356445,4.28938102722168,40.76939942771118,0
47,47,29.540182819806,0.003541946411132813,4.292922973632813,40.95631744487984,282.3306408185245
46,46,24.04350100515173,0.006506919860839844,4.299429893493652,41.10762792153345,-153.6825443353364
47,47,28.56791740743975,0.00571894645690918,4.305148839950562,41.28439908388745,174.8573810814191
47,47,27.71087988521655,0.005896091461181641,4.311044931411743,41.45586711137081,0
47,47,26.87955348866006,0.006942033767700195,4.317986965179443,41.62219109802969,0
47,47,26.07316688400025,0.005791902542114258,4.323778867721558,41.78352536508879,0
47,47,25.29097187748024,0.007040977478027344,4.330819845199585,41.94001960413613,0
47,47,24.53224272115584,0.007807016372680664,4.338626861572266,42.09181901601204,0
47,47,23.79627543952116,0.008028030395507813,4.346654891967773,42.23906444553168,0
48,48,27.91249427395174,0.006211042404174805,4.352865934371948,42.41189251216572,161.0035699205405
47,47,23.49259175732388,0.00837397575378418,4.361239910125732,42.54953573680075,-119.4175896136435
48,48,30.66394820590612,0.003808975219726563,4.365048885345459,42.71304966469672,262.5378067100651
48,48,29.74402975972893,0.005720138549804688,4.370769023895264,42.87165817475581,0
48,48,28.85170886693706,0.005816936492919922,4.376585960388184,43.02550842951314,0
48,48,27.98615760092895,0.006376981735229492,4.382962942123413,43.17474317662774,0
48,48,27.14657287290108,0.005707025527954102,4.388669967651367,43.31950088132891,0
49,49,32.01936755112083,0.00527501106262207,4.393944978713989,43.48991585488903,189.5730621468926
49,49,31.05878652458721,0.006179094314575195,4.400124073028564,43.65521837924237,0
49,49,30.12702292884959,0.008976936340332031,4.409101009368896,43.81556182786509,0
49,49,29.2232122409841,0.009264945983886719,4.418365955352783,43.97109497302913,0
49,49,28.34651587375458,0.003684043884277344,4.422049999237061,44.12196212383826,0
49,49,27.49612039754194,0.005923032760620117,4.427973031997681,44.26830326012311,0
49,49,26.67123678561568,0.005729913711547852,4.433702945709229,44.41025416231942,0
49,49,25.87109968204721,0.006863117218017578,4.440566062927246,44.54794653744983,0
49,49,25.09496669158579,0.007490873336791992,4.448056936264038,44.68150814132634,0
49,49,24.34211769083822,0.003875017166137695,4.451931953430176,44.81106289708655,0
49,49,23.61185416011307,0.006679058074951172,4.458611011505127,44.93673101017395,0
49,49,22.90349853530968,0.006006002426147461,4.464617013931274,45.05862907986873,0
49,49,22.21639357925039,0.0073089599609375,4.471925973892212,45.17687020747267,0
49,49,21.54990177187288,0.009909868240356445,4.481835842132568,45.29156410124847,0
48,48,17.52126516383012,0.008870124816894531,4.490705966949463,45.37281717821101,-112.7379851628857
48,48,16.99562720891522,0.002100944519042969,4.492806911468506,45.45163266286468,0
48,48,16.48575839264776,0.005946159362792969,4.498753070831299,45.52808368297874,0
48,48,15.99118564086833,0.005855798721313477,4.504608869552612,45.60224117248938,0
48,48,15.51145007164228,0.006066083908081055,4.510674953460693,45.67417393731469,0
48,48,15.04610656949301,0.007716894149780273,4.518391847610474,45.74394871919524,0
48,48,14.59472337240822,0.006060123443603516,4.524451971054077,45.81163025761938,0
48,48,14.15688167123597,0.006695985794067383,4.531147956848145,45.8772813498908,0
47,47,10.26198437719376,0.008645057678222656,4.539793014526367,45.91096290939407,-115.673028130171
48,48,20.27052396041431,0.002907991409301758,4.542701005935669,45.97363402211225,343.8799704845454
48,48,19.66240824160188,0.01368403434753418,4.556385040283203,46.03442500144888,0
47,47,13.70966168160609,0.005594015121459961,4.561979055404663,46.0633922514054,-178.762477091591
47,47,13.29837183115791,0.0070037841796875,4.568982839584351,46.09149048386324,0
47,47,12.89942067622317,0.004839181900024414,4.573822021484375,46.11874576934734,0
47,47,12.51243805593647,0.005195856094360352,4.579017877578735,46.14518339626691,0
47,47,12.13706491425838,0.006381034851074219,4.58539891242981,46.1708278943789,0
47,47,11.77295296683063,0.005509138107299805,4.590908050537109,46.19570305754753,0
47,47,11.41976437782571,0.007030010223388672,4.597938060760498,46.2198319658211,0
47,47,11.07717144649094,0.005776882171630859,4.603714942932129,46.24323700684646,0
47,47,10.74485630309621,0.006693124771118164,4.610408067703247,46.26593989664106,0
47,47,10.42251061400332,0.007521867752075195,4.617929935455322,46.28796169974183,0
47,47,10.10983529558322,0.005981922149658203,4.62391185760498,46.30932284874956,0
47,47,9.806540236715726,0.006774187088012695,4.630686044692993,46.33004316328707,0
47,47,9.512344029614255,0.008977890014648438,4.639663934707642,46.35014186838845,0
46,46,4.900421427324322,0.006933927536010742,4.646597862243652,46.33963761233679,-144.2184093800502
46,46,4.753408784504592,0.008016109466552734,4.654613971710205,46.3294484839667,0
45,45,0.03270501105495605,0.006552934646606445,4.661166906356812,46.2895650294477,-152.6033836638166
45,45,0.03172386072330736,0.007817983627319336,4.668984889984131,46.25087807856427,0
45,45,0.03077214490160815,0.003679990768432617,4.672664880752563,46.21335173620734,0
45,45,0.0298489805545599,0.005901098251342773,4.678565979003906,46.17695118412112,0
44,44,-5.401972294896002,0.005523920059204102,4.68408989906311,46.11164264859748,-181.0308602011308
44,44,-5.239913126049122,0.005666017532348633,4.689755916595459,46.04829336913956,0
44,44,-5.082715732267648,0.006622076034545898,4.696377992630005,45.98684456806537,0
43,43,-8.650017865112341,0.008064985275268555,4.704442977905273,45.89723923102341,-123.9927868270908
42,42,-12.65071234541033,0.00704193115234375,4.711484909057617,45.7803220540927,-142.0065005417118
43,43,-8.679254690043305,0.008352041244506836,4.719836950302124,45.69691239246992,119.731209500157
43,43,-8.418877049342004,0.002655029296875,4.722491979598999,45.61600502069582,0
43,43,-8.166310737861744,0.006026983261108398,4.728518962860107,45.53752487007494,0
43,43,-7.921321415725892,0.006081104278564453,4.734600067138672,45.46139912397269,0
44,44,-2.651724642965385,0.005961894989013672,4.740561962127686,45.41755715025351,167.7319043429577
43,43,-6.660985537718146,0.007337093353271484,4.747899055480957,45.3450304357459,-136.2937544680574
42,42,-10.570264455683,0.007300853729248047,4.755199909210205,45.24467952267352,-136.9702828032134
41,41,-15.63230836879774,0.00557708740234375,4.760776996612549,45.11733913699331,-179.3050615595075
40,40,-19.06404963915485,0.007690906524658203,4.768467903137207,44.96381896288351,-130.0236840473681
40,40,-18.49212814998021,0.006940126419067383,4.775408029556274,44.81490439399701,0
40,40,-17.9373643054808,0.006592035293579102,4.782000064849854,44.6704572621771,0
39,39,-20.96138582903973,0.008421897888183594,4.790421962738037,44.50034354431178,-118.7380817574454
39,39,-20.33254425416855,0.008044958114624023,4.798466920852661,44.33533323798243,0
38,38,-25.06926292101957,0.005610942840576172,4.804077863693237,44.14527324084296,-178.2231664825359
38,38,-24.31718503338898,0.007345199584960938,4.811423063278198,43.96091504361768,0
37,37,-27.56017524402898,0.007551908493041992,4.81897497177124,43.75208759230914,-132.4168587213891
37,37,-26.73336998670811,0.006645917892456055,4.825620889663696,43.54952496453987,0
37,37,-25.93136888710687,0.005787134170532227,4.831408023834229,43.35303921560367,0
37,37,-25.15342782049366,0.01034283638000488,4.841750860214233,43.16244803913556,0
37,37,-24.39882498587885,0.008607149124145508,4.850358009338379,42.97757459796149,0
37,37,-23.66686023630248,0.008256912231445313,4.858614921569824,42.79824736002264,0
37,37,-22.95685442921341,0.003859996795654297,4.862474918365479,42.62429993922196,0
37,37,-22.26814879633701,0.006622076034545898,4.869096994400024,42.4555709410453,0
37,37,-21.60010433244689,0.005781888961791992,4.874878883361816,42.29190381281394,0
37,37,-20.95210120247349,0.007021188735961914,4.881900072097778,42.13314669842952,0
37,37,-20.32353816639928,0.007763862609863281,4.889663934707642,41.97915229747664,0
37,37,-19.7138320214073,0.008039951324462891,4.897703886032104,41.82977772855233,0
37,37,-19.12241706076508,0.005961179733276367,4.903665065765381,41.68488439669576,0
37,37,-18.54874454894213,0.004992961883544922,4.908658027648926,41.54433786479489,0
37,37,-17.99228221247387,0.005420923233032227,4.914078950881958,41.40800772885103,0
37,37,-17.45251374609965,0.006370067596435547,4.920449018478394,41.27576749698551,0
37,37,-16.92893833371666,0.008496999740600586,4.928946018218994,41.14749447207593,0
37,37,-16.42107018370516,0.009572982788085938,4.93851900100708,41.02306963791366,0
36,36,-22.60868441499587,0.004490852355957031,4.943009853363037,40.87237754877624,-222.6748778933956
36,36,-21.930423882546,0.00758814811706543,4.950598001480103,40.72620622231296,0
36,36,-21.27251116606962,0.007472038269042969,4.958070039749146,40.58442003564356,0
36,36,-20.63433583108753,0.006517887115478516,4.964587926864624,40.44688743457425,0
36,36,-20.0153057561549,0.006269931793212891,4.970857858657837,40.31348081153702,0
36,36,-19.41484658347025,0.004381179809570313,4.975239038467407,40.18407638719091,0
36,36,-18.83240118596614,0.005734920501708984,4.980973958969116,40.05855409557518,0
36,36,-18.26742915038716,0.005606889724731445,4.986580848693848,39.93679747270792,0
36,36,-17.71940627587554,0.005248069763183594,4.991828918457031,39.81869354852668,0
36,36,-17.18782408759927,0.00707697868347168,4.998905897140503,39.70413274207087,0
36,36,-16.67218936497129,0.00705409049987793,5.005959987640381,39.59300875980874,0
36,36,-16.17202368402215,0.004500865936279297,5.01046085357666,39.48521849701447,0
36,36,-15.68686297350149,0.005391120910644531,5.015851974487305,39.38066194210403,0
36,36,-15.21625708429645,0.005843877792358398,5.021695852279663,39.27924208384091,0
36,36,-14.75976937176755,0.006098031997680664,5.027793884277344,39.18086482132569,0
36,36,-14.31697629061452,0.005829095840454102,5.033622980117798,39.08543887668591,0
36,36,-13.88746700189609,0.00681304931640625,5.040436029434204,38.99287571038533,0
36,36,-13.4708429918392,0.007634878158569336,5.048070907592773,38.90308943907378,0
36,36,-13.06671770208403,0.006675958633422852,5.054746866226196,38.81599675590156,0
36,36,-12.67471617102151,0.006481170654296875,5.061228036880493,38.73151685322451,0
36,36,-12.29447468589086,0.007736921310424805,5.068964958190918,38.64957134762778,0
36,36,-11.92564044531414,0.006113052368164063,5.075078010559082,38.57008420719894,0
36,36,-11.56787123195471,0.006537914276123047,5.081615924835205,38.49298168098297,0
36,36,-11.22083509499607,0.007276058197021484,5.088891983032227,38.41819223055348,0
36,36,-10.88421004214619,0.006721973419189453,5.095613956451416,38.34564646363687,0
36,36,-10.5576837408818,0.004928112030029297,5.100542068481445,38.27527706972776,0
36,36,-10.24095322865535,0.007314920425415039,5.10785698890686,38.20701875763593,0
36,36,-9.933724631795688,0.005531072616577148,5.113388061523438,38.14080819490684,0
36,36,-9.635712892841816,0.006635904312133789,5.120023965835571,38.07658394905964,0
37,37,-4.858354721679889,0.006684064865112305,5.126708030700684,38.04428643058784,149.6095594792224
36,36,-9.599361624011784,0.006139039993286133,5.13284707069397,37.9829578376702,-162.891918132743
36,36,-9.311380775291431,0.007170915603637695,5.140017986297607,37.92346910254009,0
36,36,-9.032039352032688,0.006380081176757813,5.146398067474365,37.86576502946389,0
36,36,-8.761078171471707,0.006986856460571289,5.153384923934937,37.80979207857997,0
36,36,-8.498245826327556,0.009230136871337891,5.162615060806274,37.75549831622257,0
37,37,-4.781032815789442,0.008664846420288086,5.171279907226563,37.73283336673588,115.4088545249429
37,37,-4.637601831315759,0.004259109497070313,5.175539016723633,37.7108483657338,0
37,37,-4.498473776376286,0.00603795051574707,5.18157696723938,37.68952291476179,0
37,37,-4.363519563084997,0.006058931350708008,5.187635898590088,37.66883722731893,0
37,37,-4.232613976192447,0.005445957183837891,5.193081855773926,37.64877211049937,0
37,37,-4.105635556906673,0.007615089416503906,5.20069694519043,37.62930894718439,0
36,36,-8.021276312057921,0.00742793083190918,5.208124876022339,37.58042967876885,-134.6269940619483
36,36,-7.780638022696183,0.007695198059082031,5.215820074081421,37.53301678840578,0
37,37,-0.1866385953817788,0.004075765609741211,5.219895839691162,37.51702628475361,245.3526762211173
37,37,-0.1810394375203255,0.006117105484008789,5.226012945175171,37.501515496211,0
37,37,-0.1756082543947157,0.004755020141601563,5.230767965316772,37.48647003132467,0
37,37,-0.1703400067628742,0.007193088531494141,5.237961053848267,37.47187593038493,0
37,37,-0.165229806559988,0.005284786224365234,5.243245840072632,37.45771965247338,0
38,38,4.243658209014384,0.006812095642089844,5.250057935714722,37.47398806289918,146.7977040459191
38,38,4.116348462743953,0.007143974304199219,5.257201910018921,37.4897684210122,0
39,39,8.687624071095795,0.006390094757080078,5.263592004776001,37.53507536838184,156.4922020744721
39,39,8.426995348962921,0.007894992828369141,5.27148699760437,37.57902310733038,0
40,40,10.91317373403169,0.01095294952392578,5.282439947128296,37.65165241411047,91.2996081845886
40,40,10.58577852201074,0.008098125457763672,5.29053807258606,37.72210284168716,0
40,40,10.26820516635042,0.005241870880126953,5.295779943466187,37.79043975643655,0
41,41,16.03416557633384,0.004939079284667969,5.300719022750854,37.88672656374345,202.4668854991311
42,42,20.87608658814616,0.005635976791381836,5.306354999542236,38.01012476683114,177.4315326367444
43,43,26.16338233433108,0.005073070526123047,5.311428070068359,38.15982102382621,197.1192781276436
43,43,25.37848086430115,0.008039951324462891,5.319468021392822,38.30502639311142,0
43,43,24.61712643837211,0.007086992263793945,5.326555013656616,38.44587560131807,0
43,43,23.87861264522095,0.006311893463134766,5.332866907119751,38.58249933327853,0
43,43,23.16225426586433,0.007143020629882813,5.340009927749634,38.71502435328017,0
43,43,22.46738663788839,0.0064849853515625,5.346494913101196,38.84357362268177,0
43,43,21.79336503875174,0.004532098770141602,5.351027011871338,38.96826641400132,0
43,43,21.13956408758919,0.006145954132080078,5.357172966003418,39.08921842158128,0
43,43,20.50537716496151,0.005351066589355469,5.362524032592773,39.20654186893383,0
43,43,19.89021585001267,0.006035804748535156,5.368559837341309,39.32034561286581,0
44,44,24.38842454639552,0.005888223648071289,5.37444806098938,39.46073524447984,169.8305057294408
44,44,23.65677181000365,0.006035804748535156,5.380483865737915,39.59691318714545,0
44,44,22.94706865570354,0.008042097091674805,5.38852596282959,39.72900579153108,0
45,45,31.17954422453296,0.003362894058227539,5.391888856887817,39.88713561778515,297.3629209500178
45,45,30.24415789779697,0.0074920654296875,5.399380922317505,40.0405215492516,0
45,45,29.33683316086306,0.006250143051147461,5.405631065368652,40.18930590277405,0
46,46,33.84370992817434,0.005568981170654297,5.411200046539307,40.36362672569083,179.5660587379056
46,46,32.82839863032911,0.007213830947875977,5.418413877487183,40.5327179239201,0
46,46,31.84354667141924,0.006383180618286133,5.424797058105469,40.69673638620251,0
46,46,30.88824027127666,0.006503820419311523,5.43130087852478,40.85583429461643,0
46,46,29.96159306313836,0.009145021438598633,5.440445899963379,41.01015926577793,0
47,47,37.94333811477586,0.003378152847290039,5.443824052810669,41.18985448780459,296.0197614510551
47,47,36.80503797133258,0.006578922271728516,5.450402975082397,41.36415885317045,0
47,47,35.7008868321926,0.004615068435668945,5.455018043518066,41.53323408757533,0
47,47,34.62986022722682,0.005909919738769531,5.460927963256836,41.69723706494806,0
47,47,33.59096442041002,0.006867885589599609,5.467795848846436,41.85631995299961,0
47,47,32.58323548779772,0.007014036178588867,5.474809885025024,42.01063035440963,0
47,47,31.60573842316378,0.006908178329467773,5.481718063354492,42.16031144377733,0
47,47,30.65756627046887,0.007191896438598633,5.488909959793091,42.305502100464,0
47,47,29.7378392823548,0.006606101989746094,5.495516061782837,42.44633703745007,0
47,47,28.84570410388415,0.00660395622253418,5.502120018005371,42.58294692632656,0
47,47,27.98033298076763,0.007683992385864258,5.509804010391235,42.71545851853676,0
47,47,27.1409229913446,0.006217002868652344,5.516021013259888,42.84399476298066,0
47,47,26.32669530160426,0.006928920745849609,5.522949934005737,42.96867492009123,0
47,47,25.53689444255614,0.006758928298950195,5.529708862304688,43.08961467248849,0
47,47,24.77078760927945,0.006643056869506836,5.536351919174194,43.20692623231383,0
47,47,24.02766398100107,0.006860017776489258,5.543211936950684,43.32071844534441,0
47,47,23.30683406157104,0.006905078887939453,5.550117015838623,43.43109689198407,0
47,47,22.6076290397239,0.006372928619384766,5.556489944458008,43.53816398522454,0
47,47,21.92940016853219,0.01123690605163574,5.567726850509644,43.6420190656678,0
47,47,21.27151816347622,0.006325006484985352,5.574051856994629,43.74275849369776,0
47,47,20.63337261857193,0.006942033767700195,5.580993890762329,43.84047573888682,0
47,47,20.01437144001478,0.004385948181152344,5.585379838943481,43.93526146672022,0
47,47,19.41394029681433,0.007433176040649414,5.592813014984131,44.0272036227186,0
47,47,18.8315220879099,0.008615016937255859,5.601428031921387,44.11638751403704,0
47,47,18.26657642527261,0.005041837692260742,5.606469869613647,44.20289588861592,0
47,47,17.71857913251442,0.005027055740356445,5.611496925354004,44.28680901195744,0
47,47,17.18702175853899,0.00660395622253418,5.618100881576538,44.36820474159871,0
46,46,11.49005965426954,0.005789995193481445,5.62389087677002,44.41715859935075,-172.7117150504426
46,46,11.14535786464145,0.007560014724731445,5.631450891494751,44.46464384137022,0
46,46,10.81099712870221,0.008558034896850586,5.640008926391602,44.51070452612912,0
46,46,10.48666721484114,0.007946968078613281,5.647955894470215,44.55538339034525,0
46,46,10.17206719839591,0.006757974624633789,5.654713869094849,44.59872188863489,0
45,45,5.517922360061284,0.006898164749145508,5.661612033843994,44.61076023197585,-144.9660940794249
45,45,5.352384689259446,0.007265806198120117,5.668877840042114,44.62243742501657,0
45,45,5.191813148581662,0.006846189498901367,5.675724029541016,44.63376430226607,0
45,45,5.036058754124213,0.006810903549194336,5.68253493309021,44.64475137319809,0
44,44,0.06652252263321223,0.006226062774658203,5.688760995864868,44.62540883200215,-160.6151489622425
44,44,0.06452684695421586,0.006736040115356445,5.695497035980225,44.60664656704208,0
44,44,0.06259104154558938,0.006470918655395508,5.70196795463562,44.58844717003081,0
44,44,0.06071331029922169,0.007893085479736328,5.709861040115356,44.57079375492989,0
43,43,-7.303411055483338,0.004074811935424805,5.713935852050781,44.52366994228199,-245.4100988824528
43,43,-7.084308723818837,0.005900144577026367,5.719835996627808,44.47795984401353,0
43,43,-6.871779462104271,0.005110025405883789,5.724946022033691,44.43362104869312,0
43,43,-6.665626078241143,0.006036043167114258,5.730982065200806,44.39061241723233,0
43,43,-6.465657295893909,0.005044937133789063,5.736027002334595,44.34889404471535,0
43,43,-6.271687577017091,0.006518840789794922,5.74254584312439,44.30842722337389,0
43,43,-6.083536949706578,0.005163192749023438,5.747709035873413,44.26917440667267,0
43,43,-5.90103084121538,0.005048990249633789,5.752758026123047,44.23109917447248,0
44,44,-0.7856514073446954,0.006074905395507813,5.758832931518555,44.22416619923831,164.6116169544741
43,43,-5.954123127761036,0.005778074264526367,5.764611005783081,44.18744121326116,-173.0680420878894
43,43,-5.775499433928205,0.006913900375366211,5.771524906158447,44.15181797686332,0
42,42,-9.759675804244132,0.007215976715087891,5.778740882873535,44.08726343755741,-138.5813784444591
41,41,-13.86896781391194,0.006814956665039063,5.785555839538574,43.99464553443068,-146.7360761265043
40,40,-18.15433055351939,0.006381034851074219,5.791936874389648,43.87480616839777,-156.7143924674936
40,40,-17.60970063691381,0.009168148040771484,5.80110502243042,43.75856198334583,0
40,40,-17.08140961780639,0.004647016525268555,5.805752038955688,43.64580512384546,0
39,39,-22.05052341727046,0.005472898483276367,5.811224937438965,43.50643097013009,-182.7185362666086
39,39,-21.38900771475235,0.005923986434936523,5.817148923873901,43.37123804102619,0
38,38,-25.23706559292228,0.006681919097900391,5.823830842971802,43.21010089979541,-149.6576036537501
38,38,-24.47995362513461,0.007012128829956055,5.830842971801758,43.05379787280154,0
38,38,-23.74555501638057,0.008020877838134766,5.838863849639893,42.90218393661749,0
37,37,-28.16383546069038,0.00584721565246582,5.844711065292358,42.72511841851897,-171.0215698267074
37,37,-27.31892039686967,0.006426811218261719,5.85113787651062,42.5533648659634,0
37,37,-26.49935278496358,0.007729053497314453,5.858866930007935,42.38676391998449,0
37,37,-25.70437220141466,0.007775068283081055,5.866641998291016,42.22516100238495,0
37,37,-24.93324103537223,0.005440950393676758,5.872082948684692,42.0684061723134,0
37,37,-24.18524380431106,0.007303953170776367,5.879386901855469,41.916353987144,0
37,37,-23.45968649018173,0.004539012908935547,5.883925914764404,41.76886336752967,0
37,37,-22.75589589547627,0.005746126174926758,5.889672040939331,41.62579746650379,0
37,37,-22.07321901861198,0.005200862884521484,5.894872903823853,41.48702354250867,0
37,37,-21.41102244805362,0.0057830810546875,5.90065598487854,41.35241283623341,0
36,36,-25.84490284448453,0.005909919738769531,5.90656590461731,41.1918404511464,-169.2070356624173
36,36,-25.06955575914999,0.00645899772644043,5.91302490234375,41.036085237612,0
37,37,-20.3877651513349,0.007634162902832031,5.920659065246582,40.91500268048364,130.99013116802
37,37,-19.77613219679484,0.004182815551757813,5.92484188079834,40.79755260006912,0
37,37,-19.182848230891,0.006205081939697266,5.931046962738037,40.68362602206705,0
37,37,-18.60736278396427,0.006664037704467773,5.937711000442505,40.57311724140503,0
36,36,-22.98090955741798,0.006083011627197266,5.943794012069702,40.43592372416288,-164.3922552324214
37,37,-18.40498857165912,0.007719039916992188,5.951513051986694,40.332846012438,129.5497899678774
36,36,-21.15137143344924,0.009094953536987305,5.960608005523682,40.20286063206486,-109.951083964663
36,36,-20.51683029044576,0.007242918014526367,5.967850923538208,40.07677481310291,0
36,36,-19.90132538173238,0.006802082061767578,5.974653005599976,39.95447156870982,0
36,36,-19.30428562028041,0.006376028060913086,5.981029033660889,39.83583742164852,0
36,36,-18.725157051672,0.004629850387573242,5.985658884048462,39.72076229899907,0
36,36,-18.16340234012184,0.005439996719360352,5.991098880767822,39.60913943002909,0
36,36,-17.61850026991818,0.006711006164550781,5.997809886932373,39.50086524712821,0
36,36,-17.08994526182064,0.004673004150390625,6.002482891082764,39.39583928971436,0
36,36,-16.57724690396602,0.006929159164428711,6.009412050247192,39.29396411102292,0
36,36,-16.07992949684704,0.006702899932861328,6.016114950180054,39.19514518769224,0
36,36,-15.59753161194163,0.007261991500854492,6.023376941680908,39.09929083206146,0
36,36,-15.12960566358338,0.007456064224243164,6.030833005905151,39.00631210709962,0
36,36,-14.67571749367587,0.00789189338684082,6.038724899291992,38.91612274388663,0
36,36,-14.2354459688656,0.005896091461181641,6.044620990753174,38.82863906157002,0
36,36,-13.80838258979963,0.00642085075378418,6.051041841506958,38.74377988972292,0
36,36,-13.39413111210564,0.004310131072998047,6.055351972579956,38.66146649303124,0
36,36,-12.99230717874247,0.00751805305480957,6.062870025634766,38.5816224982403,0
36,36,-12.60253796338019,0.005750894546508789,6.068620920181274,38.50417382329308,0
36,36,-12.22446182447879,0.005424022674560547,6.074044942855835,38.42904860859429,0
36,36,-11.85772796974442,0.006011962890625,6.08005690574646,38.35617715033646,0
36,36,-11.50199613065209,0.007992982864379883,6.08804988861084,38.28549183582636,0
36,36,-11.15693624673253,0.01035308837890625,6.098402976989746,38.21692708075157,0
36,36,-10.82222815933055,0.006464958190917969,6.104867935180664,38.15041926832902,0
