Lys=meas,Avstand=calc,Fart_IIR=calc,Ts=calc,Tid=meas,Avstand_IIR=calc,Fart=calc
Lys0=82
82,82,0,0.005,0,82,0
82,82,0,0.01919412612915039,0.01919412612915039,81.99999999999999,0
82,82,0,0.006982803344726563,0.02617692947387695,81.99999999999998,0
82,82,0,0.004625082015991211,0.03080201148986816,81.99999999999996,0
82,82,0,0.005857944488525391,0.03665995597839355,81.99999999999994,0
82,82,0,0.005900144577026367,0.04256010055541992,81.99999999999994,0
82,82,0,0.009534835815429688,0.05209493637084961,81.99999999999994,0
82,82,0,0.007769107818603516,0.05986404418945313,81.99999999999994,0
82,82,0,0.006916999816894531,0.06678104400634766,81.99999999999994,0
82,82,0,0.007215976715087891,0.07399702072143555,81.99999999999994,0
82,82,0,0.004182100296020508,0.07817912101745605,81.99999999999994,0
82,82,0,0.007879972457885742,0.0860590934753418,81.99999999999994,0
82,82,0,0.006482839584350586,0.09254193305969238,81.99999999999994,0
82,82,0,0.009695053100585938,0.1022369861602783,81.99999999999994,0
82,82,0,0.005150079727172852,0.1073870658874512,81.99999999999994,0
82,82,0,0.01080107688903809,0.1181881427764893,81.99999999999994,0
82,82,0,0.007419824600219727,0.125607967376709,81.99999999999994,0
82,82,0,0.008635997772216797,0.1342439651489258,81.99999999999994,0
81,81,-11.23976060741402,0.002669095993041992,0.1369130611419678,81.96999999999994,-374.6586869138008
81,81,-10.9025677891916,0.01084709167480469,0.1477601528167725,81.94089999999994,0
81,81,-10.57549075551586,0.006379842758178711,0.1541399955749512,81.91267299999996,0
81,81,-10.25822603285038,0.00798797607421875,0.1621279716491699,81.88529280999996,0
81,81,-9.950479251864868,0.006734132766723633,0.1688621044158936,81.85873402569996,0
81,81,-9.651964874308922,0.007760047912597656,0.1766221523284912,81.83297200492897,0
81,81,-9.362405928079653,0.005975008010864258,0.1825971603393555,81.8079828447811,0
81,81,-9.081533750237263,0.007052898406982422,0.1896500587463379,81.78374335943767,0
81,81,-8.809087737730145,0.006298065185546875,0.1959481239318848,81.76023105865454,0
81,81,-8.544815105598241,0.008816003799438477,0.2047641277313232,81.7374241268949,0
81,81,-8.288470652430293,0.00518798828125,0.2099521160125732,81.71530140308803,0
81,81,-8.039816532857385,0.005312919616699219,0.2152650356292725,81.69384236099541,0
81,81,-7.798622036871663,0.006505012512207031,0.2217700481414795,81.67302709016553,0
81,81,-7.564663375765513,0.005203008651733398,0.2269730567932129,81.65283627746055,0
81,81,-7.337723474492548,0.007535934448242188,0.2345089912414551,81.63325118913674,0
81,81,-7.117591770257771,0.00739598274230957,0.2419049739837646,81.61425365346261,0
80,80,-10.53381997399536,0.008265018463134766,0.2501699924468994,81.56582604385873,-120.9918652281775
80,80,-10.2178053747755,0.007951021194458008,0.2581210136413574,81.51885126254298,0
80,80,-9.911271213532237,0.007573127746582031,0.2656941413879395,81.4732857246667,0
80,80,-9.613933077126269,0.004199981689453125,0.2698941230773926,81.4290871529267,0
80,80,-9.325515084812482,0.005946874618530273,0.2758409976959229,81.3862145383389,0
80,80,-9.045749632268107,0.005290031433105469,0.2811310291290283,81.34462810218874,0
80,80,-8.774377143300063,0.006438970565795898,0.2875699996948242,81.30428925912309,0
80,80,-8.511145829001061,0.006552934646606445,0.2941229343414307,81.26516058134939,0
80,80,-8.255811454131029,0.005806207656860352,0.299929141998291,81.22720576390892,0
80,80,-8.008137110507098,0.006222009658813477,0.3061511516571045,81.19038959099164,0
80,80,-7.767892997191885,0.008893966674804688,0.3150451183319092,81.15467790326191,0
80,80,-7.534856207276128,0.006816864013671875,0.3218619823455811,81.12003756616405,0
80,80,-7.308810521057844,0.005280971527099609,0.3271429538726807,81.08643643917913,0
80,80,-7.089546205426108,0.005511999130249023,0.3326549530029297,81.05384334600377,0
80,80,-6.876859819263325,0.005238056182861328,0.337893009185791,81.02222804562365,0
80,80,-6.670554024685425,0.006911039352416992,0.344804048538208,80.99156120425496,0
80,80,-6.470437403944862,0.007061004638671875,0.3518650531768799,80.96181436812731,0
80,80,-6.276324281826516,0.007942914962768555,0.3598079681396484,80.93295993708351,0
80,80,-6.08803455337172,0.005722999572753906,0.3655309677124023,80.90497113897099,0
79,79,-11.16932925974246,0.00569915771484375,0.3712301254272461,80.84782200480188,-175.4645247657296
79,79,-10.83424938195018,0.005708932876586914,0.376939058303833,80.79238734465781,0
79,79,-10.50922190049168,0.008965969085693359,0.3859050273895264,80.73861572431808,0
79,79,-10.19394524347693,0.006299972534179688,0.3922049999237061,80.68645725258854,0
79,79,-9.888126886172618,0.00633692741394043,0.3985419273376465,80.63586353501089,0
79,79,-9.591483079587439,0.007341146469116211,0.4058830738067627,80.58678762896056,0
79,79,-9.303738587199815,0.006708860397338867,0.4125919342041016,80.53918400009175,0
79,79,-9.024626429583821,0.006107091903686523,0.4186990261077881,80.49300848008901,0
79,79,-8.753887636696305,0.006511926651000977,0.4252109527587891,80.44821822568634,0
79,79,-8.491271007595415,0.003785133361816406,0.4289960861206055,80.40477167891575,0
79,79,-8.236532877367553,0.005269050598144531,0.43426513671875,80.36262852854829,0
79,79,-7.989436891046527,0.005884885787963867,0.4401500225067139,80.32174967269183,0
79,79,-7.749753784315131,0.007059097290039063,0.4472091197967529,80.28209718251109,0
79,79,-7.517261170785677,0.006570816040039063,0.453779935836792,80.24363426703575,0
79,79,-7.291743335662106,0.005242109298706055,0.459022045135498,80.20632523902469,0
79,79,-7.072991035592243,0.006920099258422852,0.4659421443939209,80.17013548185394,0
79,79,-6.860801304524475,0.006841897964477539,0.4727840423583984,80.13503141739834,0
79,79,-6.654977265388741,0.01049304008483887,0.4832770824432373,80.1009804748764,0
79,79,-6.455327947427079,0.005511045455932617,0.4887881278991699,80.06795106063011,0
79,79,-6.261668109004266,0.007855892181396484,0.4966440200805664,80.03591252881121,0
79,79,-6.073818065734138,0.00851893424987793,0.5051629543304443,80.00483515294688,0
79,79,-5.891603523762114,0.006185054779052734,0.5113480091094971,79.97469009835848,0
79,79,-5.71485541804925,0.006885051727294922,0.518233060836792,79.94544939540773,0
79,79,-5.543409755507772,0.006680965423583984,0.524914026260376,79.91708591354549,0
79,79,-5.377107462842539,0.006439924240112305,0.5313539505004883,79.88957333613914,0
78,78,-10.10654050761398,0.006134033203125,0.5374879837036133,79.83288613605497,-163.0248756218905
78,78,-9.803344292385558,0.007752180099487305,0.5452401638031006,79.77789955197332,0
78,78,-9.509243963613992,0.007583856582641602,0.5528240203857422,79.72456256541412,0
78,78,-9.223966644705571,0.006572961807250977,0.5593969821929932,79.6728256884517,0
78,78,-8.947247645364405,0.006510019302368164,0.5659070014953613,79.62264091779815,0
78,78,-8.678830216003472,0.006346940994262695,0.572253942489624,79.57396169026421,0
78,78,-8.418465309523368,0.006429195404052734,0.5786831378936768,79.5267428395563,0
78,78,-8.165911350237668,0.006536960601806641,0.5852200984954834,79.48094055436961,0
78,78,-7.920934009730537,0.004314899444580078,0.5895349979400635,79.43651233773853,0
78,78,-7.683305989438621,0.007157087326049805,0.5966920852661133,79.39341696760637,0
78,78,-7.452806809755462,0.005506992340087891,0.6021990776062012,79.35161445857819,0
78,78,-7.229222605462797,0.005611896514892578,0.6078109741210938,79.31106602482084,0
78,78,-7.012345927298913,0.006385087966918945,0.6141960620880127,79.27173404407622,0
78,78,-6.801975549479946,0.006864070892333984,0.6210601329803467,79.23358202275392,0
78,78,-6.597916282995547,0.006285905838012695,0.6273460388183594,79.19657456207131,0
78,78,-6.39997879450568,0.008234024047851563,0.6355800628662109,79.16067732520917,0
78,78,-6.207979430670509,0.006587982177734375,0.6421680450439453,79.12585700545289,0
78,78,-6.021740047750393,0.006656885147094727,0.64882493019104,79.09208129528931,0
78,78,-5.841087846317881,0.007355213165283203,0.6561801433563232,79.05931885643063,0
77,77,-9.43285577973953,0.007963895797729492,0.6641440391540527,78.99753929073771,-125.5666856270395
78,78,-2.556434767843885,0.004549980163574219,0.668694019317627,78.96761311201558,219.7811779501153
77,77,-6.766642787768502,0.006998062133789063,0.675692081451416,78.90858471865511,-142.8967020986645
78,78,0.4639532565459268,0.004268884658813477,0.6799609661102295,78.88132717709546,234.2532253560458
78,78,0.4500346588495489,0.00593113899230957,0.6858921051025391,78.8548873617826,0
77,77,-3.86767107408143,0.006969928741455078,0.6928620338439941,78.79924074092912,-143.4734897721831
77,77,-3.751640941858987,0.005842924118041992,0.6987049579620361,78.74526351870125,0
77,77,-3.639091713603217,0.00710606575012207,0.7058110237121582,78.69290561314021,0
77,77,-3.52991896219512,0.006084918975830078,0.7118959426879883,78.64211844474601,0
77,77,-3.424021393329267,0.006724119186401367,0.7186200618743896,78.59285489140362,0
77,77,-3.321300751529388,0.006026983261108398,0.724647045135498,78.54506924466151,0
77,77,-3.221661728983507,0.005561113357543945,0.730208158493042,78.49871716732166,0
77,77,-3.125011877114001,0.00668787956237793,0.7368960380554199,78.45375565230201,0
77,77,-3.031261520800581,0.004236936569213867,0.7411329746246338,78.41014298273295,0
77,77,-2.940323675176564,0.005740165710449219,0.746873140335083,78.36783869325096,0
77,77,-2.852113964921267,0.007011890411376953,0.75388503074646,78.32680353245343,0
77,77,-2.766550545973629,0.006396055221557617,0.7602810859680176,78.28699942647983,0
77,77,-2.68355402959442,0.004550933837890625,0.7648320198059082,78.24838944368543,0
77,77,-2.603047408706587,0.005351066589355469,0.7701830863952637,78.21093776037486,0
77,77,-2.52495598644539,0.006705045700073242,0.7768881320953369,78.17460962756361,0
77,77,-2.449207306852028,0.007742881774902344,0.7846310138702393,78.13937133873671,0
77,77,-2.375731087646467,0.007091999053955078,0.7917230129241943,78.10519019857461,0
77,77,-2.304459155017073,0.006876945495605469,0.7985999584197998,78.07203449261737,0
76,76,-6.147192569323845,0.007668972015380859,0.8062689304351807,78.00987345783884,-130.3955729652428
76,76,-5.962776792244129,0.009362220764160156,0.8156311511993408,77.94957725410367,0
76,76,-5.783893488476805,0.006114959716796875,0.8217461109161377,77.89108993648057,0
76,76,-5.6103766838225,0.007367849349975586,0.8291139602661133,77.83435723838615,0
76,76,-5.442065383307825,0.006793975830078125,0.8359079360961914,77.77932652123457,0
76,76,-5.27880342180859,0.006295204162597656,0.8422031402587891,77.72594672559753,0
76,76,-5.120439319154332,0.006819009780883789,0.8490221500396729,77.6741683238296,0
76,76,-4.966826139579702,0.007262945175170898,0.8562850952148438,77.62394327411471,0
76,76,-4.817821355392311,0.003969907760620117,0.8602550029754639,77.57522497589126,0
76,76,-4.673286714730541,0.00601506233215332,0.8662700653076172,77.52796822661452,0
76,76,-4.533088113288625,0.005580902099609375,0.8718509674072266,77.48212917981609,0
76,76,-4.397095469889966,0.006312131881713867,0.8781630992889404,77.4376653044216,0
76,76,-4.265182605793267,0.006492853164672852,0.8846559524536133,77.39453534528896,0
76,76,-4.137227127619469,0.006486177444458008,0.8911421298980713,77.35269928493029,0
76,76,-4.013110313790885,0.005105018615722656,0.8962471485137939,77.31211830638237,0
76,76,-3.892717004377158,0.005606889724731445,0.9018540382385254,77.2727547571909,0
76,76,-3.775935494245843,0.005796909332275391,0.9076509475708008,77.23457211447517,0
76,76,-3.662657429418468,0.006491184234619141,0.9141421318054199,77.19753495104093,0
76,76,-3.552777706535914,0.005939960479736328,0.9200820922851563,77.1616089025097,0
76,76,-3.446194375339837,0.007761001586914063,0.9278430938720703,77.12676063543441,0
75,75,-9.396068754788256,0.00495600700378418,0.9327991008758545,77.06295781637138,-201.7753403569539
75,75,-9.114186692144608,0.00612187385559082,0.9389209747314453,77.00106908188023,0
76,76,-5.136200059760414,0.008098125457763672,0.947019100189209,76.97103700942383,123.4853677206619
75,75,-9.267847027994851,0.006999969482421875,0.9540190696716309,76.91190589914111,-142.8577656675749
75,75,-8.989811617155004,0.006846904754638672,0.9608659744262695,76.85454872216687,0
75,75,-8.720117268640353,0.006718158721923828,0.9675841331481934,76.79891226050187,0
75,75,-8.458513750581142,0.008004903793334961,0.9755890369415283,76.74494489268681,0
75,75,-8.204758338063707,0.005997896194458008,0.9815869331359863,76.6925965459062,0
75,75,-7.958615587921796,0.006234169006347656,0.987821102142334,76.64181864952901,0
75,75,-7.719857120284142,0.007335901260375977,0.99515700340271,76.59256409004314,0
75,75,-7.488261406675617,0.004606008529663086,0.999763011932373,76.54478716734184,0
75,75,-7.263613564475349,0.005485057830810547,1.005248069763184,76.49844355232158,0
75,75,-7.045705157541088,0.005923032760620117,1.011171102523804,76.45349024575193,0
75,75,-6.834334002814855,0.005851030349731445,1.017022132873535,76.40988553837936,0
75,75,-6.629303982730409,0.007165908813476563,1.024188041687012,76.36758897222798,0
75,75,-6.430424863248497,0.005918979644775391,1.030107021331787,76.32656130306114,0
75,75,-6.237512117351042,0.007082939147949219,1.037189960479736,76.28676446396931,0
75,75,-6.050386753830511,0.004690170288085938,1.041880130767822,76.24816153005023,0
75,75,-5.868875151215596,0.005714893341064453,1.047595024108887,76.21071668414872,0
75,75,-5.692808896679128,0.007169961929321289,1.054764986038208,76.17439518362426,0
75,75,-5.522024629778754,0.004637956619262695,1.059402942657471,76.13916332811553,0
75,75,-5.356363890885391,0.006687164306640625,1.066090106964111,76.10498842827207,0
75,75,-5.195672974158829,0.005061864852905273,1.071151971817017,76.0718387754239,0
75,75,-5.039802784934064,0.005455970764160156,1.076607942581177,76.03968361216118,0
75,75,-4.888608701386042,0.00555109977722168,1.082159042358398,76.00849310379634,0
75,75,-4.741950440344461,0.006724119186401367,1.0888831615448,75.97823831068244,0
75,75,-4.599691927134127,0.007328987121582031,1.096212148666382,75.94889116136198,0
75,75,-4.461701169320103,0.007275819778442383,1.103487968444824,75.92042442652112,0
75,75,-4.327850134240499,0.003678083419799805,1.107166051864624,75.89281169372548,0
75,75,-4.198014630213284,0.00569605827331543,1.112862110137939,75.86602734291372,0
75,75,-4.072074191306886,0.006289005279541016,1.11915111541748,75.8400465226263,0
75,75,-3.949911965567679,0.005517005920410156,1.124668121337891,75.8148451269475,0
75,75,-3.831414606600648,0.005558013916015625,1.130226135253906,75.79039977313908,0
75,75,-3.716472168402629,0.005952835083007813,1.136178970336914,75.76668777994491,0
75,75,-3.60497800335055,0.007161140441894531,1.143340110778809,75.74368714654655,0
75,75,-3.496828663250033,0.005684852600097656,1.149024963378906,75.72137653215015,0
75,75,-3.391923803352532,0.007524967193603516,1.15654993057251,75.69973523618565,0
75,75,-3.290166089251956,0.007396221160888672,1.163946151733398,75.67874317910008,0
75,75,-3.191461106574397,0.00376582145690918,1.167711973190308,75.65838088372708,0
75,75,-3.095717273377165,0.006246089935302734,1.17395806312561,75.63862945721526,0
75,75,-3.002845755175851,0.004977941513061523,1.178936004638672,75.6194705734988,0
75,75,-2.912760382520575,0.008562088012695313,1.187498092651367,75.60088645629384,0
74,74,-6.981720307386373,0.007217884063720703,1.194715976715088,75.55285986260502,-138.5447578780472
75,75,-2.45521651440659,0.006949186325073242,1.201665163040161,75.53627406672686,143.9017394586064
75,75,-2.381560018974393,0.004535913467407227,1.206201076507568,75.52018584472505,0
74,74,-7.563061369027186,0.005711078643798828,1.211912155151367,75.4745802693833,-175.0982716874009
74,74,-7.33616952795637,0.005900859832763672,1.217813014984131,75.4303428613018,0
75,75,-2.898442825170572,0.007112979888916016,1.224925994873047,75.41743257546274,140.5880538982369
74,74,-8.618630024077998,0.005166053771972656,1.23009204864502,75.37490959819886,-193.5713494554181
75,75,-3.982492498251289,0.006853103637695313,1.236945152282715,75.3636623102529,145.919287503479
74,74,-7.749631468477495,0.007718801498413086,1.244663953781128,75.32275244094532,-129.5537915057915
74,74,-7.51714252442317,0.002846002578735352,1.247509956359863,75.28306986771695,0
74,74,-7.291628248690475,0.0065460205078125,1.254055976867676,75.24457777168543,0
74,74,-7.07287940122976,0.005889177322387695,1.259945154190063,75.20724043853487,0
74,74,-6.860693019192867,0.005843877792358398,1.265789031982422,75.17102322537882,0
74,74,-6.654872228617081,0.006863117218017578,1.272652149200439,75.13589252861745,0
74,74,-6.455226061758569,0.004017829895019531,1.276669979095459,75.10181575275893,0
74,74,-6.261569279905811,0.01273703575134277,1.289407014846802,75.06876128017615,0
74,74,-6.073722201508637,0.007743120193481445,1.297150135040283,75.03669844177087,0
74,74,-5.891510535463377,0.007907867431640625,1.305058002471924,75.00559748851774,0
74,74,-5.714765219399475,0.007516145706176758,1.312574148178101,74.97542956386221,0
74,74,-5.543322262817491,0.005438804626464844,1.318012952804565,74.94616667694634,0
74,74,-5.377022594932966,0.006941080093383789,1.324954032897949,74.91778167663795,0
74,74,-5.215711917084978,0.006628990173339844,1.331583023071289,74.8902482263388,0
74,74,-5.059240559572428,0.006297111511230469,1.33788013458252,74.86354077954863,0
74,74,-4.907463342785255,0.007377862930297852,1.345257997512817,74.83763455616217,0
74,74,-4.760239442501698,0.004864931106567383,1.350122928619385,74.8125055194773,0
74,74,-4.617432259226646,0.005906105041503906,1.356029033660889,74.78813035389298,0
73,73,-9.668380978668885,0.005780935287475586,1.361809968948364,74.73448644327618,-172.9823895739679
73,73,-9.378329549308818,0.006069183349609375,1.367879152297974,74.6824518499779,0
74,74,-5.195301523294669,0.007688999176025391,1.375568151473999,74.66197829447856,130.0559379844961
73,73,-13.50480308039454,0.003543853759765625,1.379112005233765,74.6121189456442,-282.1786867599569
73,73,-13.0996589879827,0.007635116577148438,1.386747121810913,74.56375537727488,0
73,73,-12.70666921834322,0.007071971893310547,1.393819093704224,74.51684271595663,0
73,73,-12.32546914179292,0.005848884582519531,1.399667978286743,74.47133743447793,0
73,73,-11.95570506753913,0.007802009582519531,1.407469987869263,74.4271973114436,0
73,73,-11.59703391551296,0.006340980529785156,1.413810968399048,74.38438139210028,0
73,73,-11.24912289804757,0.005117177963256836,1.418928146362305,74.34284995033727,0
73,73,-10.91164921110614,0.006908893585205078,1.42583703994751,74.30256445182716,0
73,73,-10.58429973477296,0.006376028060913086,1.432213068008423,74.26348751827233,0
73,73,-10.26677074272977,0.007309913635253906,1.439522981643677,74.22558289272415,0
73,73,-9.958767620447876,0.005944967269897461,1.445467948913574,74.18881540594242,0
73,73,-9.66000459183444,0.004532098770141602,1.450000047683716,74.15315094376415,0
72,72,-14.41466885433598,0.005947113037109375,1.455947160720825,74.08855641545123,-168.1488133418858
73,73,-8.466310850778493,0.005438804626464844,1.46138596534729,74.05589972298768,183.8639312642469
73,73,-8.212321525255138,0.00619816780090332,1.467584133148193,74.02422273129805,0
72,72,-12.11079409571726,0.007237911224365234,1.474822044372559,73.9634960493591,-138.1614072073259
73,73,-7.387033637020812,0.006880044937133789,1.481702089309692,73.93459116787833,145.347887860831
72,72,-11.17719115971315,0.007477998733520508,1.489180088043213,73.87655343284198,-133.7256177267655
72,72,-10.84187542492176,0.007742881774902344,1.496922969818115,73.8202568298567,0
72,72,-10.51661916217411,0.008923053741455078,1.50584602355957,73.765649124961,0
72,72,-10.20112058730888,0.005667924880981445,1.511513948440552,73.71267965121217,0
72,72,-9.895086969689615,0.005810022354125977,1.517323970794678,73.6612992616758,0
72,72,-9.598234360598926,0.007603168487548828,1.524927139282227,73.61146028382551,0
72,72,-9.310287329780959,0.006551980972290039,1.531479120254517,73.56311647531074,0
72,72,-9.030978709887529,0.006620883941650391,1.538100004196167,73.51622298105141,0
72,72,-8.760049348590904,0.007365942001342773,1.54546594619751,73.47073629161987,0
72,72,-8.497247868133178,0.004585981369018555,1.550051927566528,73.42661420287127,0
72,72,-8.242330432089181,0.00616908073425293,1.556221008300781,73.38381577678513,0
72,72,-7.995060519126506,0.005566120147705078,1.561787128448486,73.34230130348157,0
72,72,-7.755208703552711,0.005857944488525391,1.567645072937012,73.3020322643771,0
72,72,-7.52255244244613,0.006943941116333008,1.574589014053345,73.26297129644579,0
72,72,-7.296875869172745,0.005548954010009766,1.580137968063354,73.22508215755241,0
72,72,-7.077969593097563,0.005906105041503906,1.586044073104858,73.18832969282584,0
72,72,-6.865630505304636,0.006759881973266602,1.592803955078125,73.15267980204105,0
72,72,-6.659661590145497,0.007287979125976563,1.600091934204102,73.11809940797982,0
72,72,-6.459871742441131,0.00787806510925293,1.607969999313354,73.08455642574042,0
72,72,-6.266075590167898,0.008002042770385742,1.61597204208374,73.05201973296821,0
71,71,-13.73519306079427,0.003917932510375977,1.619889974594116,72.99045914097916,-255.2366579443802
71,71,-13.32313726897044,0.005678176879882813,1.625568151473999,72.93074536674978,0
71,71,-12.92344315090133,0.009064912796020508,1.63463306427002,72.87282300574728,0
71,71,-12.53573985637429,0.007581949234008789,1.642215013504028,72.81663831557485,0
71,71,-12.15966766068306,0.006483078002929688,1.648698091506958,72.76213916610761,0
71,71,-11.79487763086256,0.006546974182128906,1.655245065689087,72.70927499112438,0
71,71,-11.44103130193669,0.004262924194335938,1.659507989883423,72.65799674139064,0
71,71,-11.09780036287858,0.006437063217163086,1.665945053100586,72.60825683914891,0
71,71,-10.76486635199223,0.005625009536743164,1.671570062637329,72.56000913397443,0
71,71,-10.44192036143246,0.005433082580566406,1.677003145217896,72.5132088599552,0
71,71,-10.12866275058949,0.007650852203369141,1.684653997421265,72.46781259415655,0
70,70,-12.4366660364544,0.01148605346679688,1.696140050888062,72.39377821633184,-87.06210561275325
70,70,-12.06356605536077,0.007256984710693359,1.703397035598755,72.32196486984188,0
70,70,-11.70165907369994,0.005693912506103516,1.709090948104858,72.25230592374662,0
70,70,-11.35060930148894,0.006829023361206055,1.715919971466064,72.18473674603422,0
70,70,-11.01009102244427,0.004079103469848633,1.719999074935913,72.11919464365319,0
70,70,-10.67978829177095,0.005673885345458984,1.725672960281372,72.05561880434359,0
70,70,-10.35939464301782,0.005805015563964844,1.731477975845337,71.99395024021327,0
70,70,-10.04861280372728,0.005759000778198242,1.737236976623535,71.93413173300687,0
70,70,-9.747154419615464,0.007625102996826172,1.744862079620361,71.87610778101666,0
69,69,-15.28556091770355,0.005145072937011719,1.750007152557373,71.78982454758615,-194.3607043558851
70,70,-9.748939285700917,0.005907773971557617,1.755914926528931,71.73612981115856,169.2684934823843
69,69,-13.79855054396346,0.00690913200378418,1.762824058532715,71.65404591682379,-144.7359812277856
69,69,-13.38459402764455,0.006840944290161133,1.769665002822876,71.57442453931907,0
69,69,-12.98305620681522,0.007204055786132813,1.776869058609009,71.49719180313949,0
69,69,-12.59356452061076,0.007306098937988281,1.784175157546997,71.4222760490453,0
69,69,-12.21575758499244,0.006107807159423828,1.790282964706421,71.34960776757393,0
69,69,-11.84928485744266,0.007030963897705078,1.797313928604126,71.27911953454671,0
69,69,-11.49380631171938,0.008189201354980469,1.805503129959106,71.2107459485103,0
69,69,-11.1489921223678,0.006177902221679688,1.811681032180786,71.14442357005498,0
69,69,-10.81452235869677,0.005631923675537109,1.817312955856323,71.08009086295333,0
69,69,-10.49008668793586,0.008511066436767578,1.825824022293091,71.01768813706473,0
69,69,-10.17538408729779,0.006906986236572266,1.832731008529663,70.95715749295278,0
69,69,-9.870122564678853,0.006698131561279297,1.839429140090942,70.89844276816419,0
69,69,-9.574018887738488,0.007215023040771484,1.846644163131714,70.84148948511926,0
69,69,-9.286798321106334,0.003482818603515625,1.850126981735229,70.78624480056567,0
69,69,-9.008194371473143,0.005872011184692383,1.855998992919922,70.7326574565487,0
69,69,-8.737948540328949,0.005704164505004883,1.861703157424927,70.68067773285222,0
69,69,-8.475810084119081,0.006170988082885742,1.867874145507813,70.63025740086665,0
69,69,-8.221535781595508,0.007207870483398438,1.875082015991211,70.58134967884064,0
69,69,-7.974889708147642,0.006530046463012695,1.881612062454224,70.53390918847541,0
69,69,-7.735643016903213,0.008504867553710938,1.890116930007935,70.48789191282115,0
68,68,-10.91145282614424,0.008803129196166992,1.898920059204102,70.41325515543652,-113.5959699916042
69,69,-6.695573748915772,0.007714986801147461,1.906635046005249,70.37085750077342,129.6178497481381
69,69,-6.494706536448298,0.007525920867919922,1.914160966873169,70.32973177575021,0
68,68,-15.19930094400433,0.003371000289916992,1.917531967163086,70.2598398224777,-296.6478534549827
68,68,-14.7433219156842,0.006340980529785156,1.923872947692871,70.19204462780337,0
69,69,-8.705135039499805,0.005361080169677734,1.929234027862549,70.15628328896927,186.5295739571289
68,68,-12.23812885950043,0.007906913757324219,1.937140941619873,70.0915947903002,-126.4715957061874
68,68,-11.87098499371542,0.008747100830078125,1.945888042449951,70.02884694659119,0
68,68,-11.51485544390396,0.002007007598876953,1.947895050048828,69.96798153819346,0
68,68,-11.16940978058684,0.006943941116333008,1.954838991165161,69.90894209204765,0
68,68,-10.83432748716923,0.005311965942382813,1.960150957107544,69.85167382928623,0
68,68,-10.50929766255415,0.005947113037109375,1.966098070144653,69.79612361440765,0
68,68,-10.19401873267753,0.006543874740600586,1.972641944885254,69.74223990597543,0
68,68,-9.888198170697203,0.006477117538452148,1.979119062423706,69.68997270879616,0
68,68,-9.591552225576287,0.007086038589477539,1.986205101013184,69.63927352753228,0
68,68,-9.303805658808997,0.004044055938720703,1.990249156951904,69.59009532170632,0
68,68,-9.024691489044727,0.005921840667724609,1.996170997619629,69.54239246205514,0
68,68,-8.753950744373386,0.005654096603393555,2.001825094223022,69.49612068819349,0
68,68,-8.491332222042184,0.006022930145263672,2.007848024368286,69.45123706754768,0
68,68,-8.236592255380918,0.00784611701965332,2.015694141387939,69.40769995552126,0
68,68,-7.98949448771949,0.006442785263061523,2.022136926651001,69.36546895685563,0
68,68,-7.749809653087905,0.005998134613037109,2.028135061264038,69.32450488814997,0
68,68,-7.517315363495269,0.004743099212646484,2.032878160476685,69.28476974150548,0
68,68,-7.29179590259041,0.006152868270874023,2.039031028747559,69.24622664926031,0
68,68,-7.073042025512698,0.005127906799316406,2.044158935546875,69.20883984978251,0
68,68,-6.860850764747316,0.00670313835144043,2.050862073898315,69.17257465428904,0
68,68,-6.655025241804896,0.006001949310302734,2.056864023208618,69.13739741466038,0
68,68,-6.455374484550749,0.007774114608764648,2.064638137817383,69.10327549222057,0
68,68,-6.261713250014227,0.006839990615844727,2.071478128433228,69.07017722745396,0
68,68,-6.0738618525138,0.006307840347290039,2.077785968780518,69.03807191063034,0
67,67,-8.373825390543026,0.01208615303039551,2.089872121810913,68.97692975331143,-82.73931312015467
67,67,-8.122610628826735,0.0072479248046875,2.097120046615601,68.91762186071209,0
67,67,-7.878932309961932,0.008698940277099609,2.1058189868927,68.86009320489073,0
67,67,-7.642564340663074,0.00233006477355957,2.10814905166626,68.80429040874401,0
67,67,-7.413287410443181,0.006851911544799805,2.11500096321106,68.7501616964817,0
67,67,-7.190888788129886,0.0055999755859375,2.120600938796997,68.69765684558725,0
67,67,-6.97516212448599,0.005653142929077148,2.126254081726074,68.64672714021964,0
67,67,-6.76590726075141,0.008424997329711914,2.134679079055786,68.59732532601305,0
67,67,-6.562930042928867,0.006103038787841797,2.140782117843628,68.54940556623267,0
66,66,-10.65177511166825,0.006999969482421875,2.14778208732605,68.47292339924569,-142.8577656675749
66,66,-10.3322218583182,0.007181882858276367,2.154963970184326,68.39873569726833,0
67,67,-4.054547353386774,0.005027055740356445,2.159991025924683,68.35677362635028,198.9235949727295
66,66,-9.036712344320824,0.005877971649169922,2.165868997573853,68.28607041755977,-170.1267137178551
66,66,-8.765610973991199,0.005391120910644531,2.171260118484497,68.21748830503298,0
66,66,-8.502642644771463,0.00636601448059082,2.177626132965088,68.15096365588198,0
66,66,-8.247563365428318,0.007433891296386719,2.185060024261475,68.08643474620553,0
66,66,-8.000136464465468,0.006801128387451172,2.191861152648926,68.02384170381936,0
66,66,-7.760132370531504,0.006646871566772461,2.198508024215698,67.96312645270479,0
66,66,-7.527328399415558,0.007081985473632813,2.205590009689331,67.90423265912366,0
66,66,-7.301508547433091,0.006608963012695313,2.212198972702026,67.84710567934994,0
66,66,-7.082463291010098,0.006419181823730469,2.218618154525757,67.79169250896945,0
66,66,-6.869989392279796,0.006887912750244141,2.225506067276001,67.73794173370037,0
66,66,-6.663889710511402,0.007201910018920898,2.232707977294922,67.68580348168936,0
66,66,-6.46397301919606,0.006689071655273438,2.239397048950195,67.63522937723869,0
66,66,-6.270053828620178,0.006592035293579102,2.245989084243774,67.58617249592153,0
66,66,-6.081952213761572,0.009907007217407227,2.255896091461182,67.5385873210439,0
66,66,-5.899493647348725,0.008173942565917969,2.2640700340271,67.49242970141258,0
66,66,-5.722508837928262,0.004951953887939453,2.269021987915039,67.44765681037021,0
65,65,-9.718050661712422,0.00719904899597168,2.276221036911011,67.3742271060591,-138.9072362974002
66,66,-2.863337850394326,0.004570960998535156,2.280791997909546,67.33300029287733,218.7723763822241
66,66,-2.777437714882496,0.00541996955871582,2.286211967468262,67.29301028409101,0
66,66,-2.694114583436021,0.005515098571777344,2.291727066040039,67.25421997556828,0
66,66,-2.613291145932941,0.005469083786010742,2.29719614982605,67.21659337630124,0
66,66,-2.534892411554952,0.00934290885925293,2.306539058685303,67.18009557501221,0
66,66,-2.458845639208304,0.003429889678955078,2.309968948364258,67.14469270776184,0
66,66,-2.385080270032055,0.005561113357543945,2.315530061721802,67.11035192652898,0
66,66,-2.313527861931093,0.006371974945068359,2.32190203666687,67.07704136873311,0
66,66,-2.24412202607316,0.005234003067016602,2.327136039733887,67.04473012767112,0
66,66,-2.176798365290966,0.005461931228637695,2.332597970962524,67.01338822384099,0
65,65,-7.006235924426763,0.006129026412963867,2.338726997375488,66.95298657712576,-163.1580503364842
65,65,-6.79604884669396,0.005980968475341797,2.34470796585083,66.89439697981199,0
65,65,-6.592167381293141,0.005462169647216797,2.350170135498047,66.83756507041763,0
65,65,-6.394402359854347,0.006646871566772461,2.356817007064819,66.7824381183051,0
64,64,-10.08055962551509,0.007735967636108398,2.364552974700928,66.69896497475595,-129.2663112152125
64,64,-9.778142836749637,0.006963968276977539,2.371516942977905,66.61799602551326,0
64,64,-9.484798551647149,0.006499052047729492,2.378015995025635,66.53945614474786,0
64,64,-9.200254595097734,0.007627964019775391,2.38564395904541,66.46327246040542,0
63,63,-12.53909139402839,0.008299112319946289,2.393943071365356,66.35937428659325,-120.494814559453
63,63,-12.16291865220754,0.00424504280090332,2.39818811416626,66.25859305799546,0
63,63,-11.79803109264131,0.008401870727539063,2.406589984893799,66.16083526625559,0
63,63,-11.44409015986207,0.002328157424926758,2.408918142318726,66.06601020826793,0
62,62,-16.0513564309485,0.006059885025024414,2.41497802734375,65.94402990201989,-165.0196325294095
62,62,-15.56981573802004,0.004992961883544922,2.419970989227295,65.8257090049593,0
62,62,-15.10272126587944,0.005651950836181641,2.425622940063477,65.71093773481052,0
62,62,-14.64963962790305,0.008272171020507813,2.433895111083984,65.59960960276619,0
62,62,-14.21015043906596,0.002357959747314453,2.436253070831299,65.49162131468321,0
62,62,-13.78384592589398,0.005464076995849609,2.441717147827148,65.38687267524272,0
61,61,-18.08886356645444,0.006357908248901367,2.44807505607605,65.25526649498544,-157.2844339445757
61,61,-17.5461976594608,0.006439924240112305,2.454514980316162,65.12760850013589,0
61,61,-17.01981172967698,0.006438970565795898,2.460953950881958,65.00378024513181,0
61,61,-16.50921737778667,0.005639076232910156,2.466593027114868,64.88366683777786,0
61,61,-16.01394085645307,0.006197929382324219,2.472790956497192,64.76715683264452,0
61,61,-15.53352263075948,0.007493972778320313,2.480284929275513,64.65414212766518,0
60,60,-17.676618077762,0.01149821281433105,2.491783142089844,64.51451786383522,-86.97003753084372
60,60,-17.14631953542914,0.006928920745849609,2.498712062835693,64.37908232792016,0
60,60,-16.63192994936626,0.007978916168212891,2.506690979003906,64.24770985808256,0
60,60,-16.13297205088528,0.006682157516479492,2.513373136520386,64.12027856234008,0
60,60,-15.64898288935872,0.006057977676391602,2.519431114196777,63.99667020546987,0
59,59,-19.06660740657033,0.00771784782409668,2.527148962020874,63.84677009930577,-129.5698001297458
59,59,-18.49460918437322,0.006673097610473633,2.533822059631348,63.7013669963266,0
59,59,-17.93977090884202,0.005306005477905273,2.539128065109253,63.5603259864368,0
59,59,-17.40157778157676,0.006571054458618164,2.545699119567871,63.4235162068437,0
59,59,-16.87953044812946,0.008864879608154297,2.554563999176025,63.2908107206384,0
59,59,-16.37314453468557,0.009573936462402344,2.564137935638428,63.16208639901924,0
59,59,-15.88195019864501,0.005926132202148438,2.570064067840576,63.03722380704866,0
58,58,-18.36729189982246,0.01012897491455078,2.580193042755127,62.8861070928372,-98.72667357122682
58,58,-17.81627314282778,0.006797075271606445,2.586990118026733,62.73952388005209,0
58,58,-17.28178494854295,0.01127195358276367,2.598262071609497,62.59733816365053,0
58,58,-16.76333140008666,0.007560014724731445,2.605822086334229,62.45941801874101,0
58,58,-16.26043145808406,0.004133939743041992,2.609956026077271,62.32563547817878,0
58,58,-15.77261851434154,0.006257057189941406,2.616213083267212,62.19586641383342,0
58,58,-15.29943995891129,0.005600929260253906,2.621814012527466,62.06999042141842,0
58,58,-14.84045676014395,0.005574941635131836,2.627388954162598,61.94789070877587,0
57,57,-18.79148091632922,0.006824016571044922,2.634212970733643,61.79945398751259,-146.5412619663196
57,57,-18.22773648883935,0.01288819313049316,2.647101163864136,61.65547036788721,0
57,57,-17.68090439417416,0.007058858871459961,2.654160022735596,61.51580625685059,0
57,57,-17.15047726234894,0.006433010101318359,2.660593032836914,61.38033206914507,0
57,57,-16.63596294447847,0.006725072860717773,2.667318105697632,61.24892210707072,0
57,57,-16.13688405614412,0.007905006408691406,2.675223112106323,61.1214544438586,0
57,57,-15.65277753445979,0.003867864608764648,2.679090976715088,60.99781081054284,0
57,57,-15.183194208426,0.005635976791381836,2.68472695350647,60.87787648622656,0
56,56,-20.36671962444264,0.005320072174072266,2.690047025680542,60.73154019163976,-187.9673747423142
56,56,-19.75571803570936,0.00645899772644043,2.696506023406982,60.58959398589057,0
56,56,-19.16304649463808,0.007744073867797852,2.70425009727478,60.45190616631385,0
56,56,-18.58815509979894,0.004832029342651367,2.709082126617432,60.31834898132443,0
56,56,-18.03051044680497,0.007651805877685547,2.716733932495117,60.18879851188469,0
55,55,-21.59468191403504,0.007308006286621094,2.724041938781738,60.03313455652815,-136.8362260211405
55,55,-20.94684145661399,0.006795167922973633,2.730837106704712,59.8821405198323,0
55,55,-20.31843621291557,0.006213903427124023,2.737051010131836,59.73567630423733,0
55,55,-19.7088831265281,0.00442194938659668,2.741472959518433,59.5936060151102,0
55,55,-19.11761663273226,0.007678985595703125,2.749151945114136,59.45579783465689,0
55,55,-18.54408813375029,0.005875110626220703,2.755027055740356,59.32212389961718,0
55,55,-17.98776548973778,0.005866050720214844,2.760893106460571,59.19246018262866,0
55,55,-17.44813252504565,0.006502866744995117,2.767395973205566,59.06668637714979,0
55,55,-16.92468854929428,0.00664210319519043,2.774038076400757,58.9446857858353,0
55,55,-16.41694789281545,0.00687408447265625,2.780912160873413,58.82634521226024,0
55,55,-15.92443945603098,0.006353855133056641,2.78726601600647,58.71155485589242,0
55,55,-15.44670627235005,0.007487058639526367,2.794753074645996,58.60020821021565,0
55,55,-14.98330508417955,0.003372907638549805,2.798125982284546,58.49220196390918,0
55,55,-14.53380593165416,0.006936073303222656,2.805062055587769,58.3874359049919,0
55,55,-14.09779175370454,0.006310939788818359,2.811372995376587,58.28581282784214,0
55,55,-13.6748580010934,0.006055116653442383,2.817428112030029,58.18723844300687,0
54,54,-16.78657380275176,0.008517980575561523,2.825946092605591,58.06162128971667,-117.3987180563719
54,54,-16.2829765886692,0.005586862564086914,2.831532955169678,57.93977265102516,0
54,54,-15.79448729100913,0.005582094192504883,2.837115049362183,57.8215794714944,0
54,54,-15.32065267227885,0.005639076232910156,2.842754125595093,57.70693208734957,0
54,54,-14.86103309211049,0.006665945053100586,2.849420070648193,57.59572412472908,0
54,54,-14.41520209934717,0.007516860961914063,2.856936931610107,57.4878524009872,0
53,53,-17.50008041328854,0.008529186248779297,2.865466117858887,57.35321682895758,-117.2444792307262
53,53,-16.97507800088989,0.007342815399169922,2.872808933258057,57.22262032408885,0
53,53,-16.46582566086319,0.006586074829101563,2.879395008087158,57.09594171436618,0
53,53,-15.97185089103729,0.007795095443725586,2.887190103530884,56.97306346293519,0
53,53,-15.49269536430617,0.003921031951904297,2.891111135482788,56.85387155904714,0
53,53,-15.02791450337699,0.005621910095214844,2.896733045578003,56.73825541227572,0
53,53,-14.57707706827568,0.005901098251342773,2.902634143829346,56.62610774990745,0
52,52,-18.90927123791947,0.006289958953857422,2.908924102783203,56.48732451741022,-158.9835493897354
52,52,-18.34199310078189,0.005739927291870117,2.914664030075073,56.35270478188792,0
52,52,-17.79173330775843,0.005857944488525391,2.920521974563599,56.22212363843128,0
52,52,-17.25798130852568,0.006388187408447266,2.926910161972046,56.09545992927835,0
52,52,-16.74024186926991,0.007365942001342773,2.934276103973389,55.97259613139999,0
52,52,-16.23803461319181,0.006891012191772461,2.941167116165161,55.85341824745799,0
51,51,-20.55243215374744,0.006247997283935547,2.947415113449097,55.70781570003425,-160.0512859650462
51,51,-19.93585918913501,0.007545948028564453,2.954961061477661,55.56658122903322,0
51,51,-19.33778341346096,0.006418943405151367,2.961380004882813,55.42958379216222,0
51,51,-18.75764991105713,0.006849050521850586,2.968229055404663,55.29669627839736,0
50,50,-22.03023862879492,0.007822036743164063,2.976051092147827,55.13779539004544,-127.8439405023165
50,50,-21.36933146993107,0.008020877838134766,2.984071969985962,54.98366152834407,0
50,50,-20.72825152583314,0.005445957183837891,2.9895179271698,54.83415168249374,0
50,50,-20.10640398005815,0.006319046020507813,2.995836973190308,54.68912713201893,0
49,49,-24.27724228900561,0.006283998489379883,3.002120971679688,54.51845331805836,-159.1343476116402
49,49,-23.54892502033544,0.00692296028137207,3.00904393196106,54.35289971851661,0
49,49,-22.84245726972538,0.007157087326049805,3.016201019287109,54.19231272696111,0
49,49,-22.15718355163362,0.007066011428833008,3.023267030715942,54.03654334515227,0
49,49,-21.49246804508461,0.003789901733398438,3.027056932449341,53.8854470447977,0
49,49,-20.84769400373207,0.005793094635009766,3.032850027084351,53.73888363345376,0
49,49,-20.22226318362011,0.006279945373535156,3.039129972457886,53.59671712445015,0
49,49,-19.61559528811151,0.006709098815917969,3.045839071273804,53.45881561071664,0
49,49,-19.02712742946816,0.006116867065429688,3.051955938339233,53.32505114239513,0
48,48,-22.25561672563964,0.007896184921264648,3.059852123260498,53.16529960812328,-126.6434373018509
48,48,-21.58794822387045,0.008131027221679688,3.067983150482178,53.01034061987958,0
48,48,-20.94030977715434,0.0081329345703125,3.07611608505249,52.86003040128319,0
48,48,-20.31210048383971,0.006478071212768555,3.082594156265259,52.71422948924469,0
48,48,-19.70273746932452,0.006451845169067383,3.089046001434326,52.57280260456735,0
48,48,-19.11165534524478,0.007081985473632813,3.096127986907959,52.43561852643032,0
48,48,-18.53830568488744,0.004110097885131836,3.100238084793091,52.30254997063741,0
48,48,-17.98215651434081,0.006651878356933594,3.106889963150024,52.17347347151829,0
47,47,-21.53762542994938,0.007326126098632813,3.114216089248657,52.01826926737273,-136.4977870346264
47,47,-20.8914966670509,0.007276058197021484,3.121492147445679,51.86772118935155,0
47,47,-20.26475176703937,0.007044792175292969,3.128536939620972,51.72168955367099,0
47,47,-19.65680921402819,0.007623195648193359,3.136160135269165,51.58003886706086,0
47,47,-19.06710493760734,0.007979869842529297,3.144140005111694,51.44263770104903,0
47,47,-18.49509178947912,0.005581140518188477,3.149721145629883,51.30935857001756,0
47,47,-17.94023903579475,0.006132841110229492,3.155853986740112,51.18007781291702,0
47,47,-17.4020318647209,0.006425142288208008,3.16227912902832,51.05467547852951,0
47,47,-16.87997090877928,0.006676912307739258,3.16895604133606,50.93303521417361,0
47,47,-16.3735717815159,0.008919954299926758,3.177875995635986,50.81504415774841,0
47,47,-15.88236462807042,0.008038997650146484,3.185914993286133,50.70059283301595,0
46,46,-23.02589732272919,0.003937005996704102,3.189851999282837,50.55957504802548,-254.0001211166959
46,46,-22.33512040304731,0.005270957946777344,3.195122957229614,50.42278779658471,0
46,46,-21.66506679095589,0.006049156188964844,3.201172113418579,50.29010416268717,0
46,46,-21.01511478722721,0.005993843078613281,3.207165956497192,50.16140103780655,0
46,46,-20.3846613436104,0.005074977874755859,3.212240934371948,50.03655900667236,0
46,46,-19.77312150330208,0.006009101867675781,3.218250036239624,49.91546223647219,0
46,46,-19.17992785820302,0.006711959838867188,3.224961996078491,49.79799836937802,0
46,46,-18.60453002245693,0.003720998764038086,3.228682994842529,49.68405841829668,0
46,46,-18.04639412178322,0.005957126617431641,3.234640121459961,49.57353666574779,0
46,46,-17.50500229812972,0.005618810653686523,3.240258932113647,49.46633056577536,0
46,46,-16.97985222918583,0.005997180938720703,3.246256113052368,49.36234064880209,0
46,46,-16.47045666231026,0.006309986114501953,3.25256609916687,49.26147042933803,0
46,46,-15.97634296244095,0.007689952850341797,3.260256052017212,49.16362631645789,0
46,46,-15.49705267356772,0.007258892059326172,3.267514944076538,49.06871752696415,0
45,45,-19.04442131401692,0.007477045059204102,3.274991989135742,48.94665600115523,-133.7426740218743
45,45,-18.47308867459641,0.00664210319519043,3.281634092330933,48.82825632112057,0
45,45,-17.91889601435852,0.008122920989990234,3.289757013320923,48.71340863148696,0
45,45,-17.38132913392776,0.005470037460327148,3.29522705078125,48.60200637254235,0
45,45,-16.85988925990993,0.004584074020385742,3.299811124801636,48.49394618136608,0
45,45,-16.35409258211263,0.006062030792236328,3.305873155593872,48.38912779592509,0
45,45,-15.86346980464925,0.005460977554321289,3.311334133148193,48.28745396204734,0
45,45,-15.38756571050977,0.005846023559570313,3.317180156707764,48.18883034318592,0
45,45,-14.92593873919448,0.006597995758056641,3.32377815246582,48.09316543289035,0
45,45,-14.47816057701864,0.0064239501953125,3.330202102661133,48.00037046990364,0
44,44,-17.86109938073772,0.007858991622924805,3.338061094284058,47.88035935580653,-127.2427873676546
44,44,-17.32526639931559,0.007138967514038086,3.345200061798096,47.76394857513234,0
44,44,-16.80550840733612,0.007508039474487305,3.352708101272583,47.65103011787836,0
44,44,-16.30134315511604,0.00642085075378418,3.359128952026367,47.54149921434201,0
43,43,-19.63097664881496,0.007856130599975586,3.366985082626343,47.40525423791175,-127.2891262784134
43,43,-19.04204734935051,0.005248069763183594,3.372233152389526,47.2730966107744,0
43,43,-18.47078592887,0.006981849670410156,3.379215002059937,47.14490371245116,0
43,43,-17.91666235100389,0.006418943405151367,3.385633945465088,47.02055660107763,0
42,42,-24.36889251047045,0.004292011260986328,3.389925956726074,46.86993990304529,-232.9910009998889
42,42,-23.63782573515633,0.007086038589477539,3.397011995315552,46.72384170595393,0
42,42,-22.92869096310164,0.004941940307617188,3.401953935623169,46.58212645477531,0
42,42,-22.24083023420859,0.005834102630615234,3.407788038253784,46.44466266113205,0
42,42,-21.57360532718233,0.006443977355957031,3.414232015609741,46.31132278129808,0
42,42,-20.92639716736686,0.005691051483154297,3.419923067092896,46.18198309785914,0
42,42,-20.29860525234585,0.005759954452514648,3.42568302154541,46.05652360492337,0
42,42,-19.68964709477548,0.008404970169067383,3.434087991714478,45.93482789677566,0
42,42,-19.09895768193221,0.006812095642089844,3.440900087356567,45.81678305987238,0
41,41,-22.72001334984769,0.007153034210205078,3.448053121566772,45.67227956807621,-139.8008132791147
42,42,-18.30239394697696,0.008029937744140625,3.456083059310913,45.56211118103392,124.5339667458432
42,42,-17.75332212856766,0.003563880920410156,3.459646940231323,45.4552478456029,0
42,42,-17.22072246471062,0.007093191146850586,3.466740131378174,45.35159041023481,0
42,42,-16.7041007907693,0.005987882614135742,3.47272801399231,45.25104269792776,0
43,43,-11.3226643822578,0.006147146224975586,3.478875160217285,45.18351141698992,162.6771128262809
43,43,-10.98298445079007,0.007009983062744141,3.485885143280029,45.11800607448023,0
43,43,-10.65349491726636,0.006337881088256836,3.492223024368286,45.05446589224581,0
42,42,-16.61404179663997,0.004776954650878906,3.496999979019165,44.96283191547843,-209.3383908963865
42,42,-16.11562054274077,0.005594968795776367,3.502594947814941,44.87394695801408,0
42,42,-15.63215192645854,0.005146980285644531,3.507741928100586,44.78772854927365,0
41,41,-19.45067271689976,0.006997108459472656,3.514739036560059,44.67409669279543,-142.9161782744991
41,41,-18.86715253539277,0.00533604621887207,3.520075082778931,44.56387379201156,0
41,41,-18.30113795933098,0.006432056427001953,3.526507139205933,44.45695757825121,0
40,40,-21.74731321886825,0.007508993148803711,3.534016132354736,44.32324885090368,-133.1736466105731
40,40,-21.0948938223022,0.005182027816772461,3.539198160171509,44.19355138537657,0
40,40,-20.46204700763313,0.006750822067260742,3.54594898223877,44.06774484381528,0
40,40,-19.84818559740414,0.005093097686767578,3.551042079925537,43.94571249850082,0
40,40,-19.25274002948201,0.006161928176879883,3.557204008102417,43.82734112354579,0
40,40,-18.67515782859755,0.005311012268066406,3.562515020370483,43.71252088983942,0
40,40,-18.11490309373962,0.005075931549072266,3.567590951919556,43.60114526314424,0
40,40,-17.57145600092743,0.006469011306762695,3.574059963226318,43.49311090524991,0
40,40,-17.04431232089961,0.005283117294311523,3.57934308052063,43.38831757809242,0
40,40,-16.53298295127262,0.008108854293823242,3.587451934814453,43.28666805074965,0
40,40,-16.03699346273444,0.007539033889770508,3.594990968704224,43.18806800922716,0
40,40,-15.55588365885241,0.006560087203979492,3.601551055908203,43.09242596895035,0
39,39,-19.57157819496885,0.006692886352539063,3.608243942260742,42.96965318988184,-149.4123681960673
39,39,-18.98443084911979,0.007804155349731445,3.616048097610474,42.85056359418538,0
39,39,-18.41489792364619,0.00803685188293457,3.624084949493408,42.73504668635982,0
39,39,-17.86245098593681,0.005125045776367188,3.629209995269775,42.62299528576903,0
39,39,-17.3265774563587,0.006632089614868164,3.635842084884644,42.51430542719596,0
38,38,-21.53115949738973,0.006350040435791016,3.642192125320435,42.37887626438008,-157.4793121573928
38,38,-20.88522471246804,0.006842851638793945,3.649034976959229,42.24750997644867,0
37,37,-22.61453324229281,0.01273417472839355,3.661769151687622,42.09008467715521,-78.52884237329389
37,37,-21.93609724502402,0.006234884262084961,3.668004035949707,41.93738213684056,0
37,37,-21.2780143276733,0.007241964340209961,3.675246000289917,41.78926067273534,0
37,37,-20.6396738978431,0.007037162780761719,3.682283163070679,41.64558285255327,0
36,36,-26.25891303142838,0.004808902740478516,3.687092065811157,41.47621536697668,-207.9476450173525
36,36,-25.47114564048552,0.007471084594726563,3.694563150405884,41.31192890596737,0
36,36,-24.70701127127096,0.006023883819580078,3.700587034225464,41.15257103878835,0
36,36,-23.96580093313283,0.004271984100341797,3.704859018325806,40.99799390762469,0
37,37,-18.00023056606533,0.005717992782592773,3.710577011108398,40.87805409039595,174.8865446357837
37,37,-17.46022364908337,0.008435964584350586,3.719012975692749,40.76171246768407,0
36,36,-21.93558738061206,0.006000995635986328,3.725013971328735,40.61886109365354,-166.6390147000397
36,36,-21.2775197591937,0.00599217414855957,3.731006145477295,40.48029526084393,0
36,36,-20.63919416641789,0.005903005599975586,3.736909151077271,40.34588640301862,0
36,36,-20.02001834142535,0.00763392448425293,3.744543075561523,40.21550981092805,0
36,36,-19.41941779118259,0.006823062896728516,3.751366138458252,40.08904451660021,0
36,36,-18.83683525744711,0.004813909530639648,3.756180047988892,39.96637318110219,0
36,36,-18.2717301997237,0.005667924880981445,3.761847972869873,39.84738198566912,0
36,36,-17.72357829373199,0.005825042724609375,3.767673015594482,39.73196052609905,0
36,36,-17.19187094492003,0.006531000137329102,3.774204015731812,39.62000171031607,0
36,36,-16.67611481657243,0.005706071853637695,3.779910087585449,39.51140165900658,0
36,36,-16.17583137207525,0.006114006042480469,3.78602409362793,39.40605960923638,0
36,36,-15.69055643091299,0.007994890213012695,3.794018983840942,39.30387782095929,0
36,36,-15.21983973798561,0.006006956100463867,3.800025939941406,39.20476148633051,0
36,36,-14.76324454584604,0.004939079284667969,3.804965019226074,39.10861864174059,0
36,36,-14.32034720947065,0.005865097045898438,3.810830116271973,39.01536008248836,0
36,36,-13.89073679318654,0.005448818206787109,3.81627893447876,38.92489928001371,0
36,36,-13.47401468939094,0.007533073425292969,3.823812007904053,38.8371523016133,0
36,36,-13.06979424870921,0.005201101303100586,3.829013109207153,38.7520377325649,0
36,36,-12.67770042124793,0.006602048873901367,3.835615158081055,38.66947660058795,0
36,36,-12.29736940861049,0.004268884658813477,3.839884042739868,38.58939230257031,0
36,36,-11.92844832635218,0.006146907806396484,3.846030950546265,38.5117105334932,0
36,36,-11.57059487656161,0.00521397590637207,3.851244926452637,38.4363592174884,0
36,36,-11.22347703026476,0.005908012390136719,3.857152938842773,38.36326844096375,0
36,36,-10.88677271935682,0.007470130920410156,3.864623069763184,38.29237038773483,0
36,36,-10.56016953777612,0.006989002227783203,3.871612071990967,38.22359927610279,0
36,36,-10.24336445164283,0.007487058639526367,3.879099130630493,38.15689129781971,0
35,35,-14.51699842416607,0.006548881530761719,3.885648012161255,38.06218455888511,-152.6978302024174
35,35,-14.08148847144108,0.007031917572021484,3.892679929733276,37.97031902211855,0
35,35,-13.65904381729785,0.006260156631469727,3.898940086364746,37.88120945145499,0
35,35,-13.24927250277891,0.00715184211730957,3.906091928482056,37.79477316791134,0
35,35,-12.85179432769555,0.006655216217041016,3.912747144699097,37.71092997287399,0
35,35,-12.46624049786468,0.006677865982055664,3.919425010681152,37.62960207368777,0
35,35,-12.09225328292874,0.006765127182006836,3.926190137863159,37.55071401147713,0
35,35,-11.72948568444088,0.007885932922363281,3.934076070785522,37.47419259113281,0
35,35,-11.37760111390765,0.006026983261108398,3.940103054046631,37.39996681339883,0
35,35,-11.03627308049042,0.007608890533447266,3.947711944580078,37.32796780899686,0
35,35,-10.70518488807571,0.003906011581420898,3.951617956161499,37.25812877472695,0
35,35,-10.38402934143343,0.005506038665771484,3.957123994827271,37.19038491148514,0
35,35,-10.07250846119043,0.006206989288330078,3.963330984115601,37.12467336414059,0
35,35,-9.770333207354717,0.006032943725585938,3.969363927841187,37.06093316321637,0
35,35,-9.477223211134076,0.007590055465698242,3.976953983306885,36.99910516831987,0
35,35,-9.192906514800054,0.007315158843994141,3.984269142150879,36.93913201327027,0
35,35,-8.917119319356052,0.01000189781188965,3.994271039962769,36.88095805287215,0
34,34,-11.67412608686573,0.009918928146362305,4.004189968109131,36.794529311286,-100.8173449030118
34,34,-11.32390230425975,0.007951974868774414,4.012141942977905,36.71069343194741,0
34,34,-10.98418523513196,0.006009101867675781,4.018151044845581,36.62937262898899,0
34,34,-10.654659678078,0.007441997528076172,4.025593042373657,36.55049145011933,0
34,34,-10.33501988773566,0.004376888275146484,4.029969930648804,36.47397670661574,0
34,34,-10.02496929110359,0.007370233535766602,4.03734016418457,36.39975740541728,0
34,34,-9.724220212370481,0.005237817764282227,4.042577981948853,36.32776468325476,0
34,34,-9.432493605999367,0.005650997161865234,4.048228979110718,36.25793174275712,0
33,33,-14.18973990737276,0.005952119827270508,4.054181098937988,36.16019379047441,-168.0073703184458
33,33,-13.76404771015158,0.006592988967895508,4.060774087905884,36.06538797676018,0
33,33,-13.35112627884703,0.006942987442016602,4.0677170753479,35.97342633745738,0
33,33,-12.95059249048162,0.00886988639831543,4.076586961746216,35.88422354733366,0
34,34,-8.560512623224636,0.007497072219848633,4.084084033966064,35.82769684091365,133.3854030847512
33,33,-16.94699440073067,0.003470897674560547,4.087554931640625,35.74286593568624,-288.1099052067592
33,33,-16.43858456870875,0.007565021514892578,4.095119953155518,35.66057995761565,0
33,33,-15.94542703164749,0.004949092864990234,4.100069046020508,35.58076255888719,0
33,33,-15.46706422069806,0.007035017013549805,4.107104063034058,35.50333968212058,0
33,33,-15.00305229407712,0.007622957229614258,4.114727020263672,35.42823949165696,0
33,33,-14.5529607252548,0.004396915435791016,4.119123935699463,35.35539230690726,0
33,33,-14.11637190349716,0.005451202392578125,4.124575138092041,35.28473053770004,0
32,32,-17.81720864963391,0.00727391242980957,4.131849050521851,35.18618862156904,-137.4775967747222
32,32,-17.28269239014489,0.005702018737792969,4.137551069259644,35.09060296292196,0
32,32,-16.76421161844055,0.007955074310302734,4.145506143569946,34.99788487403431,0
32,32,-16.26128526988733,0.007272005081176758,4.152778148651123,34.90794832781328,0
32,32,-15.77344671179071,0.006745815277099609,4.159523963928223,34.82070987797888,0
32,32,-15.30024331043699,0.008011102676391602,4.167535066604614,34.73608858163951,0
32,32,-14.84123601112388,0.007689952850341797,4.175225019454956,34.65400592419033,0
31,31,-19.16695214228633,0.006288051605224609,4.181513071060181,34.54438574646462,-159.031773716539
31,31,-18.59194357801774,0.006386041641235352,4.187899112701416,34.43805417407068,0
31,31,-18.03418527067721,0.009430885314941406,4.197329998016357,34.33491254884856,0
31,31,-17.49315971255689,0.008602142333984375,4.205932140350342,34.2348651723831,0
31,31,-16.96836492118019,0.006623983383178711,4.212556123733521,34.13781921721161,0
31,31,-16.45931397354478,0.007228851318359375,4.21978497505188,34.04368464069526,0
31,31,-15.96553455433844,0.007583141326904297,4.227368116378784,33.95237410147441,0
31,31,-15.48656851770828,0.007375001907348633,4.234743118286133,33.86380287843017,0
31,31,-15.02197146217704,0.004202842712402344,4.238945960998535,33.77788879207726,0
30,30,-19.78508210367677,0.005753993988037109,4.244699954986572,33.66455212831495,-173.7923261788348
30,30,-19.19152964056646,0.005351066589355469,4.250051021575928,33.55461556446549,0
30,30,-18.61578375134947,0.007192134857177734,4.257243156433105,33.44797709753153,0
30,30,-18.05731023880899,0.008902788162231445,4.266145944595337,33.34453778460558,0
30,30,-17.51559093164472,0.006625175476074219,4.272771120071411,33.24420165106741,0
30,30,-16.99012320369538,0.006575822830200195,4.279346942901611,33.14687560153539,0
30,30,-16.48041950758452,0.006319999694824219,4.285666942596436,33.05246933348932,0
30,30,-15.98600692235698,0.006527185440063477,4.292194128036499,32.96089525348464,0
30,30,-15.50642671468627,0.00677180290222168,4.298965930938721,32.8720683958801,0
29,29,-19.2809023656868,0.007076025009155273,4.306041955947876,32.75590634400369,-141.3222817480373
29,29,-18.70247529471619,0.006781101226806641,4.312823057174683,32.64322915368358,0
29,29,-18.14140103587471,0.007077932357788086,4.319900989532471,32.53393227907307,0
29,29,-17.59715900479847,0.007496118545532227,4.327397108078003,32.42791431070088,0
28,28,-20.99233209397982,0.007647037506103516,4.335044145584106,32.29507688137985,-130.7695953108437
28,28,-20.36256213116043,0.006497859954833984,4.34154200553894,32.16622457493846,0
28,28,-19.75168526722562,0.006587028503417969,4.348129034042358,32.04123783769031,0
28,28,-19.15913470920885,0.006968975067138672,4.355098009109497,31.92000070255959,0
27,27,-23.17080571987353,0.006541013717651367,4.361639022827148,31.77240068148281,-152.881501731365
27,27,-22.47568154827732,0.005674123764038086,4.367313146591187,31.62922866103832,0
27,27,-21.801411101829,0.006470918655395508,4.373784065246582,31.49035180120717,0
27,27,-21.14736876877413,0.005009889602661133,4.378793954849243,31.35564124717095,0
27,27,-20.5129477057109,0.005956172943115234,4.384750127792358,31.22497200975582,0
27,27,-19.89755927453958,0.005496978759765625,4.390247106552124,31.09822284946315,0
27,27,-19.30063249630339,0.005923986434936523,4.396171092987061,30.97527616397925,0
27,27,-18.72161352141428,0.006463050842285156,4.402634143829346,30.85601787905987,0
27,27,-18.15996511577185,0.006183862686157227,4.408818006515503,30.74033734268808,0
27,27,-17.6151661622987,0.006814956665039063,4.415632963180542,30.62812722240743,0
27,27,-17.08671117742974,0.004134178161621094,4.419767141342163,30.51928340573521,0
27,27,-16.57410984210685,0.005884885787963867,4.425652027130127,30.41370490356315,0
27,27,-16.07688654684364,0.005712032318115234,4.431364059448242,30.31129375645625,0
27,27,-15.59457995043833,0.00616908073425293,4.437533140182495,30.21195494376256,0
26,26,-19.22407631942763,0.007321834564208984,4.444854974746704,30.08559629544969,-136.5777922500814
26,26,-18.6473540298448,0.003837108612060547,4.448692083358765,29.9630284065862,0
26,26,-18.08793340894945,0.006937980651855469,4.45563006401062,29.84413755438861,0
26,26,-17.54529540668097,0.004426002502441406,4.460056066513062,29.72881342775695,0
26,26,-17.01893654448054,0.007109880447387695,4.467165946960449,29.61694902492424,0
25,25,-20.41756193640262,0.007674217224121094,4.47484016418457,29.47844055417652,-130.3064496085498
25,25,-19.80503507831054,0.00632476806640625,4.481164932250977,29.34408733755122,0
25,25,-19.21088402596122,0.007787227630615234,4.488952159881592,29.21376471742468,0
25,25,-18.63455750518238,0.009071826934814453,4.498023986816406,29.08735177590194,0
24,24,-21.78237363022576,0.008093118667602539,4.506117105484009,28.93473122262488,-123.561761673295
24,24,-21.12890242131898,0.006707906723022461,4.512825012207031,28.78668928594614,0
24,24,-20.49503534867941,0.007134914398193359,4.519959926605225,28.64308860736775,0
24,24,-19.88018428821903,0.007011175155639648,4.526971101760864,28.50379594914671,0
24,24,-19.28377875957246,0.00712895393371582,4.53410005569458,28.36868207067231,0
23,23,-23.22466486521428,0.006638050079345703,4.540738105773926,28.20762160855214,-150.6466489476331
24,24,-18.21383296602303,0.006953954696655273,4.547692060470581,28.08139296029557,143.8030651078273
24,24,-17.66741797704234,0.008253097534179688,4.555945158004761,27.95895117148671,0
24,24,-17.13739543773107,0.006339788436889648,4.56228494644165,27.8401826363421,0
23,23,-20.59465092594366,0.007554054260253906,4.569839000701904,27.69497715725184,-132.3792450448176
24,24,-15.63158313654507,0.006904125213623047,4.576743125915527,27.58412784253428,144.8409420540093
24,24,-15.16263564244872,0.004485845565795898,4.581228971481323,27.47660400725825,0
24,24,-14.70775657317525,0.005973100662231445,4.587202072143555,27.3723058870405,0
23,23,-18.68747532001064,0.006785869598388672,4.593987941741943,27.24113671042929,-147.3650481343546
23,23,-18.12685106041031,0.005955219268798828,4.599943161010742,27.1139026091164,0
23,23,-17.583045528598,0.006234884262084961,4.606178045272827,26.99048553084292,0
23,23,-17.05555416274006,0.006473064422607422,4.612651109695435,26.87077096491763,0
23,23,-16.54388753785786,0.006325960159301758,4.618977069854736,26.7546478359701,0
23,23,-16.04757091172212,0.007854938507080078,4.626832008361816,26.642008400891,0
23,23,-15.56614378437046,0.007107973098754883,4.633939981460571,26.53274814886427,0
23,23,-15.09915947083934,0.00623011589050293,4.640170097351074,26.42676570439834,0
23,23,-14.64618468671417,0.004719972610473633,4.644890069961548,26.3239627332664,0
23,23,-14.20679914611274,0.005725860595703125,4.650615930557251,26.2242438512684,0
22,22,-18.87386050263403,0.005890130996704102,4.656506061553955,26.09751653573035,-169.7755110301558
22,22,-18.30764468755501,0.008229970932006836,4.664736032485962,25.97459103965844,0
22,22,-17.75841534692836,0.01050901412963867,4.675245046615601,25.85535330846869,0
22,22,-17.22566288652051,0.008521080017089844,4.68376612663269,25.73969270921463,0
22,22,-16.70889299992489,0.006002902984619141,4.68976902961731,25.62750192793819,0
22,22,-16.20762620992715,0.007002115249633789,4.696771144866943,25.51867687010004,0
22,22,-15.72139742362933,0.00438690185546875,4.701158046722412,25.41311656399704,0
22,22,-15.24975550092045,0.006125926971435547,4.707283973693848,25.31072306707713,0
