Lys=meas,Avstand=calc,Fart_IIR=calc,Ts=calc,Tid=meas,Avstand_IIR=calc,Fart=calc
Lys0=32
32,32,0,0.005,0,32,0
33,33,8.151006170140523,0.0245368480682373,0.0245368480682373,32.20000000000001,40.75503085070204
33,33,112.5043822296757,0.00142216682434082,0.02595901489257813,32.36000000000001,0
33,33,17.30446130539889,0.007396936416625977,0.0333559513092041,32.48800000000001,0
33,33,16.25157899197867,0.006300926208496094,0.0396568775177002,32.59040000000001,0
34,34,39.2973806473911,0.007174015045166016,0.04683089256286621,32.87232000000001,139.3919574609505
34,34,46.46429328277383,0.004853963851928711,0.05168485641479492,33.09785600000001,0
35,35,53.04987158571773,0.007171154022216797,0.05885601043701172,33.47828480000001,139.4475696522375
35,35,43.15732064521456,0.007051944732666016,0.06590795516967773,33.78262784000001,0
35,35,18.8126261266939,0.01294207572937012,0.07885003089904785,34.02610227200001,0
35,35,204.855723979002,0.0009508132934570313,0.07980084419250488,34.22088181760001,0
36,36,45.36131126052783,0.007844209671020508,0.08764505386352539,34.57670545408002,127.4825689188779
36,36,55.07131002887919,0.005168914794921875,0.09281396865844727,34.86136436326402,0
36,36,16.70526262554654,0.01363205909729004,0.1064460277557373,35.08909149061122,0
36,36,19.11078033495133,0.009532928466796875,0.1159789562225342,35.27127319248898,0
37,37,72.34528075480855,0.00477910041809082,0.120758056640625,35.61701855399118,209.2444000997755
37,37,34.3945722556807,0.008041858673095703,0.1287999153137207,35.89361484319294,0
38,38,51.66561221483333,0.008153915405273438,0.1369538307189941,36.31489187455436,122.6404678362573
38,38,48.46308112307439,0.006954193115234375,0.1439080238342285,36.65191349964349,0
38,38,59.89073827763304,0.004501819610595703,0.1484098434448242,36.92153079971479,0
39,39,37.84887631065483,0.01098299026489258,0.1593928337097168,37.33722463977184,91.04988494768376
39,39,130.358604570215,0.002551078796386719,0.1619439125061035,37.66977971181747,0
39,39,44.87892757082643,0.00592803955078125,0.1678719520568848,37.93582376945398,0
39,39,29.93011882575051,0.007111072540283203,0.174983024597168,38.14865901556319,0
40,40,49.25835382128483,0.007516860961914063,0.182499885559082,38.51892721245055,133.0342552651611
40,40,71.35798652702133,0.004151105880737305,0.1866509914398193,38.81514176996044,0
39,39,5.910818476751461,0.006254911422729492,0.1929059028625488,38.85211341596836,-159.874366304555
39,39,4.539197152947883,0.006515979766845703,0.1994218826293945,38.88169073277469,0
40,40,25.24979965418816,0.008857965469360352,0.2082798480987549,39.10535258621975,112.8927408284661
40,40,23.39561834408685,0.007647991180419922,0.2159278392791748,39.2842820689758,0
40,40,18.70891266066244,0.007651090621948242,0.223578929901123,39.42742565518064,0
40,40,18.26413312627001,0.006269931793212891,0.2298488616943359,39.54194052414452,0
39,39,-15.15678674522448,0.007151126861572266,0.2369999885559082,39.43355241931562,-139.838100953524
39,39,-12.39064218141961,0.006998062133789063,0.2439980506896973,39.3468419354525,0
40,40,18.91035744297588,0.006907939910888672,0.2509059906005859,39.477473548362,144.7609581003659
40,40,15.10222427102469,0.00691986083984375,0.2578258514404297,39.5819788386896,0
40,40,17.53746265535296,0.004767179489135742,0.2625930309295654,39.66558307095168,0
40,40,11.57585428055633,0.005777835845947266,0.2683708667755127,39.73246645676134,0
40,40,7.307590182931641,0.007322072982788086,0.2756929397583008,39.78597316540908,0
40,40,8.012975171223014,0.005342006683349609,0.2810349464416504,39.82877853232726,0
40,40,4.466970745447917,0.007666110992431641,0.288701057434082,39.86302282586181,0
40,40,3.319891996166128,0.00825190544128418,0.2969529628753662,39.89041826068945,0
40,40,3.298188995853709,0.006644964218139648,0.3035979270935059,39.91233460855156,0
40,40,1.315593767268077,0.01332712173461914,0.316925048828125,39.92986768684125,0
40,40,2.96857646191285,0.004724979400634766,0.3216500282287598,39.943894149473,0
40,40,1.566327165127896,0.00716400146484375,0.3288140296936035,39.9551153195784,0
40,40,0.9820552667246304,0.009140968322753906,0.3379549980163574,39.96409225566272,0
40,40,2.467972072181229,0.00290989875793457,0.340864896774292,39.97127380453018,0
40,40,0.8334698157429315,0.006893157958984375,0.3477580547332764,39.97701904362414,0
40,40,0.5030353430109258,0.00913691520690918,0.3568949699401855,39.98161523489931,0
40,40,0.3637325179288691,0.01010894775390625,0.3670039176940918,39.98529218791945,0
40,40,0.2994831421741204,0.00982213020324707,0.3768260478973389,39.98823375033556,0
39,39,-22.87059768790521,0.008641958236694336,0.3854680061340332,39.79058700026845,-115.7145143046321
39,39,-25.98105631570808,0.006085872650146484,0.3915538787841797,39.63246960021476,0
39,39,-26.35769063598845,0.004799127578735352,0.396353006362915,39.50597568017182,0
38,38,-42.28490975530376,0.007122993469238281,0.4034759998321533,39.20478054413746,-140.3904137100013
38,38,-43.47039318162398,0.005542993545532227,0.4090189933776855,38.96382443530997,0
38,38,-22.06042392533847,0.008738040924072266,0.4177570343017578,38.77105954824798,0
37,37,-32.14558343230681,0.01101899147033691,0.4287760257720947,38.41684763859838,-90.75240712292013
37,37,-36.26908585879637,0.007812976837158203,0.4365890026092529,38.13347811087871,0
37,37,-21.82505520071142,0.01038694381713867,0.4469759464263916,37.90678248870297,0
37,37,-30.00648062719396,0.006043910980224609,0.4530198574066162,37.72542599096237,0
36,36,-51.09946079856931,0.006753206253051758,0.459773063659668,37.3803407927699,-148.0778111209179
36,36,-36.05523218731355,0.00765681266784668,0.4674298763275146,37.10427263421593,0
35,35,-68.93395654924254,0.006105184555053711,0.4735350608825684,36.68341810737274,-163.7952122466513
35,35,-60.59964211840479,0.005555868148803711,0.4790909290313721,36.3467344858982,0
35,35,-55.61575189426198,0.004842996597290039,0.4839339256286621,36.07738758871856,0
34,34,-64.70514683582782,0.006421089172363281,0.4903550148010254,35.66191007097485,-155.7368186543888
34,34,-52.56036840846093,0.006323814392089844,0.4966788291931152,35.32952805677988,0
33,33,-52.13707663436931,0.008936166763305664,0.5056149959564209,34.86362244542391,-111.9048051012513
32,32,-81.44641674463406,0.007031917572021484,0.5126469135284424,34.29089795633913,-142.2087204177121
31,31,-96.43699058104527,0.006824970245361328,0.5194718837738037,33.63271836507131,-146.5207853000769
30,30,-79.55060521310422,0.009133100509643555,0.5286049842834473,32.90617469205705,-109.4918422220482
29,29,-83.95001094278348,0.009305953979492188,0.5379109382629395,32.12493975364564,-107.4580856732937
28,28,-73.40369668423776,0.01123905181884766,0.5491499900817871,31.29995180291652,-88.97547730165465
28,28,-100.3043774677868,0.006579875946044922,0.555729866027832,30.63996144233322,0
26,26,-137.9263560412757,0.006728172302246094,0.5624580383300781,29.71196915386658,-297.2575478384125
26,26,-139.3148142806957,0.005328893661499023,0.5677869319915771,28.96957532309326,0
26,26,-69.76587495631752,0.008512973785400391,0.5762999057769775,28.37566025847461,0
25,25,-140.0657399689474,0.004820108413696289,0.5811200141906738,27.70052820677969,-207.4642132858485
25,25,-109.7348988549587,0.004921913146972656,0.5860419273376465,27.16042256542375,0
25,25,-62.6029846132653,0.006901979446411133,0.5929439067840576,26.728338052339,0
24,24,-93.50011607384308,0.005836009979248047,0.5987799167633057,26.18267044187121,-171.3499468910859
24,24,-57.71882835270219,0.007563114166259766,0.6063430309295654,25.74613635349697,0
24,24,-52.67424260657141,0.00662994384765625,0.6129729747772217,25.39690908279757,0
24,24,-45.92820689514919,0.006083011627197266,0.6190559864044189,25.11752726623806,0
24,24,-33.19581503464126,0.006732940673828125,0.6257889270782471,24.89402181299045,0
24,24,-22.92053341267125,0.007801055908203125,0.6335899829864502,24.71521745039237,0
24,24,-20.54332760178335,0.006963014602661133,0.6405529975891113,24.57217396031389,0
24,24,-15.71264955930452,0.00728297233581543,0.6478359699249268,24.45773916825112,0
24,24,-11.81584284304573,0.007747888565063477,0.6555838584899902,24.3661913346009,0
24,24,-13.20310994138965,0.005547046661376953,0.6611309051513672,24.29295306768072,0
24,24,-8.838542825387908,0.006628990173339844,0.667759895324707,24.23436245414458,0
24,24,-10.01107423228828,0.004682064056396484,0.6724419593811035,24.18748996331566,0
24,24,-3.777723935794653,0.009926080703735352,0.6823680400848389,24.14999197065253,0
24,24,-7.098583046271031,0.004225969314575195,0.6865940093994141,24.11999357652203,0
25,25,27.07312474433824,0.006500959396362305,0.6930949687957764,24.29599486121762,153.8234495910808
25,25,24.42358618375127,0.005764961242675781,0.6988599300384521,24.4367958889741,0
25,25,14.56829636566412,0.007731914520263672,0.7065918445587158,24.54943671117928,0
25,25,14.82835265843242,0.006077051162719727,0.7126688957214355,24.63954936894343,0
25,25,10.64375896679179,0.006772994995117188,0.7194418907165527,24.71163949515474,0
25,25,5.256743823515863,0.0109710693359375,0.7304129600524902,24.7693115961238,0
26,26,28.03389613388147,0.008780002593994141,0.7391929626464844,25.01544927689904,113.895182751317
26,26,25.77718499441505,0.007638931274414063,0.7468318939208984,25.21235942151923,0
27,27,53.75422467565855,0.006651163101196289,0.7534830570220947,25.56988753721539,150.3496433308241
27,27,31.73801647190341,0.009011983871459961,0.7624950408935547,25.85591002977231,0
28,28,43.20217687589333,0.00992584228515625,0.7724208831787109,26.28472802381785,100.7471176018447
28,28,46.68032773675544,0.007349014282226563,0.7797698974609375,26.62778241905428,0
29,29,66.31874750803809,0.007153987884521484,0.786923885345459,27.10222593524343,139.7821768979538
29,29,82.60095834488432,0.004595041275024414,0.7915189266204834,27.48178074819474,0
29,29,51.2484252603421,0.00592494010925293,0.7974438667297363,27.7854245985558,0
30,30,78.58710152357585,0.005635976791381836,0.8030798435211182,28.22833967884464,177.4315326367444
31,31,81.19564149930659,0.006827116012573242,0.8099069595336914,28.78267174307571,146.4747337174786
32,32,72.65042276955277,0.008857011795043945,0.8187639713287354,29.42613739446057,112.9048964978869
32,32,122.9772993320551,0.004185914993286133,0.8229498863220215,29.94090991556845,0
32,32,70.12097412001413,0.005872964859008789,0.8288228511810303,30.35272793245476,0
33,33,53.9697369042376,0.009810209274291992,0.8386330604553223,30.88218234596381,101.9346246384913
34,34,108.6948305011606,0.005736827850341797,0.8443698883056641,31.50574587677105,174.3123597373452
34,34,73.84788088854504,0.00675511360168457,0.8511250019073486,32.00459670141685,0
35,35,71.59988623047008,0.008367061614990234,0.8594920635223389,32.60367736113348,119.5162705875648
35,35,51.62385078963778,0.009283781051635742,0.8687758445739746,33.08294188890679,0
37,37,52.01542639372729,0.0150611400604248,0.8838369846343994,33.86635351112544,132.792072311662
37,37,89.1505528242053,0.007030010223388672,0.8908669948577881,34.49308280890035,0
38,38,104.0172321780505,0.006742954254150391,0.8976099491119385,35.19446624712028,148.3029488720741
39,39,81.40125681127243,0.009350061416625977,0.9069600105285645,35.95557299769622,106.951169135834
39,39,128.8912118044895,0.004724025726318359,0.9116840362548828,36.56445839815698,0
39,39,78.18906913721101,0.006229877471923828,0.9179139137268066,37.05156671852559,0
39,39,79.4470568825285,0.004904985427856445,0.9228188991546631,37.44125337482047,0
40,40,76.24439617062402,0.006711959838867188,0.9295308589935303,37.95300269985638,148.9877806194942
40,40,52.03314423188218,0.007868051528930664,0.9373989105224609,38.36240215988511,0
40,40,50.3174475014487,0.006509065628051758,0.9439079761505127,38.68992172790809,0
40,40,56.26239222800629,0.00465703010559082,0.9485650062561035,38.95193738232647,0
40,40,29.60695894634529,0.007079839706420898,0.9556448459625244,39.16154990586118,0
40,40,33.47657861634415,0.005009174346923828,0.9606540203094482,39.32923992468895,0
40,40,22.66471978504393,0.005918979644775391,0.9665729999542236,39.46339193975117,0
40,40,16.93335841352791,0.006337881088256836,0.9729108810424805,39.57071355180094,0
40,40,14.32367739411519,0.005994081497192383,0.9789049625396729,39.65657084144075,0
40,40,8.782138114020368,0.007821083068847656,0.9867260456085205,39.7252566731526,0
40,40,9.086914282769044,0.00604701042175293,0.9927730560302734,39.78020533852208,0
40,40,6.322296250834451,0.006953001022338867,0.9997260570526123,39.82416427081766,0
40,40,4.407509127188191,0.007978916168212891,1.007704973220825,39.85933141665413,0
40,40,3.490957942144961,0.008059024810791016,1.015763998031616,39.8874651333233,0
40,40,1.87918957476475,0.01197695732116699,1.027740955352783,39.90997210665864,0
41,41,38.24744512614145,0.005699872970581055,1.033440828323364,40.12797768532692,175.4425063788849
41,41,33.66803224119846,0.005180120468139648,1.038620948791504,40.30238214826154,0
41,41,16.62559360219418,0.008392095565795898,1.0470130443573,40.44190571860923,0
41,41,27.86355287244938,0.004005908966064453,1.051018953323364,40.55352457488739,0
40,40,-13.78652220040631,0.008029937744140625,1.059048891067505,40.44281965990992,-124.5339667458432
40,40,-16.86250189149519,0.00525212287902832,1.064301013946533,40.35425572792794,0
39,39,-39.99549511808851,0.006772041320800781,1.071073055267334,40.08340458234236,-147.6659625404873
40,40,-2.050552012525054,0.008134841918945313,1.079207897186279,40.06672366587389,122.9280187573271
39,39,-21.4737507555345,0.009935140609741211,1.089143037796021,39.85337893269912,-100.652828105877
40,40,3.854907096247722,0.007606983184814453,1.096750020980835,39.8827031461593,131.4581583401241
39,39,-37.51469588355974,0.004705905914306641,1.101455926895142,39.70616251692744,-212.4989360624177
39,39,-25.53878223236637,0.005530118942260742,1.106986045837402,39.56493001354195,0
39,39,-20.06510471266865,0.005630970001220703,1.112617015838623,39.45194401083357,0
39,39,-15.14049977967367,0.005970001220703125,1.118587017059326,39.36155520866686,0
38,38,-35.11946656375466,0.007753849029541016,1.126340866088867,39.08924416693349,-128.9682061373839
38,38,-36.50808028085164,0.005967140197753906,1.132308006286621,38.87139533354679,0
37,37,-55.04155487589209,0.006799936294555664,1.139107942581177,38.49711626683744,-147.0602012552154
37,37,-29.71634445346317,0.01007604598999023,1.149183988571167,38.19769301346995,0
36,36,-46.06823228131832,0.009541034698486328,1.158725023269653,37.75815441077597,-104.8104353041132
35,35,-75.88912409954839,0.007268905639648438,1.165993928909302,37.20652352862078,-137.5722907373393
35,35,-73.41607537829704,0.006011009216308594,1.17200493812561,36.76521882289663,0
34,34,-50.15315720633361,0.01102709770202637,1.183032035827637,36.2121750583173,-90.68569328230742
33,33,-91.87070368769488,0.006992816925048828,1.190024852752686,35.56974004665384,-143.0038868053188
32,32,-143.1275686515658,0.004988193511962891,1.195013046264648,34.85579203732308,-200.4733773061849
32,32,-90.67761811811449,0.00629878044128418,1.201311826705933,34.28463362985847,0
31,31,-117.3888204861089,0.005596160888671875,1.206907987594604,33.62770690388678,-178.6939331970007
30,30,-81.5025206374202,0.008902072906494141,1.215810060501099,32.90216552310942,-112.3333868980663
29,29,-99.14206900832784,0.007871866226196289,1.223681926727295,32.12173241848754,-127.0346791047037
29,29,-90.05464266165884,0.006932973861694336,1.230614900588989,31.49738593479004,0
28,28,-139.725673342225,0.005006074905395508,1.235620975494385,30.79790874783203,-199.7572986617136
28,28,-106.1247951950339,0.005272865295410156,1.240893840789795,30.23832699826563,0
27,27,-108.0336280145828,0.005995035171508789,1.246888875961304,29.59066159861251,-166.8046927818652
26,26,-73.59424504352424,0.00975799560546875,1.256646871566772,28.87252927889001,-102.4800625488663
25,25,-124.7556745233336,0.006208181381225586,1.262855052947998,28.09802342311201,-161.0777679634395
25,25,-97.10459990025278,0.006380796432495117,1.269235849380493,27.47841873848961,0
25,25,-65.73026638331903,0.007541179656982422,1.276777029037476,26.98273499079169,0
24,24,-94.93111737160891,0.006283998489379883,1.283061027526855,26.38618799263336,-159.1343476116402
24,24,-73.27596619141172,0.006512880325317383,1.289573907852173,25.90895039410669,0
24,24,-49.4990465444853,0.007713079452514648,1.297286987304688,25.52716031528535,0
24,24,-37.49451001868806,0.008146047592163086,1.305433034896851,25.22172825222828,0
23,23,-56.28195745143481,0.007894992828369141,1.31332802772522,24.77738260178263,-126.6625596424473
23,23,-38.50563237616386,0.009231805801391602,1.322559833526611,24.42190608142611,0
23,23,-40.34846333096403,0.007048130035400391,1.329607963562012,24.13752486514089,0
24,24,-3.122340001947867,0.008809089660644531,1.338417053222656,24.11001989211271,113.5191079354769
24,24,-3.960493271834952,0.005555868148803711,1.34397292137146,24.08801591369017,0
24,24,-2.214815807861138,0.007947921752929688,1.35192084312439,24.07041273095214,0
24,24,-2.014958034273388,0.006989002227783203,1.358909845352173,24.05633018476172,0
25,25,19.25818309564904,0.009800195693969727,1.368710041046143,24.24506414780938,102.0387787373799
25,25,15.34420655449998,0.009840011596679688,1.378550052642822,24.3960513182475,0
25,25,16.101346713296,0.007501840591430664,1.386051893234253,24.51684105459801,0
25,25,13.3984495691598,0.007212162017822266,1.393264055252075,24.61347284367841,0
26,26,37.26223103651131,0.007441997528076172,1.400706052780151,24.89077827494273,134.3725251489716
26,26,31.95228953878388,0.006942987442016602,1.407649040222168,25.11262261995418,0
26,26,43.96327066661589,0.004036903381347656,1.411685943603516,25.29009809596335,0
27,27,31.0469627519855,0.01101493835449219,1.422700881958008,25.63207847677068,90.78580086580088
27,27,43.58461498455531,0.006277084350585938,1.428977966308594,25.90566278141655,0
27,27,45.77851666337635,0.004781007766723633,1.433758974075317,26.12453022513324,0
28,28,65.02947446453783,0.005768060684204102,1.439527034759521,26.49962418010659,173.3684950192204
29,29,64.83670048149789,0.007712841033935547,1.447239875793457,26.99969934408528,129.6539103554869
29,29,86.76183084080453,0.004611015319824219,1.451850891113281,27.39975947526823,0
30,30,90.59809963320031,0.005740165710449219,1.45759105682373,27.91980758021458,174.210998504735
31,31,77.15987330651096,0.007983922958374023,1.465574979782104,28.53584606417167,125.251709618658
32,32,82.06096639365503,0.008442878723144531,1.474017858505249,29.22867685133733,118.4430136676833
33,33,102.7448005438502,0.007341146469116211,1.481359004974365,29.98294148106987,136.2185054074243
34,34,95.8623384967159,0.008380889892578125,1.489739894866943,30.7863531848559,119.3190714610833
35,35,107.7936976081622,0.007817983627319336,1.497557878494263,31.62908254788472,127.9102192674819
36,36,141.7040120044595,0.00616908073425293,1.503726959228516,32.50326603830778,162.0987053140097
36,36,141.1380959674885,0.004955053329467773,1.508682012557983,33.20261283064623,0
38,38,142.2078532384134,0.006747007369995117,1.515429019927979,34.16209026451698,296.4277182939326
38,38,137.0921491668824,0.005599021911621094,1.5210280418396,34.92967221161359,0
39,39,144.8268758410283,0.005620956420898438,1.526648998260498,35.74373776929088,177.9056667797761
39,39,98.45199999504207,0.006614923477172852,1.533263921737671,36.3949902154327,0
40,40,134.4642682031996,0.005362033843994141,1.538625955581665,37.11599217234616,186.4963983992886
40,40,77.65306093763281,0.00742793083190918,1.546053886413574,37.69279373787693,0
40,40,67.68876615988514,0.006817102432250977,1.552870988845825,38.15423499030155,0
40,40,64.77596588912123,0.005698919296264648,1.55856990814209,38.52338799224124,0
41,41,61.77617395534124,0.008018016815185547,1.566587924957275,39.018710393793,124.719119833482
42,42,49.16811466055561,0.01212692260742188,1.578714847564697,39.6149683150344,82.46115130544196
41,41,33.86721819144209,0.008179187774658203,1.586894035339355,39.89197465202752,-122.2615285955809
41,41,16.99945186861884,0.01303601264953613,1.599930047988892,40.11357972162202,0
42,42,47.68552128541123,0.007911920547485352,1.607841968536377,40.49086377729761,126.3915624529155
42,42,42.46319454885779,0.007107973098754883,1.614949941635132,40.79269102183809,0
43,43,59.8108719965145,0.007380962371826172,1.622330904006958,41.23415281747048,135.4836875767168
42,42,13.31894226628931,0.01150012016296387,1.633831024169922,41.38732225397638,-86.9556131439826
41,41,-11.71773859738887,0.006610870361328125,1.64044189453125,41.30985780318111,-151.266012694749
41,41,-9.4729241103074,0.006541967391967773,1.646983861923218,41.2478862425449,0
41,41,-5.522002595272745,0.008978128433227539,1.655961990356445,41.19830899403592,0
41,41,-5.468381755502928,0.007252931594848633,1.663214921951294,41.15864719522874,0
39,39,-17.04013958338242,0.02533602714538574,1.68855094909668,40.726917756183,-78.93897446996717
39,39,-48.92082974759732,0.007060050964355469,1.695611000061035,40.3815342049464,0
38,38,-86.47630890783072,0.005507946014404297,1.701118946075439,39.90522736395713,-181.5558826075664
37,37,-53.46939052438532,0.01086688041687012,1.71198582649231,39.3241818911657,-92.02272976590097
36,36,-89.61134650584141,0.007419109344482422,1.719404935836792,38.65934551293256,-134.7870685776721
35,35,-78.80475199484071,0.009287118911743164,1.728692054748535,37.92747641034605,-107.6760198187559
34,34,-94.77607742834129,0.008287906646728516,1.736979961395264,37.14198112827684,-120.6577297048501
32,32,-258.2568795863486,0.003982067108154297,1.740962028503418,36.11358490262148,-502.2517063824692
32,32,-138.2280532879729,0.005951881408691406,1.746913909912109,35.29086792209719,0
31,31,-130.14574602541,0.006593942642211914,1.753507852554321,34.43269433767775,-151.6543370575261
31,31,-97.2427636856616,0.007060050964355469,1.760567903518677,33.74615547014221,0
29,29,-112.6014982354168,0.008430004119873047,1.76899790763855,32.79692437611377,-237.2478081339442
27,27,-112.7373445469068,0.0102839469909668,1.779281854629517,31.63753950089102,-194.4778596930496
27,27,-96.79646916519086,0.009582042694091797,1.788863897323608,30.71003160071282,0
26,26,-134.6279431851996,0.006997108459472656,1.795861005783081,29.76802528057025,-142.9161782744991
26,26,-135.3450672809535,0.005568027496337891,1.801429033279419,29.0144202244562,0
25,25,-108.9395626625099,0.0073699951171875,1.808799028396606,28.21153617956496,-135.6853002070393
25,25,-72.20282506482639,0.0088958740234375,1.817694902420044,27.56922894365197,0
24,24,-252.9429962874917,0.002822160720825195,1.820517063140869,26.85538315492158,-354.3384303455267
24,24,-96.40073238797591,0.005923986434936523,1.826441049575806,26.28430652393726,0
23,23,-88.85049013529498,0.00739288330078125,1.833833932876587,25.62744521914981,-135.265221878225
23,23,-85.57133200652942,0.006140947341918945,1.839974880218506,25.10195617531986,0
23,23,-54.92473098444808,0.007653951644897461,1.847628831863403,24.68156494025589,0
23,23,-92.41345067053109,0.00363922119140625,1.85126805305481,24.34525195220472,0
23,23,-50.66124035142487,0.005310773849487305,1.856578826904297,24.07620156176378,0
23,23,-34.9983835263576,0.006150007247924805,1.862728834152222,23.86096124941103,0
23,23,-27.52388119092666,0.006256103515625,1.868984937667847,23.68876899952882,0
23,23,-16.31966201445998,0.008440971374511719,1.877425909042358,23.55101519962306,0
24,24,12.01274993882713,0.007475137710571289,1.88490104675293,23.64081215969845,133.7767996682933
24,24,12.92060887931525,0.005559921264648438,1.890460968017578,23.71264972775876,0
24,24,9.13540814267067,0.006290912628173828,1.896751880645752,23.77011978220701,0
24,24,10.73167696599753,0.004284143447875977,1.901036024093628,23.81609582576561,0
24,24,4.832565946859872,0.00761103630065918,1.908647060394287,23.85287666061249,0
25,25,42.72418426396484,0.005369901657104492,1.914016962051392,24.08230132848999,186.223149669227
25,25,21.06502782163973,0.008713006973266602,1.922729969024658,24.26584106279199,0
25,25,18.57677224280473,0.007904052734375,1.930634021759033,24.41267285023359,0
25,25,18.81557085028707,0.006242990493774414,1.936877012252808,24.53013828018688,0
26,26,42.79053889195962,0.006870031356811523,1.943747043609619,24.8241106241495,145.5597431893111
27,27,56.34935485729366,0.007722854614257813,1.951469898223877,25.2592884993196,129.4857989627068
27,27,82.53530646789345,0.004218101501464844,1.955687999725342,25.60743079945569,0
27,27,56.24322164775979,0.004951953887939453,1.960639953613281,25.88594463956455,0
28,28,58.87971615588773,0.007180929183959961,1.967820882797241,26.30875571165165,139.2577442810186
28,28,43.79707148826451,0.007723093032836914,1.975543975830078,26.64700456932132,0
29,29,164.9536711829745,0.002852916717529297,1.978396892547607,27.11760365545706,350.5184689954873
30,30,105.9287349294826,0.005442142486572266,1.98383903503418,27.69408292436565,183.7511609568037
31,31,123.1495289666635,0.005368947982788086,1.989207983016968,28.35526633949252,186.2562280740708
32,32,79.38887085168888,0.009181976318359375,1.998389959335327,29.08421307159402,108.9090153718322
34,34,122.5128778452181,0.008024930953979492,2.006414890289307,30.06737045727522,249.2233280846133
34,34,125.7213705912255,0.006256103515625,2.012670993804932,30.85389636582017,0
35,35,127.9854208445631,0.006479024887084961,2.019150018692017,31.68311709265614,154.3442134314628
37,37,61.59202155882568,0.01726484298706055,2.036414861679077,32.74649367412492,115.8423509266164
39,39,201.2360487697037,0.006215095520019531,2.042629957199097,33.99719493929993,321.7971459260396
40,40,148.3827750902555,0.008090972900390625,2.050720930099487,35.19775595143995,123.5945308816596
40,40,89.86981114044246,0.01068711280822754,2.061408042907715,36.15820476115196,0
40,40,376.3114698150729,0.002041816711425781,2.063449859619141,36.92656380892157,0
41,41,55.89161951023147,0.01457619667053223,2.078026056289673,37.74125104713726,68.60500188102131
41,41,88.50730925330627,0.007363796234130859,2.085389852523804,38.39300083770981,0
42,42,96.61132867837695,0.007467031478881836,2.092856884002686,39.11440067016786,133.9220281618187
42,42,95.20239763637475,0.006062030792236328,2.098918914794922,39.69152053613429,0
42,42,48.98669221223763,0.009424924850463867,2.108343839645386,40.15321642890743,0
41,41,36.66426880734894,0.004619121551513672,2.112962961196899,40.32257314312594,-216.4913802002684
41,41,20.06308554931728,0.006752967834472656,2.119715929031372,40.45805851450075,0
42,42,35.68894043205784,0.00864100456237793,2.12835693359375,40.76644681160061,115.7272852688795
42,42,29.31469487700166,0.008415937423706055,2.136772871017456,41.01315744928049,0
42,42,29.29622860072242,0.006736993789672852,2.143509864807129,41.21052595942439,0
41,41,-5.907013236896192,0.007128000259399414,2.150637865066528,41.16842076753952,-140.2918018530287
41,41,-4.705151356938566,0.007158994674682617,2.157796859741211,41.13473661403162,0
41,41,-2.975601933336336,0.00905609130859375,2.166852951049805,41.1077892912253,0
41,41,-4.41311001360047,0.004884958267211914,2.171737909317017,41.08623143298025,0
41,41,-3.670209998220207,0.004698991775512695,2.176436901092529,41.0689851463842,0
41,41,-2.094575614737061,0.006587028503417969,2.183023929595947,41.05518811710737,0
40,40,-21.53873729966806,0.009798049926757813,2.192821979522705,40.8441504936859,-102.0611251703329
39,39,-53.66446589841846,0.006872892379760742,2.199694871902466,40.47532039494873,-145.4991501023346
39,39,-22.99965520197326,0.01282906532287598,2.212523937225342,40.18025631595899,0
37,37,-63.04453061278007,0.01008892059326172,2.222612857818604,39.54420505276719,-198.2372625011816
37,37,-430.1156561725782,0.001183032989501953,2.223795890808105,39.03536404221375,0
37,37,-52.70201280188457,0.00772404670715332,2.231519937515259,38.628291233771,0
37,37,-41.19148633878575,0.007905960083007813,2.239425897598267,38.3026329870168,0
34,34,-110.3933368892886,0.007795095443725586,2.247220993041992,37.44210638961345,-384.8573788040984
34,34,-80.37657609609822,0.008564949035644531,2.255785942077637,36.75368511169076,0
33,33,-123.1932431823549,0.006093978881835938,2.261879920959473,36.00294808935261,-164.0964006259781
31,31,-142.6553260339502,0.007014036178588867,2.268893957138062,35.00235847148209,-285.1425269383732
30,30,-129.7953117622713,0.007708072662353516,2.276602029800415,34.00188677718567,-129.73411691927
29,29,-154.4308702031435,0.006477832794189453,2.283079862594604,33.00150942174854,-154.3726168568274
27,27,-94.87827437215916,0.01265096664428711,2.295730829238892,31.80120753739883,-158.0906863668916
26,26,-100.400363024312,0.01155614852905273,2.307286977767944,30.64096602991907,-86.53402104394472
25,25,-131.8432274562071,0.00855708122253418,2.315844058990479,29.51277282393526,-116.8622774511716
25,25,-140.1965862271158,0.006437778472900391,2.322281837463379,28.6102182591482,0
25,25,-93.90606440445481,0.007688999176025391,2.329970836639404,27.88817460731857,0
23,23,-107.1493391945159,0.009124040603637695,2.339094877243042,26.91053968585486,-219.2011288510283
23,23,-93.24081772804085,0.008388042449951172,2.347482919692993,26.12843174868389,0
23,23,-96.51069283047782,0.006483078002929688,2.353965997695923,25.50274539894712,0
23,23,-64.13291200993033,0.00780487060546875,2.361770868301392,25.00219631915769,0
23,23,-57.04265745298429,0.007019996643066406,2.368790864944458,24.60175705532616,0
23,23,-77.60489804993258,0.004127979278564453,2.372918844223022,24.28140564426093,0
23,23,-22.47096253594007,0.01140499114990234,2.384323835372925,24.02512451540875,0
22,22,-98.56672881319362,0.00410914421081543,2.38843297958374,23.620099612327,-243.3596750797795
22,22,-30.97734447657508,0.01045989990234375,2.398892879486084,23.2960796898616,0
24,24,46.2622339782944,0.003043174743652344,2.401936054229736,23.43686375188928,657.2083986211219
23,23,-15.02594925584601,0.005814790725708008,2.407750844955444,23.34949100151143,-171.9752347369716
24,24,21.75609994734584,0.005980014801025391,2.41373085975647,23.47959280120914,167.2236663742923
24,24,20.01876457575364,0.005199193954467773,2.418930053710938,23.58367424096732,0
24,24,10.55741714881429,0.007886886596679688,2.426816940307617,23.66693939277386,0
25,25,26.81145793196074,0.009943962097167969,2.436760902404785,23.93355151421909,100.5635369713245
25,25,30.57422522012901,0.006976127624511719,2.443737030029297,24.14684121137527,0
26,26,54.83587653718921,0.006758928298950195,2.450495958328247,24.51747296910022,147.9524498218632
26,26,45.87023499418038,0.006464004516601563,2.456959962844849,24.81397837528018,0
26,26,48.85856941166728,0.004854917526245117,2.461814880371094,25.05118270022415,0
27,27,75.44703891193565,0.005166053771972656,2.466980934143066,25.44094616017932,193.5713494554181
28,28,53.36307923125833,0.009591102600097656,2.476572036743164,25.95275692814345,104.2632991945908
28,28,70.96202475319389,0.005769968032836914,2.482342004776001,26.36220554251476,0
28,28,58.54525797254171,0.005594968795776367,2.487936973571777,26.68976443401181,0
30,30,65.82342139746132,0.01005792617797852,2.497994899749756,27.35181154720945,198.8481486749158
31,31,95.52760282365606,0.007637977600097656,2.505632877349854,28.08144923776756,130.9247097015857
33,33,159.1260529618161,0.006181955337524414,2.511814832687378,29.06515939021405,323.522233792279
34,34,140.7324270541401,0.007013082504272461,2.51882791519165,30.05212751217124,142.5906510283869
35,35,112.3356141993618,0.008809089660644531,2.527637004852295,31.041702009737,113.5191079354769
35,35,421.1110993976448,0.00187993049621582,2.529516935348511,31.8333616077896,0
37,37,162.1129760613559,0.006374120712280273,2.535891056060791,32.86668928623168,313.7687675331962
38,38,171.2588741648213,0.005994796752929688,2.541885852813721,33.89335142898535,166.8113267578746
39,39,177.9638280752855,0.005738973617553711,2.547624826431274,34.91468114318828,174.2471854098293
40,40,161.2563183065007,0.006307125091552734,2.553931951522827,35.93174491455062,158.5508429727073
40,40,83.24673046918305,0.009773969650268555,2.563705921173096,36.74539593164051,0
41,41,121.6808350369005,0.00699305534362793,2.570698976516724,37.59631674531241,142.9990112849886
41,41,114.0444343335133,0.005969047546386719,2.57666802406311,38.27705339624993,0
42,42,128.7583577150722,0.005782842636108398,2.582450866699219,39.02164271699995,172.9253349824778
42,42,114.245149439996,0.00521397590637207,2.587664842605591,39.61731417359996,0
42,42,70.4402374795628,0.006765127182006836,2.594429969787598,40.09385133887997,0
42,42,62.23217057624666,0.006125926971435547,2.600555896759033,40.47508107110398,0
42,42,41.52285885119848,0.007344961166381836,2.607900857925415,40.78006485688318,0
42,42,27.77310961823478,0.008785009384155273,2.61668586730957,41.02405188550654,0
43,43,41.21196956942993,0.009589195251464844,2.626275062561035,41.41924150840524,104.2840377921432
43,43,46.20818666989523,0.006841897964477539,2.633116960525513,41.73539320672419,0
43,43,38.24047677779434,0.006613969802856445,2.639730930328369,41.98831456537936,0
42,42,0.3232892396102413,0.007229089736938477,2.646960020065308,41.99065165230349,-138.330002308631
42,42,0.4917824173697292,0.003801822662353516,2.650761842727661,41.99252132184279,0
42,42,0.2463701673699388,0.006071090698242188,2.656832933425903,41.99401705747423,0
42,42,0.2112579851628815,0.00566411018371582,2.662497043609619,41.99521364597938,0
42,42,0.1760693195409428,0.005436897277832031,2.667933940887451,41.99617091678351,0
41,41,-23.3708673282726,0.008524894714355469,2.676458835601807,41.79693673342681,-117.3035015102361
41,41,-26.29686829328054,0.006061077117919922,2.682519912719727,41.63754938674145,0
40,40,-61.94705698315428,0.005286931991577148,2.687806844711304,41.31003950939316,-189.1456144306652
40,40,-32.45063608094366,0.008074045181274414,2.695880889892578,41.04803160751453,0
39,39,-58.19040213741111,0.007039070129394531,2.702919960021973,40.63842528601163,-142.064218940523
38,38,-75.4584414497943,0.00699305534362793,2.709913015365601,40.11074022880931,-142.9990112849886
38,38,-60.99687325792839,0.006920814514160156,2.716833829879761,39.68859218304745,0
36,36,-69.93209306027447,0.01054906845092773,2.727382898330688,38.95087374643797,-189.5902002440899
35,35,-147.6667756030976,0.005351066589355469,2.732733964920044,38.16069899715038,-186.878631260025
34,34,-108.6052615150374,0.007662057876586914,2.740396022796631,37.3285591977203,-130.5132401904347
33,33,-120.4211399014034,0.007189035415649414,2.74758505821228,36.46284735817624,-139.1007196630518
31,31,-122.8603583248234,0.00889277458190918,2.756477832794189,35.370277886541,-224.9016863722888
31,31,-163.0952399735779,0.005359172821044922,2.761837005615234,34.4962223092328,0
30,30,-181.0099651245794,0.004967927932739258,2.766804933547974,33.59697784738624,-201.2911647550031
29,29,-145.9806372895476,0.006298065185546875,2.773102998733521,32.677582277909,-158.778921865536
28,28,-161.2426715312331,0.005801916122436523,2.778904914855957,31.7420658223272,-172.3568522703924
27,27,-100.2326487104098,0.009462118148803711,2.788367033004761,30.79365265786176,-105.6845818529997
27,27,-116.1949212609921,0.006529808044433594,2.794896841049194,30.03492212628941,0
26,26,-115.0371479045926,0.007014989852905273,2.8019118309021,29.22793770103153,-142.5518811813887
26,26,-75.20804361286135,0.008584022521972656,2.810495853424072,28.58235016082523,0
25,25,-81.10255908536358,0.008834123611450195,2.819329977035522,27.86588012866018,-113.1974199120179
24,24,-119.9842865706666,0.006443977355957031,2.825773954391479,27.09270410292815,-155.18366138819
24,24,-55.50951575722814,0.01114296913146973,2.836916923522949,26.47416328234252,0
24,24,-45.36366913700973,0.01090812683105469,2.847825050354004,25.97933062587402,0
24,24,-51.16584611522518,0.007736921310424805,2.855561971664429,25.58346450069922,0
23,23,-89.70433783799557,0.005759954452514648,2.861321926116943,25.06677160055938,-173.6124839604288
23,23,-52.19102556556495,0.007920026779174805,2.869241952896118,24.6534172804475,0
24,24,-13.12876988287458,0.009953975677490234,2.879195928573608,24.522733824358,100.462371257485
25,25,9.408057476488926,0.01014590263366699,2.889341831207275,24.6181870594864,98.56195511690753
25,25,10.71591250057205,0.007126092910766602,2.896467924118042,24.69454964758913,0
25,25,9.431675451234048,0.006477117538452148,2.902945041656494,24.7556397180713,0
26,26,41.58248263502097,0.005985021591186523,2.908930063247681,25.00451177445704,167.0837748476278
26,26,30.02142828837924,0.006631851196289063,2.91556191444397,25.20360941956564,0
26,26,25.82775997122244,0.006166934967041016,2.921728849411011,25.36288753565251,0
27,27,65.95790171137356,0.004964113235473633,2.926692962646484,25.69031002852201,201.4458479419817
27,27,39.86239894147575,0.006571054458618164,2.933264017105103,25.95224802281761,0
28,28,52.51379847087592,0.007798910140991211,2.941062927246094,26.36179841825409,128.223044235884
28,28,51.54045266566609,0.006356954574584961,2.947419881820679,26.68943873460328,0
30,30,121.397974800652,0.005454063415527344,2.952873945236206,27.35155098768262,366.6990732645567
30,30,94.19885763119648,0.005623102188110352,2.958497047424316,27.8812407901461,0
31,31,68.51394122784888,0.009104013442993164,2.96760106086731,28.50499263211688,109.8416655754878
32,32,109.2741213801094,0.006396770477294922,2.973997831344604,29.20399410569351,156.3288855758479
33,33,165.4708242206756,0.004588127136230469,2.978585958480835,29.96319528455481,217.9538557472459
35,35,168.9665693450425,0.005961894989013672,2.984547853469849,30.97055622764385,335.4638086859154
35,35,119.2290097507482,0.006759166717529297,2.991307020187378,31.77644498211508,0
36,36,155.1079039115218,0.005445957183837891,2.996752977371216,32.62115598569207,183.6224498730409
38,38,89.18606485052129,0.01206207275390625,3.008815050125122,33.69692478855366,165.808981657179
39,39,115.1219376412727,0.009212970733642578,3.018028020858765,34.75753983084293,108.5426220174939
41,41,120.3141974879895,0.01037693023681641,3.028404951095581,36.00603186467435,192.7352265416781
41,41,184.9637558026313,0.005399942398071289,3.033804893493652,37.00482549173948,0
41,41,87.95158861406739,0.009084939956665039,3.042889833450317,37.80386039339159,0
41,41,99.16470863302969,0.006446123123168945,3.049335956573486,38.44308831471327,0
42,42,79.19297666610842,0.00898289680480957,3.058318853378296,39.15447065177062,111.3226636940308
42,42,74.05233683313265,0.007685184478759766,3.066004037857056,39.7235765214165,0
42,42,66.19531407318823,0.006877899169921875,3.072881937026978,40.1788612171332,0
42,42,51.96550569109073,0.007009029388427734,3.079890966415405,40.54308897370656,0
42,42,37.56864372584072,0.00775599479675293,3.087646961212158,40.83447117896525,0
43,43,44.1763877151892,0.009804010391235352,3.097450971603394,41.2675769431722,101.9990758979597
43,43,55.63363415469789,0.006227970123291016,3.103678941726685,41.61406155453776,0
43,43,53.44839247477108,0.005186080932617188,3.108865022659302,41.89124924363021,0
42,42,3.281537643487719,0.006628036499023438,3.115493059158325,41.91299939490417,-150.8742446043166
42,42,3.481438591383241,0.004997968673706055,3.120491027832031,41.93039951592334,0
42,42,1.953202119394469,0.007126808166503906,3.127617835998535,41.94431961273867,0
42,42,1.381978052024962,0.008058071136474609,3.13567590713501,41.95545569019093,0
42,42,1.649151529785667,0.005402088165283203,3.141077995300293,41.96436455215275,0
40,40,-33.74070231603438,0.01164388656616211,3.152721881866455,41.5714916417222,-171.7639542978828
40,40,-47.02874445322599,0.006683111190795898,3.159404993057251,41.25719331337776,0
39,39,-49.69609691647747,0.009083986282348633,3.1684889793396,40.80575465070221,-110.0838298207396
39,39,-35.70481534217482,0.01011490821838379,3.178603887557983,40.44460372056178,0
37,37,-115.8597847920374,0.005946159362792969,3.184550046920776,39.75568297644942,-336.3515637530072
36,36,-96.31302088504537,0.007798910140991211,3.192348957061768,39.00454638115955,-128.223044235884
35,35,-111.1894936097109,0.007203102111816406,3.199552059173584,38.20363710492764,-138.8290745399179
34,34,-85.71173245057954,0.009808778762817383,3.209360837936401,37.36290968394211,-101.9494907756253
32,32,-152.2672096056661,0.007044076919555664,3.216404914855957,36.29032774715369,-283.9264850228465
31,31,-170.3523306682867,0.006211042404174805,3.222615957260132,35.23226219772296,-161.0035699205405
30,30,-165.5779256447723,0.006319999694824219,3.228935956954956,34.18580975817837,-158.2278557416629
28,28,-102.2107099431393,0.01210403442382813,3.241039991378784,32.9486478065427,-165.2341632524425
28,28,-182.5758304927932,0.005420923233032227,3.246460914611816,31.95891824523416,0
26,26,-222.9274818860863,0.005346059799194336,3.251806974411011,30.76713459618733,-374.1073005396245
25,25,-146.8766513165758,0.007853031158447266,3.259660005569458,29.61370767694987,-127.3393648673265
24,24,-135.0594921516704,0.00831294059753418,3.267972946166992,28.49096614155989,-120.2943757707861
24,24,-202.2926193568085,0.004440069198608398,3.272413015365601,27.59277291324792,0
24,24,-110.8394821898963,0.006482839584350586,3.278895854949951,26.87421833059834,0
23,23,-114.9441143163463,0.006741046905517578,3.285636901855469,26.09937466447867,-148.3449105184976
23,23,-102.3076343030847,0.006058931350708008,3.291695833206177,25.47949973158294,0
23,23,-80.88175176681572,0.006131172180175781,3.297827005386353,24.98359978526636,0
23,23,-43.29631824386837,0.00916290283203125,3.306989908218384,24.58687982821309,0
23,23,-46.30483102124261,0.006854057312011719,3.313843965530396,24.26950386257047,0
23,23,-29.66150532710225,0.008559942245483398,3.322403907775879,24.01560309005638,0
24,24,-0.4733237119717774,0.006592988967895508,3.328996896743774,24.01248247204511,151.6762738220085
24,24,-0.2866897515531549,0.008708000183105469,3.33770489692688,24.00998597763609,0
24,24,-0.2239977856134959,0.008916139602661133,3.346621036529541,24.00798878210887,0
25,25,28.17059322441187,0.007042884826660156,3.353663921356201,24.2063910256871,141.9872714962762
26,26,58.13935078941642,0.006170034408569336,3.359833955764771,24.56511282054968,162.0736504501719
27,27,61.27104053466097,0.007947921752929688,3.3677818775177,25.05209025643975,125.8190544756419
27,27,54.16059416011741,0.007193088531494141,3.374974966049194,25.4416722051518,0
28,28,84.43486251912535,0.006059885025024414,3.381034851074219,25.95333776412144,165.0196325294095
29,29,94.58643673274922,0.006442070007324219,3.387476921081543,26.56267021129715,155.2296076980015
29,29,109.9887253975529,0.004431962966918945,3.391908884048462,27.05013616903773,0
30,30,86.21437994328218,0.006843090057373047,3.398751974105835,27.64010893523018,146.1328130443871
32,32,114.7797422327911,0.007596969604492188,3.406348943710327,28.51208714818414,263.2628671855386
33,33,122.2872138376061,0.007339954376220703,3.413688898086548,29.40966971854732,136.2406288572728
34,34,133.0884502873407,0.006898164749145508,3.420587062835693,30.32773577483786,144.9660940794249
35,35,131.3200866357605,0.007115840911865234,3.427702903747559,31.26218861987029,140.5315285130336
36,36,107.4442888506283,0.008819103240966797,3.436522006988525,32.20975089589624,113.3902135712355
37,37,154.8259303254902,0.006187915802001953,3.442709922790527,33.16780071671699,161.6053016876011
37,37,123.4991070508728,0.006206035614013672,3.448915958404541,33.93424057337359,0
39,39,130.9664069167368,0.007735967636108398,3.456651926040649,34.94739245869887,258.532622430425
39,39,113.5007212934657,0.00714111328125,3.463793039321899,35.7579139669591,0
39,39,94.26240410874618,0.006878852844238281,3.470671892166138,36.40633117356728,0
39,39,97.85585619665376,0.005300998687744141,3.475972890853882,36.92506493885382,0
40,40,102.3425839287864,0.006009101867675781,3.481981992721558,37.54005195108306,166.4142199650849
40,40,81.06674477599315,0.006068944931030273,3.488050937652588,38.03204156086645,0
40,40,42.06827354921606,0.009356021881103516,3.497406959533691,38.42563324869316,0
41,41,83.61217873992013,0.006157875061035156,3.503564834594727,38.94050659895453,162.3936812761344
40,40,17.53096794673712,0.01208710670471191,3.515651941299438,39.15240527916362,-82.73278497741485
40,40,28.4382843611138,0.005960941314697266,3.521612882614136,39.3219242233309,0
41,41,46.59314141656592,0.007203102111816406,3.528815984725952,39.65753937866472,138.8290745399179
41,41,33.88816438812578,0.007922887802124023,3.536738872528076,39.92603150293178,0
40,40,2.071900381509494,0.007140159606933594,3.54387903213501,39.94082520234542,-140.0528916789101
40,40,1.55951674836183,0.007588863372802734,3.551467895507813,39.95266016187634,0
39,39,-43.34251358714114,0.004395961761474609,3.555863857269287,39.76212812950108,-227.4815055862892
40,40,6.119587437796769,0.007774114608764648,3.563637971878052,39.80970250360086,128.6320115312663
40,40,6.700516708670565,0.005680084228515625,3.569318056106567,39.84776200288069,0
39,39,-18.40175728267075,0.009213924407958984,3.578531980514526,39.67820960230455,-108.5313874657144
38,38,-42.00209593808721,0.00799107551574707,3.586523056030273,39.34256768184364,-125.1396007995942
37,37,-39.58041007987209,0.01183700561523438,3.598360061645508,38.87405414547492,-84.48082500805674
37,37,-67.38985595492128,0.00556182861328125,3.603921890258789,38.49924331637993,0
35,35,-80.83100778667555,0.008658170700073242,3.612580060958862,37.79939465310395,-230.9956767176098
34,34,-92.97442351862562,0.008172988891601563,3.620753049850464,37.03951572248316,-122.3542590431739
33,33,-106.7810988395659,0.007565975189208984,3.628319025039673,36.23161257798653,-132.170668683431
33,33,-121.1292722278748,0.005335807800292969,3.633654832839966,35.58529006238923,0
32,32,-147.3571430655495,0.004866123199462891,3.638520956039429,34.86823204991139,-205.5024007839295
31,31,-143.5101601863829,0.00539088249206543,3.643911838531494,34.09458563992911,-185.4983857414533
30,30,-113.8628716296306,0.007192134857177734,3.651103973388672,33.27566851194329,-139.0407743817543
28,28,-134.8924502701646,0.007822036743164063,3.658926010131836,32.22053480955463,-255.687881004633
27,27,-147.2232235181487,0.007091999053955078,3.666018009185791,31.1764278476437,-141.003966919922
27,27,-115.789457164182,0.007213830947875977,3.673231840133667,30.34114227811497,0
26,26,-131.3097783987793,0.006612062454223633,3.679843902587891,29.47291382249198,-151.2387408502506
25,25,-100.2445115540118,0.008924007415771484,3.688767910003662,28.57833105799358,-112.0572802564788
24,24,-101.3346293924364,0.009036064147949219,3.697803974151611,27.66266484639487,-110.6676517150396
24,24,-112.4745017087771,0.006512880325317383,3.704316854476929,26.93013187711589,0
24,24,-67.15038713099483,0.008727073669433594,3.713043928146362,26.34410550169272,0
24,24,-67.89511140233218,0.006905078887939453,3.719949007034302,25.87528440135418,0
24,24,-46.28133489695427,0.008103847503662109,3.728052854537964,25.50022752108335,0
24,24,-38.98160260556244,0.007697105407714844,3.735749959945679,25.20018201686668,0
23,23,-125.0099191827681,0.003520011901855469,3.739269971847534,24.76014561349334,-284.0899485234354
24,24,-7.173221561089763,0.0211939811706543,3.760463953018188,24.60811649079468,47.18320696559949
24,24,-16.545312855514,0.007350921630859375,3.767814874649048,24.48649319263574,0
25,25,27.83231448155546,0.003690004348754883,3.771504878997803,24.5891945541086,271.0023906441817
25,25,15.19773252413778,0.00540614128112793,3.776911020278931,24.67135564328688,0
26,26,24.07438370459334,0.01103782653808594,3.787948846817017,24.9370845146295,90.59754622429585
27,27,54.81987310768498,0.007526159286499023,3.795475006103516,25.3496676117036,132.8698957772357
27,27,61.29456953476611,0.005384922027587891,3.800859928131104,25.67973408936288,0
28,28,65.11156852807651,0.007127046585083008,3.807986974716187,26.14378727149031,140.3105743819624
28,28,53.10361143195696,0.006990909576416016,3.814977884292603,26.51502981719225,0
30,30,63.09824686551693,0.01104617118835449,3.826024055480957,27.2120238537538,181.0582115646111
31,31,129.4595518607051,0.005851984024047852,3.831876039505005,27.96961908300304,170.8822163373396
32,32,110.2716425419704,0.007309913635253906,3.839185953140259,28.77569526640244,136.8005218525767
34,34,244.0668549938428,0.004281044006347656,3.843466997146606,29.82055621312195,467.175762976164
35,35,190.5628227462966,0.005435943603515625,3.848902940750122,30.85644497049756,183.960701754386
36,36,97.95288626058333,0.01050209999084473,3.859405040740967,31.88515597639805,95.2190515108175
38,38,152.2469117153614,0.008032798767089844,3.867437839508057,33.10812478111844,248.979223554553
39,39,185.8278437271559,0.006341218948364258,3.873779058456421,34.28649982489476,157.6983870361319
40,40,217.826265858698,0.00524592399597168,3.879024982452393,35.42919985991581,190.6241876107804
40,40,131.6485858249327,0.006943941116333008,3.885968923568726,36.34335988793265,0
41,41,180.9800245422964,0.005146026611328125,3.891114950180054,37.27468791034612,194.3246849518162
41,41,126.0443786462599,0.005911111831665039,3.897026062011719,38.0197503282769,0
41,41,85.80206005496029,0.006946802139282227,3.903972864151001,38.61580026262152,0
42,42,75.79421970516925,0.008929967880249023,3.91290283203125,39.29264021009722,111.982485649446
43,43,56.93496877223304,0.01302313804626465,3.925925970077515,40.03411216807778,76.78640865569449
42,42,53.77987996988463,0.007310867309570313,3.933236837387085,40.42728973446223,-136.7826767545004
42,42,61.40779145025348,0.005122184753417969,3.938359022140503,40.74183178756978,0
42,42,38.30676514277631,0.00656890869140625,3.944927930831909,40.99346543005582,0
43,43,61.05419835942719,0.006572961807250977,3.95150089263916,41.39477234404466,152.1384163371903
43,43,37.79612528859631,0.008494138717651367,3.959995031356812,41.71581787523573,0
43,43,37.66476852297033,0.006819009780883789,3.966814041137695,41.97265430018859,0
42,42,0.8781577069270977,0.006227970123291016,3.973042011260986,41.97812344015087,-160.5659597274328
41,41,-25.33687659040583,0.007720947265625,3.980762958526611,41.7824987521207,-129.5177865612648
42,42,5.574837166861527,0.007802963256835938,3.988565921783447,41.82599900169656,128.1564409679785
41,41,-15.51009946193233,0.0106511116027832,3.99921703338623,41.66079920135725,-93.8869140887317
41,41,-27.78817659363835,0.004755973815917969,4.003973007202148,41.5286393610858,0
40,40,-51.76680946881152,0.005905866622924805,4.009878873825073,41.22291148886864,-169.323160146946
39,39,-58.51182371211956,0.007598161697387695,4.017477035522461,40.77832919109492,-131.6107816373278
37,37,-76.20803673732206,0.009915828704833984,4.027392864227295,40.02266335287593,-201.6977157970666
37,37,-72.56371228355315,0.008331060409545898,4.035723924636841,39.41813068230074,0
37,37,-103.9603853351442,0.004652023315429688,4.040375947952271,38.9345045458406,0
34,34,-111.7025779455287,0.008835077285766602,4.049211025238037,37.94760363667248,-339.5556035296975
32,32,-116.2796640348192,0.01022982597351074,4.059440851211548,36.75808290933799,-195.5067471508146
31,31,-156.3383621113922,0.007366180419921875,4.06680703163147,35.60646632747039,-135.7555670636976
30,30,-255.1288287205646,0.004395008087158203,4.071202039718628,34.48517306197632,-227.530866876424
30,30,-160.8772336301316,0.005575895309448242,4.076777935028076,33.58813844958105,0
29,29,-136.6134061096197,0.00671696662902832,4.083494901657104,32.67051075966485,-148.876725943279
28,28,-171.7702833206648,0.005438089370727539,4.088932991027832,31.73640860773188,-183.8881143408304
27,27,-126.221091359325,0.007504940032958984,4.096437931060791,30.78912688618551,-133.2455683334392
26,26,-265.6842015109502,0.003605127334594727,4.100043058395386,29.83130150894841,-277.3827127835461
26,26,-121.7074506319412,0.006295919418334961,4.106338977813721,29.06504120715873,0
25,25,-131.9201407818531,0.006162881851196289,4.112501859664917,28.25203296572699,-162.2617509381407
24,24,-144.5244641513816,0.005884170532226563,4.118386030197144,27.40162637258159,-169.9474878444084
24,24,-93.10833100156254,0.007306814193725586,4.125692844390869,26.72130109806528,0
24,24,-141.5071172925798,0.003846168518066406,4.129539012908936,26.17704087845222,0
24,24,-70.46744300552239,0.006178855895996094,4.135717868804932,25.74163270276178,0
24,24,-58.78751820154907,0.005925178527832031,4.141643047332764,25.39330616220943,0
24,24,-40.55059923935482,0.006871938705444336,4.148514986038208,25.11464492976755,0
24,24,-38.62331932342229,0.005771875381469727,4.154286861419678,24.89171594381404,0
24,24,-27.94894447767871,0.006381034851074219,4.160667896270752,24.71337275505123,0
24,24,-20.2634579439413,0.007040977478027344,4.167708873748779,24.57069820404099,0
25,25,11.79884830612759,0.007277011871337891,4.174985885620117,24.65655856323279,137.41904200249
25,25,11.62629372073011,0.005908012390136719,4.180893898010254,24.72524685058624,0
26,26,24.05877667153578,0.01059699058532715,4.191490888595581,24.98019748046899,94.36641393119897
27,27,55.52641926249631,0.007275104522705078,4.198765993118286,25.38415798437519,137.4550698040244
27,27,37.84633605753545,0.008538961410522461,4.207304954528809,25.70732638750016,0
29,29,79.98652903742974,0.008233070373535156,4.215538024902344,26.36586111000013,242.9227383296652
29,29,117.4110444514566,0.004487037658691406,4.220025062561035,26.8926888880001,0
30,30,85.76886200721027,0.007245779037475586,4.227270841598511,27.51415111040008,138.0113849494916
31,31,113.2291186140912,0.006157159805297852,4.233428001403809,28.21132088832007,162.412545982575
32,32,96.02605645729597,0.007890939712524414,4.241318941116333,28.96905671065606,126.7276188174155
33,33,133.9645938137832,0.006017923355102539,4.247336864471436,29.77524536852485,166.1702785151143
34,34,261.4326534348604,0.003232002258300781,4.250568866729736,30.62019629481988,309.4057244024786
35,35,106.8751095200385,0.008196115493774414,4.258764982223511,31.49615703585591,122.0090176571545
36,36,115.042091044009,0.007829904556274414,4.266594886779785,32.39692562868473,127.7154776042142
37,37,146.4514393378231,0.006286144256591797,4.272881031036377,33.31754050294779,159.0800273078965
38,38,111.795409695882,0.008376836776733398,4.28125786781311,34.25403240235823,119.3768037569375
39,39,144.2727369353821,0.006579160690307617,4.287837028503418,35.20322592188659,151.9950715709368
40,40,126.834538710339,0.00756382942199707,4.295400857925415,36.16258073750927,132.2081639085894
40,40,119.3393857962624,0.006431102752685547,4.301831960678101,36.93006459000742,0
41,41,71.4084473023931,0.0113990306854248,4.313230991363525,37.74405167200594,87.72675744075633
41,41,69.92364299889321,0.009312868118286133,4.322543859481812,38.39524133760476,0
