Fart=calc,Fart_IIR=calc,Ts=calc,Avstand_IIR=calc,Lys=meas,Tid=meas,IIRFart=calc,Avstand=calc
Lys0=21
0,0,0.005,21.43450093491158,21,0,0,21.43450093491158
0,0,0.004392147064208984,21.43450093491158,21,0.004392147064208984,0,21.39779829127967
-5.126787391211375,-3.076072434726825,0.007158994674682617,21.41247934873243,21,0.0115511417388916,-3.076072434726726,21.79907983426722
96.05072081714644,56.40000351639713,0.00417780876159668,21.64443964005331,21,0.01572895050048828,55.52199838659433,21.32565351216955
-74.43746875391899,-22.10247984579254,0.006360054016113281,21.45316796332305,21,0.02208900451660156,-30.0739075872097,21.11466550453711
-32.65490200607979,-28.43393314196489,0.006461143493652344,21.25006648805149,21,0.02855014801025391,-31.43429262499693,21.53979152342778
73.0961614141678,32.48412359171472,0.005815982818603516,21.42390150927727,21,0.03436613082885742,29.88919098415028,21.4169159062633
-17.19760052641,2.675089120839891,0.007144927978515625,21.41971014746888,21,0.04151105880737305,-0.5866205818986931,21.41247873975776
-1.133631310400795,0.3898568620954795,0.003914117813110352,21.41537130284221,21,0.0454251766204834,-1.108511504722787,21.08193554136466
-54.23246202444705,-32.38353446983004,0.006094932556152344,21.21530984595568,21,0.05152010917663574,-32.82422816714917,21.14138381580771
5.039291335682693,-9.9298389865224,0.01179695129394531,21.1709542278669,21,0.06331706047058105,-3.759922117466467,21.79774199806883
216.7689566370504,126.0894383876213,0.003027915954589844,21.54702688998806,21,0.0663449764251709,124.2018166161745,21.24232102189625
-81.97925263203578,1.248223775827064,0.006775140762329102,21.36420336913297,21,0.0731201171875,-26.98446087963415,21.76750244244015
76.94999416310241,46.66928600819227,0.006824970245361328,21.60618281311728,21,0.07994508743286133,35.45501815905647,21.80813159515364
9.21290034831582,24.1954546122664,0.004410028457641602,21.7273520823391,21,0.08435511589050293,27.47584746575887,21.63312942520253
-28.63320855996182,-7.501743291070529,0.006111860275268555,21.67081848805716,21,0.09046697616577148,-9.249817851808352,21.84601831541872
30.72785449565778,15.43601538096646,0.006928205490112305,21.7759383844741,21,0.09739518165588379,15.17274517433999,21.58566717590375
-33.71177531094754,-14.05265903418194,0.007722854614257813,21.66177565933189,21,0.1051180362701416,-14.78245167679916,21.27710020262101
-84.95626167176459,-56.59482061673153,0.003632068634033203,21.43097038530536,21,0.1087501049041748,-63.54650676582345,21.1805832657813
-16.58356373170106,-32.58806648571325,0.005820035934448242,21.28073811359092,21,0.114570140838623,-25.81294572860385,21.74966781528278
68.76335567850461,28.22278681281747,0.008275985717773438,21.56209593460603,21,0.1228461265563965,33.99689542852543,21.20356301441798
-74.30993870641121,-33.29684849871974,0.007349014282226563,21.3469761824932,21,0.130195140838623,-29.27191917875252,21.68379002252149
75.39087700702145,31.91578680472497,0.006369829177856445,21.54906448651018,21,0.1365649700164795,31.72585926157931,21.62952830874049
-8.918457743583781,7.415240075739718,0.006084203720092773,21.59734277984837,21,0.1426491737365723,7.935022487618635,21.09563472636098
-141.5494303507408,-81.96356218014857,0.003771781921386719,21.29631794775593,21,0.146420955657959,-79.80971285364252,21.44918444064767
57.11570237767394,1.48399655454493,0.006190061569213867,21.38803784349098,21,0.1526110172271729,14.81728327085038,21.58562725559802
20.89766823142272,13.1321995606716,0.006529092788696289,21.5065914907552,21,0.1591401100158691,18.15775194211948,21.95648698915167
57.45358882629082,39.72503312004313,0.006454944610595703,21.77652878979309,21,0.1655950546264648,41.81868556931988,21.98971763280212
7.184876621765779,20.20093922107672,0.004625082015991211,21.90444209559851,21,0.1702201366424561,27.65644054811599,21.31810129654745
-128.3939419151446,-68.95598946065608,0.005230903625488281,21.55263761616788,21,0.1754510402679443,-67.25501072442154,21.07315178295108
-33.6144720807266,-47.75107903269839,0.007287025451660156,21.2649461162378,21,0.1827380657196045,-39.47996364751734,21.70861329494503
177.9489091736048,87.66891389108352,0.003571033477783203,21.53114642346214,21,0.1863090991973877,74.54433258060186,21.95760897743317
38.11406835672964,57.93600657047119,0.006532907485961914,21.78702395584475,21,0.1928420066833496,39.16748139055331,21.30922710924039
-114.491250085819,-45.52034742330294,0.005663156509399414,21.50034584788213,21,0.198505163192749,-50.62161137288166,21.09440321523393
-32.70313290965719,-37.83001871511549,0.00656890869140625,21.25678026829321,21,0.2050740718841553,-37.07854546792048,21.43734700037458
79.45702313376725,32.54220639421415,0.004316091537475586,21.36512030754203,21,0.2093901634216309,25.10142296754655,21.43645237140528
-0.1574829338332552,12.92239279738571,0.00568079948425293,21.40791954585998,21,0.2150709629058838,7.534016723630086,21.29635134943349
-25.58456447493844,-10.18178156600879,0.005475997924804688,21.34097862800408,21,0.2205469608306885,-12.22442352519449,21.0103375502412
-34.27315073445526,-24.63660306707667,0.008345127105712891,21.14259398134635,21,0.2288920879364014,-23.77251348537511,21.70792309479657
218.268246167159,121.1063064734647,0.003196001052856445,21.48179144941648,21,0.2320880889892578,106.1318386509831,21.69907712864624
-1.656517153683491,47.44861229717579,0.005340099334716797,21.61216285695434,21,0.2374281883239746,24.41366711856585,21.77269243561775
9.833905869540693,24.87978844059473,0.007485866546630859,21.70848060415238,21,0.2449140548706055,12.86661291622939,21.78019624318904
2.104811750918912,11.21480242678924,0.003565073013305664,21.75150998757438,21,0.2484791278839111,12.0697060793415,21.44792240174731
-56.27074341884065,-29.27652508058869,0.005904912948608398,21.56935743607814,21,0.2543840408325195,-30.84762689671295,21.67247402109218
28.68221077518227,5.498716432873882,0.007828950881958008,21.63122738708656,21,0.2622129917144775,7.902712884686274,21.23088245239745
-166.8170118835043,-97.89072055695303,0.002647161483764648,21.3910204262731,21,0.2648601531982422,-90.74133266394368,21.62662645626221
57.65641940970327,-4.562436576959257,0.006863832473754883,21.53238404426656,21,0.2717239856719971,20.59543535393615,21.42373336132454
-24.09318308285228,-16.28088448049507,0.008421182632446289,21.46719363450135,21,0.2801451683044434,-7.741241653403506,21.94839773767092
219.70865538809,125.312839440656,0.00238800048828125,21.75591609640309,21,0.2825331687927246,120.905528838291,21.40424995043828
-72.2162144216245,6.795407123287696,0.007534980773925781,21.5449164088242,21,0.2900681495666504,-28.00268426815885,21.45393810715779
12.28743791529244,10.09062559849054,0.004043817520141602,21.49032942782435,21,0.294111967086792,-13.49887346003171,21.0179513406627
-81.98067957757607,-45.15215750714943,0.005318164825439453,21.20690257552736,21,0.2994301319122314,-53.29410832496537,21.37450010139604
66.88165891497647,22.06813234612611,0.005331039428710938,21.30746109104857,21,0.3047611713409424,18.86283469967118,21.23721604016069
-17.56699881553596,-1.712946350871128,0.007814884185791016,21.26531406051584,21,0.3125760555267334,-5.393174042086599,21.7545816138725
126.0668387429101,74.95492470539761,0.004103899002075195,21.55887459252984,21,0.3166799545288086,71.53210443667065,21.48393567781198
-48.36278681843793,0.9642977910962891,0.005596160888671875,21.51391124369912,21,0.3222761154174805,-8.03467765226884,21.64638682267205
30.77271640733343,18.84934896083858,0.005279064178466797,21.59339659108288,21,0.3275551795959473,15.05671170052798,21.61055959581332
-5.178162678238711,4.432841977392204,0.006918907165527344,21.60369439392114,21,0.3344740867614746,1.488356844787656,21.24362813591051
-94.20469425207834,-54.74967976029013,0.003895044326782227,21.38765463911476,21,0.3383691310882568,-55.46528785844551,21.57207752423467
58.52734230799517,13.21653348068105,0.005611896514892578,21.49830837018671,21,0.3439810276031494,19.71770697807735,21.25471267191763
-36.10123317240117,-16.37412651116828,0.008790969848632813,21.35215095122526,21,0.3527719974517822,-16.62585829300485,21.35390644646639
13.33233497933003,1.449750383130706,0.007440090179443359,21.35320424836994,21,0.3602120876312256,0.1415704809048539,21.41461769996336
14.48307663447475,9.269746133937128,0.004191875457763672,21.39005231932599,21,0.3644039630889893,8.790354419477175,21.74727870586739
66.10828142269202,43.37286730719006,0.005032062530517578,21.60438815125083,21,0.3694360256195068,42.59403189546541,21.35939050305969
-62.1911712763438,-19.96555584293026,0.006237030029296875,21.45738956233615,21,0.3756730556488037,-23.56868384859385,21.47888307045384
25.1461619282294,7.101474819765532,0.004751920700073242,21.47028566720676,21,0.380424976348877,2.713872070805881,21.95221546164685
74.35301830307471,47.45240090975104,0.00636601448059082,21.75944354387081,21,0.3867909908294678,45.42212047202514,21.8656287742742
-11.44422036912704,12.11442814242419,0.007565975189208984,21.82315468211284,21,0.3943569660186768,8.420743744031252,21.80026464179695
-19.45894260102294,-6.82959430364409,0.003359079360961914,21.80942065792331,21,0.3977160453796387,-4.088627482024931,21.49847379282152
-56.10578276765516,-36.39530738205073,0.005378961563110352,21.62285253886223,21,0.403095006942749,-34.6847838327354,21.23033713752986
-38.68088205800319,-37.76665218762221,0.00693202018737793,21.38734329806281,21,0.410027027130127,-33.97411352440241,21.16034072998182
-11.24420575121955,-21.85318432578061,0.006225109100341797,21.25114175721422,21,0.4162521362304688,-21.87938213662962,21.71952478720757
116.9886237010271,61.45190049030399,0.004779815673828125,21.53217157521023,21,0.4210319519042969,58.79511620809755,21.99532677989775
49.72906031933663,54.41819638772357,0.005546092987060547,21.81006469802275,21,0.4265780448913574,50.10610594897412,21.2241495812341
-136.7097045250955,-60.25854415996787,0.005640983581542969,21.45851562794956,21,0.4322190284729004,-62.32052708386506,21.51759833319681
44.57691768324906,2.64273294596228,0.006582975387573242,21.49396525109791,21,0.4388020038604736,5.385045676346811,21.70677665786584
49.3298976607146,30.65503177481367,0.003834962844848633,21.62165209515867,21,0.4426369667053223,33.29545792921437,21.02052546669351
-115.7635986220578,-57.19614646330923,0.00592803955078125,21.26097611807957,21,0.4485650062561035,-60.84237022871426,21.62354138505026
92.7409826352079,32.76613099580103,0.006502151489257813,21.47851527826198,21,0.4550671577453613,33.45648906239843,21.59848622884242
-3.349661871774737,11.09665527525557,0.00747990608215332,21.55049784861024,21,0.4625470638275146,9.623459112675828,21.84927200752194
65.82426750054198,43.93322261042742,0.003809928894042969,21.72976234395726,21,0.4663569927215576,47.05192677672016,21.35917290148949
-83.77652691153468,-32.69262710274984,0.005850076675415039,21.5074086784766,21,0.4722070693969727,-38.0086754102049,21.85521511595701
70.26042970113318,29.07920697957997,0.007060050964355469,21.71609254096484,21,0.4792671203613281,29.55840737437149,21.81277281001538
-10.65836029099449,5.236666617235294,0.003982067108154297,21.77410070239517,21,0.4832491874694824,14.56734903124461,21.64984553574384
-26.29141728940603,-13.6801837267495,0.006196975708007813,21.69954760240437,21,0.4894461631774902,-12.03056192304566,21.06729058932217
-114.0502493463497,-73.90222309850962,0.005107879638671875,21.32019339455505,21,0.4945540428161621,-74.26843126396746,21.45641893246587
50.06203810076135,0.4763336210529587,0.007772922515869141,21.40192871730155,21,0.5023269653320313,10.51539142190419,21.97305781950303
150.7017560647827,90.6115870872908,0.003428220748901367,21.74460617862244,21,0.5057551860809326,99.95781672773354,21.27196750732102
-112.0863693823616,-31.00718679450063,0.006254911422729492,21.46102297584159,21,0.5120100975036621,-45.33768483920452,21.25220345678466
-3.463687637191293,-14.48108730011503,0.005706071853637695,21.33573126440743,21,0.5177161693572998,-21.95761193478259,21.41975675560915
22.82756679896008,7.904105159330032,0.007339954376220703,21.38614655912846,21,0.5250561237335205,6.868611456818464,21.42962154856362
2.658267943983748,4.756602830122262,0.00371098518371582,21.41223155278956,21,0.5287671089172363,7.02912902362355,21.07756774338913
-60.82635867764903,-34.59317407454051,0.005787849426269531,21.2114332671493,21,0.5345549583435059,-34.69307351516261,21.98522630343027
153.3718446948192,78.18583718707531,0.005918025970458984,21.67570908891788,21,0.5404729843139648,78.45112949590066,21.68507492918635
-46.50632100468264,3.37054227202054,0.006453990936279297,21.68132859307896,21,0.5469269752502441,0.8707022083798678,21.94168229931166
53.18160484959229,33.25717981856359,0.004825115203857422,21.83754081681858,21,0.5517520904541016,32.37481741673898,21.45573615058513
-83.94241898555515,-37.06257946390766,0.005789041519165039,21.60845801707851,21,0.5575411319732666,-39.57180113178858,21.98818880956228
97.51837550144138,43.68599351530175,0.005460023880004883,21.83629649256877,21,0.5630011558532715,41.72847600989956,21.71927459426976
-43.36606439533572,-8.54524123108073,0.006201028823852539,21.76608335358936,21,0.569202184677124,-11.32282093405698,21.79927508509531
14.66036257740112,5.378121054008377,0.005456924438476563,21.78599839249293,21,0.5746591091156006,3.649498747526292,21.93888169676208
17.8614699612726,12.86813039836691,0.007816076278686523,21.87772837505442,21,0.5824751853942871,11.73606542346944,21.19049109857697
-197.6312837329348,-113.4315180804141,0.003786802291870117,21.46538600916795,21,0.5862619876861572,-108.8893303914302,21.14601292007205
-7.566926341198933,-49.91276303688501,0.005877971649169922,21.27376215571041,21,0.5921399593353271,-32.6003364586836,21.43577864321485
46.02959898654515,7.652654177173087,0.006295204162597656,21.37097204821307,21,0.5984351634979248,15.4418967188109,21.58570664937826
23.17634010110259,16.96686573153078,0.006469011306762695,21.49981280891218,21,0.6049041748046875,19.9166077456725,21.70158812240202
26.03611130434289,22.40841307521805,0.004450798034667969,21.62087799700608,21,0.6093549728393555,27.20078223071576,21.35058193363452
-64.09903611861317,-29.49605644108068,0.005475997924804688,21.45870035898314,21,0.6148309707641602,-29.61608829110789,21.22989772662357
-15.85002042218354,-21.3084348297424,0.0076141357421875,21.3214187795674,21,0.6224451065063477,-18.02983083885876,21.11009919802965
-15.47780457354564,-17.81005667602435,0.007740020751953125,21.19462703064475,21,0.6301851272583008,-16.38131898944255,21.64626998483988
196.9749737935785,111.0609616057374,0.002722024917602539,21.46561280316182,21,0.6329071521759033,99.55300951313617,21.67998436846087
5.247453394650758,47.5728566790854,0.006424903869628906,21.59423574234125,21,0.6393320560455322,20.01943403191359,21.90499192540343
36.94750405647112,41.19764510551683,0.006089925765991211,21.78068945217856,21,0.6454219818115234,30.61674591807853,21.06856187508351
-218.5548159591993,-114.6538315333128,0.003827095031738281,21.35341290592153,21,0.6492490768432617,-111.6451362491929,21.20214945632075
23.72372454626538,-31.62729788556591,0.005630970001220703,21.26265483616106,21,0.6548800468444824,-16.11766174225644,21.47736817634887
37.89354227386811,10.0852062100945,0.007262945175170898,21.39148284027375,21,0.6621429920196533,17.73770846475647,21.30530246496733
-26.08602260935669,-11.61753108157621,0.006596088409423828,21.3397746150899,21,0.6687390804290771,-7.839225609829022,21.14871488488843
-40.86206143689791,-29.16424929476923,0.003832101821899414,21.22513877696902,21,0.6725711822509766,-29.91461173233192,21.51641923311318
61.52075545799534,25.24675355688951,0.00597691535949707,21.39990705065552,21,0.6785480976104736,29.24054686650364,21.72094018981724
29.30924787438945,27.68425014738947,0.006978034973144531,21.59252693415254,21,0.6855261325836182,27.60374292165899,21.09304744985852
-142.6714898304238,-74.5291938392985,0.004400968551635742,21.29283924357613,21,0.6899271011352539,-68.09584914325855,21.74586455643166
132.7119717607668,49.8155055207407,0.004919052124023438,21.56465443128945,21,0.6948461532592773,55.25763518256635,21.20277121722205
-78.92652940023678,-27.42971543184578,0.006880998611450195,21.34752450284901,21,0.7017271518707275,-31.55500250779468,21.57784373841952
80.83696500429832,37.53029282984068,0.004639863967895508,21.48571604419132,21,0.706367015838623,29.78353294374445,21.88640421315468
51.29796795051583,45.79089790224577,0.00601506233215332,21.72612894556933,21,0.7123820781707764,39.968480474907,21.39482055312511
-86.78921208892735,-33.7571680924581,0.00566411018371582,21.5273439101028,21,0.7180461883544922,-35.09554528759594,21.38458697966366
-1.55129271399986,-14.43364286538316,0.006596803665161133,21.44168975183932,21,0.7246429920196533,-12.9841909220125,21.89725742662702
126.3319256436295,70.02569824002446,0.004058122634887695,21.71503035671194,21,0.728701114654541,67.3564180940999,21.04720610549401
-147.8120167668626,-60.67693076410777,0.005750894546508789,21.31433580598118,21,0.7344520092010498,-69.67516922632718,21.8251537405569
125.9193793669126,51.28085531450447,0.006178140640258789,21.62082656672661,21,0.7406301498413086,49.60889992504082,21.10088253701972
-60.03109647618341,-15.50631575990826,0.01206493377685547,21.30886014890247,21,0.7526950836181641,-25.85728389347558,21.586700426549
265.9099461469718,153.3434413842198,0.001827001571655273,21.47556431549039,21,0.7545220851898193,91.24467607156175,21.67489976744056
15.45710309191568,70.61163840883731,0.005706071853637695,21.59516558666049,21,0.760228157043457,20.96035140073701,21.97337002403545
46.84810235450137,56.35351677623575,0.006371021270751953,21.82208824908547,21,0.766599178314209,35.61794142278737,21.92522628196491
-7.813096921704314,17.85354855747171,0.006161928176879883,21.88397106881313,21,0.7727611064910889,10.0427687488884,21.31987093649817
-144.7903938704692,-79.73281689929284,0.004180908203125,21.54551098942415,21,0.7769420146942139,-80.95372176217595,21.14161546287764
-23.09581261671998,-45.75061432974913,0.007718086242675781,21.30317367349625,21,0.7846601009368896,-31.39862762713692,21.11370770169089
-4.948158368982291,-21.26914075328903,0.005640029907226563,21.18949409041303,21,0.7903001308441162,-20.15584756697077,21.82892401057434
162.8839998487855,89.22274360795573,0.004390954971313477,21.57315204250982,21,0.7946910858154297,87.37460406751076,21.89395689475701
11.69221510818775,42.70442650809494,0.005562067031860352,21.76563495385814,21,0.80025315284729,34.60636311028739,21.99700363430004
16.96269041806506,27.25938485407701,0.006074905395507813,21.90445616212328,21,0.8063280582427979,22.85158356009943,21.6883004977364
-45.80101876552656,-16.57685731768513,0.006740093231201172,21.77476276349115,21,0.813068151473999,-19.24207784422862,21.3704609872875
-59.25484621005609,-42.1836506531077,0.005363941192626953,21.53218169776896,21,0.818432092666626,-45.2244081377383,21.05694578570642
-70.1546128922505,-58.96622799659338,0.004468917846679688,21.24704015053144,21,0.8229010105133057,-63.80550214172768,21.51798299572894
75.40673117089051,21.65754750389695,0.006114006042480469,21.40960585764994,21,0.8290150165557861,26.5890654979715,21.37965847237148
-18.814252411593,-2.625532445397015,0.007352113723754883,21.39163742648287,21,0.836367130279541,-2.443981668702548,21.70141224704659
44.5463985520678,25.67762615308187,0.007222890853881836,21.5775023188211,21,0.8435900211334229,25.73275660649643,21.58778943222659
-29.58032565891565,-7.477144934116643,0.003841161727905273,21.58367458686439,21,0.8474311828613281,1.606875336295614,21.76220970115575
29.63388146193022,14.78947090351148,0.005885839462280273,21.69079565543921,21,0.8533170223236084,18.19979448323516,21.38518274667434
-65.89023597038289,-33.61835322082515,0.0057220458984375,21.50742791018029,21,0.8590390682220459,-32.04583614210288,21.77980240765785
59.80902011063665,22.43807077805193,0.006597995758056641,21.67085260866682,21,0.8656370639801025,24.76883958086513,21.29164527521703
-104.2823374363385,-53.59417415058232,0.004681110382080078,21.44332820859695,21,0.8703181743621826,-48.60479277328494,21.68881596353894
65.15388793458064,17.65466310051546,0.00609588623046875,21.59062086156215,21,0.8764140605926514,24.16263155125721,21.76154455747319
11.73208078353924,14.10111371032973,0.006199121475219727,21.69317507910877,21,0.8826131820678711,16.54334698175828,21.38798551614928
-58.63628536585637,-29.54132573538192,0.006370782852172852,21.51006134133308,21,0.8889839649200439,-28.74273727807903,21.16555163858016
-34.47983230185844,-32.50442967526784,0.006451129913330078,21.30335551968133,21,0.895435094833374,-32.04180111527946,21.17115016640834
1.14117352694089,-12.3170677539426,0.004905939102172852,21.22403230771754,21,0.9003410339355469,-16.16881300639471,21.81817268807606
121.8484712069407,68.18225562258738,0.00531005859375,21.58051653593265,21,0.9056510925292969,67.13376546064834,21.23109268035271
-61.7915188134012,-9.802009039005764,0.009500980377197266,21.37086222258469,22,0.9151520729064941,-22.06659786932479,22.5199015382062
197.0925054774598,114.3346996708736,0.006539106369018555,22.06028581195759,22,0.9216911792755127,105.4308571335228,22.03569558332046
-206.1415929152512,-77.95107588080126,0.002348899841308594,22.04553167477531,22,0.9240400791168213,-6.281296853449496,22.84124842528786
129.5924174315443,46.5750201066061,0.006216049194335938,22.52296172508284,22,0.9302561283111572,76.80602829568328,22.56269841159478
-62.99258298554651,-19.16554174868547,0.00442194938659668,22.54680373699001,23,0.9346780776977539,5.391742379375531,23.40226595541849
150.5966517268937,82.69177433666204,0.005574941635131836,23.0600810680471,24,0.9402530193328857,92.06864657067488,24.86514330805585
164.4400699937361,131.7407517309064,0.008896112442016602,24.14311841205235,23,0.9491491317749023,121.7427669742607,23.90564599159113
-218.6117351533069,-78.47074039962154,0.004389047622680664,24.00063495977562,24,0.953538179397583,-32.46340995263682,24.2559959031627
52.33169642109265,0.01072169280697111,0.006694793701171875,24.15385152580787,24,0.9602329730987549,22.88592791222673,24.79982030867056
123.6764560710975,74.21016231978126,0.004397153854370117,24.54143279552548,26,0.964630126953125,88.14366805301111,26.59221846536667
315.9562393134026,219.257808515954,0.005672931671142578,25.77190419743019,26,0.9703030586242676,216.9022074007954,26.23930868261704
-27.6923391720779,71.08771990313489,0.01274394989013672,26.0523468885423,29,0.9830470085144043,22.00594741267417,29.12237577257955
404.1867714318518,270.947150820365,0.007133007049560547,27.89436421896465,32,0.9901800155639648,258.2385405795776,32.47037460839437
541.1377614278774,433.0615171848724,0.006186962127685547,30.63997045262248,33,0.9963669776916504,443.7729174665111,33.2010209835857
174.2510384972146,277.7752299722777,0.00419306755065918,32.17660077120041,35,1.00056004524231,366.4692495441352,35.8914803530131
430.8910036666844,369.6446941889217,0.00624394416809082,34.40552852028802,37,1.0068039894104,356.9743240944351,37.37355208417038
196.5615617479816,265.7948147243577,0.007539987564086914,36.18634265861743,38,1.014343976974487,236.1826360047938,38.44455076873279
187.2329971096558,218.6577241555365,0.005720138549804688,37.54126752468665,40,1.020064115524292,236.8692391402784,40.80402373760287
361.880532095793,304.5914089196904,0.00652003288269043,39.49892125243638,42,1.026584148406982,300.2521249466341,42.92038094729135
327.5152385354117,318.3457066891232,0.006461858749389648,41.55179706934937,43,1.033046007156372,317.6912242327938,43.81652933102489
192.2618286694163,242.6953798772991,0.004661083221435547,42.91063642635468,45,1.037707090377808,291.5286624268452,45.30961866611338
172.4106095454387,200.5245176781829,0.008660078048706055,44.3500257702099,48,1.046367168426514,166.2097426558742,48.07483901331662
1115.101890506294,749.2709413750497,0.002479791641235352,46.58491371607393,49,1.048846960067749,901.2402125650697,49.86219714318747
270.8941010894644,462.2448372036985,0.006597995758056641,48.55128377234205,52,1.055444955825806,298.0253592717217,52.84643926303531
612.1292380793355,552.1754777290807,0.00487518310546875,51.12837706675801,54,1.060320138931274,528.6146671137524,54.03888453918481
161.4056859823458,317.7136026810398,0.007387876510620117,52.87468155021409,54,1.067708015441895,236.37434666724,54.08821048197371
6.369508301568389,130.9071460533569,0.007744073867797852,53.60279890926986,59,1.075452089309692,94.0225224456462,59.77824364087359
1494.597246900453,949.1212065616144,0.00380706787109375,57.3080657482321,60,1.079259157180786,973.2599902133456,60.207335997744
81.51751919517036,428.5589941417481,0.005263805389404297,59.04762789793924,62,1.08452296257019,330.476151950596,62.90615976561528
358.6378774158854,386.6063241062304,0.007525205612182617,61.36274701854487,64,1.092048168182373,307.6486198407209,64.91998765621266
316.4945434968577,344.5392557406068,0.0063629150390625,63.49709140114554,66,1.098411083221436,335.4349963024406,66.70394153016963
433.2124171695944,397.7431525979994,0.004117965698242188,65.42120147856,66,1.102529048919678,467.2477185120284,66.47912618314916
-35.11633804816746,138.0274582102993,0.006402015686035156,66.05595630131349,68,1.108931064605713,99.14921391681315,68.25501072795321
301.257822034776,235.9656765049853,0.005894899368286133,67.37538895729732,69,1.114825963973999,223.8261543669811,69.53293451754066
302.466049453292,275.8659002739694,0.004225015640258789,68.66991629344333,70,1.119050979614258,306.395868410729,70.83266769111969
176.858164056424,216.4612585434421,0.007349014282226563,69.96756713204914,71,1.126399993896484,176.5748151754392,71.56050547390736
121.3054487680788,159.3677726782242,0.006000041961669922,70.92333013716408,72,1.132400035858154,159.2927201543979,72.05668258824388
73.44170714507945,107.8121333583373,0.006756067276000977,71.60334160781196,73,1.139156103134155,100.651968499993,73.7495820706487
279.3616504956718,210.741843640738,0.006059885025024414,72.891085885514,74,1.14521598815918,212.5030874982415,74.33115490961581
60.8075105265134,120.7812437722033,0.00956416130065918,73.75512729997507,74,1.154780149459839,90.34157698715504,74.92819084718781
443.6049993094773,314.4754970945677,0.00134587287902832,74.45896542830273,74,1.156126022338867,522.9603325061402,74.4651821231956
-67.64191372606739,85.20505060218664,0.006844997406005859,74.46269544523846,74,1.162971019744873,0.5449259823620921,74.46645989532737
0.2823095640180938,34.25140597928552,0.004526138305664063,74.46495411529179,75,1.167497158050537,0.49902806781449,75.33634392398049
151.3673274525368,104.5209588632363,0.005746841430664063,74.98778800050502,76,1.173243999481201,90.97760770350963,76.91015162584208
304.7003295397361,224.6285812691362,0.00516510009765625,76.14120617570726,76,1.178409099578857,223.309936573275,76.39604547135154
-73.34912239622645,45.8419590699186,0.007009029388427734,76.29410975309383,76,1.185418128967285,21.81522845930977,76.31557472567478
-10.93815894205626,11.77388826273368,0.007356882095336914,76.3069887366424,76,1.192775011062622,1.750603500460877,76.20725082667985
-29.71895361395016,-13.12181686327662,0.003644943237304688,76.24714599066486,76,1.196419954299927,-16.41801863059612,76.22114287171626
2.260268438046905,-3.892565682482505,0.00614619255065918,76.23154411929571,76,1.202566146850586,-2.538461208392061,76.00341256827605
-21.82143566643893,-14.64988767285636,0.009977817535400391,76.09466518868391,76,1.212543964385986,-13.71832368412895,76.52592870748082
121.035595776833,66.76140239695728,0.004317045211791992,76.35342329996206,76,1.216861009597778,59.93870774652954,76.2156835395529
-47.97988823497415,-2.08337198220158,0.006466150283813477,76.27077944371656,76,1.223327159881592,-12.78099837122201,76.50831917367618
49.27349701910218,28.73074941858068,0.005939006805419922,76.41330328169234,76,1.229266166687012,23.99792467752455,76.66090777348332
30.70884192339387,29.91760492146859,0.004968881607055664,76.56186597676693,76,1.234235048294067,29.89861840612857,76.95549678660814
26.82695462472291,28.06321474342118,0.01098108291625977,76.79804446267166,75,1.245216131210327,21.50775908949921,75.59575978804498
-646.9090666993505,-376.9201541222419,0.002101898193359375,76.07667365789564,76,1.247318029403687,-343.1996882889359,76.83271383695029
220.6883029962895,-18.35507985112304,0.005604982376098633,76.53029776532843,75,1.252923011779785,80.93229862187973,75.44834055525088
-219.7427487482957,-139.1876811894266,0.006299972534179688,75.88112343928191,75,1.259222984313965,-103.0439930530663,75.7550542267234
63.47512602318185,-17.58999686186154,0.004832029342651367,75.8054819117468,75,1.264055013656616,-15.6541945777189,75.74735153493141
-1.572290782258857,-7.979373214099929,0.004899024963378906,75.77060368565757,75,1.268954038619995,-7.119421997224864,75.74735550693747
0.0007026190749908418,-3.191327714194977,0.005653142929077148,75.75665477842552,74,1.274607181549072,-2.467460562566347,74.21355277040857
-204.9714826047953,-124.2594206485551,0.007483005523681641,74.83079357361536,74,1.282090187072754,-123.728520830309,74.3194826018197
31.45277612962163,-30.83210258164907,0.003367900848388672,74.52400699053797,74,1.285458087921143,-91.09133459916453,74.43501250530985
15.99021701189004,-2.738710825525606,0.00722503662109375,74.47061029940111,74,1.292683124542236,-7.39050802607345,74.45111378957839
2.678632437438127,0.5116951322526337,0.006011009216308594,74.45891239350748,74,1.298694133758545,-1.946080179329753,74.98201534241324
75.21067675419378,45.33108410541732,0.007058858871459961,74.77277416285094,74,1.305752992630005,44.46352803743562,74.21184817272665
-173.7289039736007,-86.1049087419935,0.004433155059814453,74.43621856877636,74,1.310186147689819,-75.91784846990406,74.49668295288799
47.23750178995687,-6.099462422823276,0.006029844284057617,74.47249719924333,74,1.316215991973877,6.016511995655415,74.90416922632291
69.33554996402463,39.16154500928546,0.005877017974853516,74.73150041549108,74,1.32209300994873,44.07051626453535,74.79775780779862
-16.12259648022605,5.991060115578556,0.006600141525268555,74.77125485087561,74,1.328693151473999,6.023270142365625,74.18812452553197
-142.2761692824487,-82.9692775232378,0.004284858703613281,74.42137665566943,74,1.332978010177612,-81.6545467207931,74.18998257538404
0.200695988430812,-33.06729341623664,0.009258031845092773,74.28254020749819,74,1.342236042022705,-14.99632432619286,74.81592455061388
91.47066164289599,41.65547961924294,0.006843090057373047,74.60257081336761,74,1.349079132080078,46.76697269599784,74.23164248517146
-90.12749086879325,-37.41430267357877,0.006482839584350586,74.38001381644992,74,1.355561971664429,-34.33017183626384,74.33287717212678
20.73185159100621,-2.526610114827788,0.004883050918579102,74.35173182985604,74,1.360445022583008,-5.791868048369968,74.1997616348136
-22.61898519748798,-14.5820351644239,0.005885124206542969,74.26054971283057,74,1.366330146789551,-15.4936605966776,74.32213420973034
18.19388821607091,5.083518863872982,0.00672602653503418,74.29750041097043,74,1.373056173324585,5.493689022396006,74.47940861696525
25.50679279881696,17.33748322483937,0.006165981292724609,74.40664533456732,74,1.37922215461731,17.70114413510618,74.74881416943886
53.7006361734764,39.15537499402159,0.005016803741455078,74.61194663549024,74,1.384238958358765,40.92272919238821,74.87013008438057
22.50689257358669,29.16628554176065,0.005390167236328125,74.76685670482444,74,1.389629125595093,28.73938090271947,74.60125254494553
-51.50973504898787,-19.23932681268846,0.005219936370849609,74.66749420889709,74,1.394849061965942,-19.03519293496279,74.21943315575394
-55.82940879776355,-41.19337600373352,0.00683903694152832,74.3986575770112,74,1.401688098907471,-39.30913580148212,74.65575298548575
60.74276444249437,19.96830826400322,0.007183074951171875,74.55291482209593,74,1.408871173858643,21.4750989142289,74.1568397366532
-147.1791978640712,-80.32019541284141,0.003389835357666016,74.31526977083029,74,1.412261009216309,-70.1051898370867,74.5459784397516
63.8038395277908,6.154225551537913,0.00609898567199707,74.45369497218308,74,1.418359994888306,22.69642999627873,74.78982692652671
48.84777359226472,31.770354375974,0.004992008209228516,74.65537414478927,74,1.423352003097534,40.40040884415119,74.97305607793624
32.86515406575251,32.42723418984111,0.005575180053710938,74.84598330467745,74,1.428927183151245,34.18887965085723,74.27899657900795
-93.46614437144073,-43.10879294692799,0.007425785064697266,74.50579126927575,74,1.436352968215942,-45.81226529421079,74.59695514648193
53.93573127033824,15.11792158343175,0.005895137786865234,74.56048959559945,74,1.442248106002808,9.278549255553278,74.51953185334355
-11.28459631314879,-0.7235891545165742,0.006860971450805664,74.53591495024591,74,1.449109077453613,-3.581802595994361,74.9410315511086
65.21683150120667,38.84066323891737,0.006463050842285156,74.77898491076352,74,1.455572128295898,37.60916731882908,74.5466512120371
-85.01572871917062,-35.47317193593543,0.004638910293579102,74.63958469152768,74,1.460211038589478,-30.05020800440739,74.83904232998133
55.47210220544209,19.09399254889108,0.005270957946777344,74.75925927459986,74,1.465481996536255,22.70452245693807,74.1390655214599
-92.46686806364069,-47.84252381862799,0.007570028305053711,74.38714302271589,74,1.473052024841309,-49.15652054240582,74.57449040552842
70.20737065882784,22.98741286784551,0.006201982498168945,74.4995514524034,74,1.479254007339478,18.12459640456782,74.26878142794576
-63.63456017423505,-28.98577095740282,0.004804134368896484,74.36108943772881,74,1.484058141708374,-28.82142838698167,74.45066015519981
35.38615239060249,9.637383051400365,0.005139827728271484,74.41483186821142,74,1.489197969436646,10.45607621963507,74.53046872802739
9.002539231503205,9.256476759462068,0.008865118026733398,74.48421398410099,74,1.498063087463379,7.826417615688229,74.51996863070129
-1.427803540776664,2.845908579318829,0.007354021072387695,74.50566677206118,74,1.505417108535767,2.917150732778734,74.5425187467786
6.224140699100701,4.872847851187952,0.003623008728027344,74.52777795689163,74,1.509040117263794,6.102989666958205,74.7283370190531
30.60225862549223,20.31049431577052,0.006072044372558594,74.64811339418851,74,1.515112161636353,19.81794432213304,74.21273924269078
-71.67248254358578,-34.87929179984326,0.007193803787231445,74.38688890328987,74,1.522305965423584,-36.31242922726061,74.67954831165196
123.7166147592674,60.27825213562313,0.003773212432861328,74.56248454830713,74,1.526079177856445,46.5374394211074,74.84776802169351
28.0419936690169,40.93649705565939,0.005998849868774414,74.73365463233896,74,1.53207802772522,28.53381694428024,74.8665066804821
2.756870865746572,18.0287213417117,0.006797075271606445,74.81336586122485,74,1.538875102996826,11.72728353014765,74.42686924463494
-123.2519922280214,-66.73970680012818,0.003566980361938477,74.58146789127091,74,1.542442083358765,-65.01240444954653,74.5600666278319
10.92582710055214,-20.14038645971999,0.0121910572052002,74.5686271332075,74,1.554633140563965,-1.053293233496382,74.08355462972101
-62.50230414749709,-45.55753707238625,0.007623910903930664,74.27758363111561,74,1.562257051467896,-38.17509225374629,74.11981150381
11.32333224266213,-11.42901548335723,0.003201961517333984,74.18292035473224,74,1.565459012985229,-29.5641518084797,74.35417457727832
33.04612305857768,15.25606764180371,0.007091999053955078,74.28567288825988,74,1.572551012039185,14.48851483847085,74.65911842261107
42.37715162197897,31.52871802990886,0.007195949554443359,74.5097402088706,74,1.579746961593628,31.13797823559747,74.33951447240493
-49.75932170621492,-17.24410581176541,0.006422996520996094,74.4076047669912,74,1.586169958114624,-15.90152533097717,74.63871289405159
67.3100802781717,33.48840584219686,0.004445075988769531,74.54626964322742,74,1.590615034103394,31.19516439911404,74.87430259915917
42.38011848050983,38.82343342518464,0.005558967590332031,74.74308941678647,74,1.596174001693726,35.40581418415616,74.94124532792478
9.064670057546909,20.968175404602,0.007385015487670898,74.86198296346945,74,1.603559017181396,16.09929551014119,74.63432997687618
-47.64234953976887,-20.19813956202051,0.006442070007324219,74.72539117151348,74,1.610001087188721,-21.20309028009147,74.70394608992681
15.75775183123057,1.375395273930138,0.004417896270751953,74.71252412256148,74,1.614418983459473,-2.912483264305626,74.47106043849573
-41.787945212405,-24.52260901787094,0.005573034286499023,74.56764591212203,74,1.619992017745972,-25.99628909343322,74.8303238369899
69.75880326640745,32.04623835269609,0.005150079727172852,74.72525266704276,74,1.625142097473145,30.60277962089716,74.68560671821123
-19.88949440205126,0.8847986998476784,0.007276058197021484,74.70146509774384,74,1.632418155670166,-3.269293435373487,74.10003967867155
-127.606701107157,-76.2101011843551,0.004588842391967773,74.34060984630047,74,1.637006998062134,-78.63753439756458,74.13235782310149
6.217416863363933,-26.75359035572368,0.005198001861572266,74.21565863238108,74,1.642204999923706,-24.03831650063966,74.16307935971675
4.84874746609721,-7.792187662631148,0.006335973739624023,74.18411106878247,74,1.64854097366333,-4.979118426788111,74.37256898575258
30.56007152339304,15.21916784898336,0.006855010986328125,74.29718581896454,74,1.655395984649658,16.49519605549653,74.36522618102448
-0.9748656382082867,5.502747756668374,0.007532119750976563,74.33801003620051,74,1.662928104400635,5.420017018538769,74.15540638565483
-62.744047269223,-35.44532925886644,0.003344058990478516,74.22844784587309,74,1.666272163391113,-32.76323493077244,74.8696310576025
121.8398095924173,58.92575405190383,0.005861997604370117,74.61315777291073,74,1.672134160995483,65.62778646494706,74.08021206534629
-125.2672229455265,-51.59003214655439,0.0063018798828125,74.29339034837207,74,1.678436040878296,-50.74159306190124,74.26197819856045
28.23324888362993,-3.696063528443794,0.006438016891479492,74.2745430584851,74,1.684874057769775,-2.927499291267995,74.30927040006369
11.17509126387851,5.226629346949591,0.004231929779052734,74.29537946343226,74,1.689105987548828,4.923617837492849,74.01825709704531
-49.64405014451457,-27.6957783479289,0.005861997604370117,74.12910604360009,74,1.694967985153198,-28.36463455873968,74.13341436828071
13.74515092122195,-2.83122078643839,0.008378028869628906,74.13169103840847,74,1.703346014022827,0.3085445095258609,74.02770436842983
-15.91285486898671,-10.68020123596738,0.006643056869506836,74.06929903642129,74,1.709989070892334,-9.39206199988611,74.56082486864638
85.53224368053767,47.04726571393564,0.006232976913452148,74.36421453575635,74,1.716222047805786,47.31535242791749,74.71163121645509
34.21102643947577,39.34552214925972,0.004408121109008789,74.5726645441756,74,1.720630168914795,47.28772265200321,74.68292460083383
-5.153851242475585,12.64589811421854,0.005569934844970703,74.63882057817054,74,1.726200103759766,11.87734432022627,74.98310383651748
49.63310477962896,34.83822211346478,0.006047964096069336,74.84539053317871,74,1.732248067855835,34.15528791621237,74.99446743026382
1.620121917968061,14.90736199616675,0.007014036178588867,74.93483667142979,74,1.739262104034424,12.75244894289558,74.26995162399589
-182.8203311450407,-103.7292538885578,0.003962993621826172,74.53590564296944,74,1.74322509765625,-100.6640601850147,74.18816624363643
-15.02618371295973,-50.50741178319894,0.00544285774230957,74.32726200336965,74,1.74866795539856,-38.33347286994597,74.91257927135575
108.4603576717093,44.87324988974598,0.006679058074951172,74.67845236416131,74,1.755347013473511,52.58082155457672,74.86958806148353
-5.783878737872752,14.47897271317474,0.007432937622070313,74.79313378255464,74,1.762779951095581,15.42881485414499,74.08037332925402
-216.3957971006841,-124.0458891751405,0.003647089004516602,74.36547751057427,74,1.766427040100098,-117.2596203302834,74.07188634596929
-1.188467813136343,-50.33143635793802,0.00714111328125,74.18932281181128,74,1.773568153381348,-24.66768020968168,74.82938716606585
107.5409125282376,44.39197297376736,0.007043838500976563,74.57336142436401,74,1.780611991882324,54.52121204929465,74.14384177958974
-169.439349244448,-83.90682035716187,0.004045963287353516,74.31564963749945,74,1.784657955169678,-63.69602701786552,74.35365511839446
37.18660157202617,-11.25076719964905,0.005642175674438477,74.33845292603646,74,1.790300130844116,4.041577195179229,74.39569204881969
6.815448992278616,-0.4110374844924518,0.006167888641357422,74.3727963997064,74,1.796468019485474,5.568108580895359,74.07069004327777
-37.18580424061572,-22.47589753816641,0.008739948272705078,74.19153258584922,74,1.805207967758179,-20.73968954979674,74.87507123216417
332.3632388997108,190.42758432456,0.002420186996459961,74.60165577363819,74,1.807628154754639,169.4592973141585,74.42880949318628
-81.24299652076408,27.42523581736553,0.005492925643920898,74.49794800536705,74,1.81312108039856,-18.88024251446231,74.73837226308655
46.72017430260776,39.00219890851087,0.006625890731811523,74.64220255999876,74,1.819746971130371,21.77134523802529,74.31188348326177
-89.33397898392895,-37.99950782695303,0.004774093627929688,74.44401111395656,74,1.824521064758301,-41.51394201460906,74.76749221133602
81.63711169671704,33.782463887249,0.005580902099609375,74.63809977238424,74,1.83010196685791,34.77729137037879,74.72234364027305
-7.173257782631397,9.209030885320763,0.006294012069702148,74.68864609311753,74,1.836395978927612,8.030858564222846,74.55860487891028
-25.19425297109033,-11.43293942852589,0.006499052047729492,74.61062136459318,74,1.842895030975342,-12.00555526426557,74.94159443028893
81.17512796531939,44.13190100778128,0.00471806526184082,74.80920520401063,74,1.847613096237183,42.09010015685368,74.48047766739677
-83.53765908196445,-32.46983504606615,0.005519866943359375,74.61196868204232,74,1.853132963180542,-35.73211528324801,74.84070505602151
57.58015156319683,21.56015691949164,0.006256103515625,74.74921050642983,74,1.859389066696167,21.93726878795182,74.9311653459159
14.29284847981693,17.19977185568681,0.006329059600830078,74.85838341012147,74,1.865718126296997,17.24946683663885,74.71329119763126
-46.94495076784664,-21.28706171843326,0.004641056060791016,74.77132808262734,74,1.870359182357788,-18.75765479964697,74.94549560565684
43.40371127943872,17.52740208028993,0.005349874496459961,74.87582859644504,74,1.875709056854248,19.53326454421427,74.16366408926428
-108.573289293493,-58.13301274397983,0.007200956344604492,74.44852989213658,74,1.882910013198853,-59.33916050312129,74.52360175964163
77.27327689074039,23.1107610368523,0.004657983779907227,74.4935730126396,74,1.88756799697876,9.670089599135808,74.24728512567525
-51.12063707431074,-21.42807782984552,0.005405187606811523,74.34580028046099,74,1.892973184585571,-27.33905701855537,74.47875612950655
35.99376254972183,13.02502639789489,0.006430864334106445,74.42557378988832,74,1.899404048919678,12.40478810977915,74.13149763602468
-71.74561293753995,-37.83735720336601,0.00484013557434082,74.24912809757014,74,1.904244184494019,-36.45470041243891,74.89730732491248
148.7605891691762,74.1214106201593,0.005147933959960938,74.63803563397554,74,1.909392118453979,75.54633362242064,74.18502093073634
-98.73572847638737,-29.5928728377687,0.007214069366455078,74.36622681203203,74,1.916606187820435,-37.67760027473551,74.70756391099795
78.93481640434958,35.52374070750226,0.006619930267333984,74.57102907141158,74,1.923226118087769,30.93722306866944,74.69097877195295
-3.881437062661758,11.88063404540385,0.004272937774658203,74.6429988917364,74,1.927499055862427,16.84317069901192,74.16038200767663
-67.64389455292363,-35.83408311359264,0.007843971252441406,74.35342876130054,74,1.935343027114868,-36.91626615099269,74.05516906062342
-33.46440317563511,-34.41227515081812,0.003144025802612305,74.17447294089427,74,1.93848705291748,-56.91932307221598,74.37596325564638
46.03176104555462,13.85414656700553,0.006968975067138672,74.29536712974553,74,1.945456027984619,17.34748477166008,74.91518520964623
44.98400458558414,32.5320613781527,0.01198697090148926,74.66725797768595,74,1.957442998886108,31.02458919744412,74.48110785933165
-119.8112902562417,-58.87394960248395,0.003623008728027344,74.55556790667337,74,1.961066007614136,-30.82798839223388,74.05177460866878
-59.3251028064919,-59.14464152488872,0.007236957550048828,74.25329192787061,74,1.968302965164185,-41.76837803901652,74.29220039249995
61.28342915990366,13.11220088598671,0.003923177719116211,74.2766370066482,74,1.972226142883301,5.950553466860048,74.17116052861473
-20.53298221449037,-7.074908974299538,0.005894899368286133,74.21335111982812,74,1.978121042251587,-10.73570265856503,74.2424053778384
14.04109369787873,5.594692629007424,0.005074024200439453,74.23078367463429,74,1.983195066452026,3.435646760347205,74.24724245638593
0.8209516408471139,2.730448036111238,0.005892038345336914,74.24065894368528,74,1.989087104797363,1.676036113853452,74.63104028230839
54.19353475820984,33.60830006937039,0.007081985473632813,74.47488774685914,74,1.996169090270996,33.07388924277362,74.04547276175546
-98.79518076127466,-45.83378842901663,0.005927085876464844,74.21723875579693,74,2.002096176147461,-43.46975839936436,74.37680049915214
46.25667390985892,9.4204889743087,0.007162809371948242,74.31297580181006,74,2.009258985519409,13.36585144762653,74.98339777731548
98.32863343727878,62.76537565209074,0.00616908073425293,74.71522898711331,74,2.015428066253662,65.20472054609354,74.0806153500066
-118.7860823161319,-46.16549912884286,0.007600069046020508,74.33446080484927,74,2.023028135299683,-50.10062144940773,74.88520196172941
241.5489831719587,126.4631902516381,0.00333094596862793,74.66490549897737,74,2.026359081268311,99.20445940592835,74.82306347677275
-9.836863408479674,44.68315805556744,0.006316900253295898,74.75980028565459,74,2.032675981521606,15.02236585542377,74.37263665216745
-70.78672981937558,-24.59877466939837,0.006363153457641602,74.52750210556229,74,2.039039134979248,-36.50677005334991,74.82292389776183
124.0161268202441,64.5701662243871,0.003630876541137695,74.70475518088202,74,2.042670011520386,48.81826008443284,74.06339951420988
-131.0438568502456,-52.79824762039253,0.005795955657958984,74.31994178087874,74,2.048465967178345,-66.39343409655959,74.25953453831814
30.95461755559019,-2.546528514802898,0.006336212158203125,74.28369743534238,74,2.054802179336548,-5.720191280122607,74.33268371635117
9.420593528023474,4.633744710892925,0.007764816284179688,74.31308920394766,74,2.062566995620728,3.785249712238936,74.70771290907877
83.95529692432344,52.22667603895123,0.004467010498046875,74.54986342702632,74,2.067034006118774,53.00507423973919,74.16898061614202
-99.91187704252532,-39.05645580993469,0.005392074584960938,74.32133374049574,74,2.072426080703735,-42.38251584426997,74.46903302903056
45.55860974471568,11.71258352285553,0.006586074829101563,74.40995331361663,74,2.079012155532837,13.45559766939109,74.89606056045996
46.87963364875855,32.81281359839733,0.009109020233154297,74.70161766172263,74,2.088121175765991,32.01928864362595,74.67811950117486
-39.73532087475392,-10.71606708549342,0.005484819412231445,74.68751876539398,74,2.093605995178223,-2.570530635376283,74.42513213851765
-36.44783798106136,-26.15512962283418,0.006941080093383789,74.53008678926818,74,2.100547075271606,-22.68119284142396,74.87740128655355
118.485590048945,60.62930218023332,0.003817081451416016,74.73847548763939,74,2.104364156723022,54.59372586715899,74.53370690995207
-41.88386014751232,-0.8785952164140589,0.008205890655517578,74.615614341027,74,2.11257004737854,-14.97231096173366,74.47867831737695
-7.889476874114672,-5.085124211034427,0.006974935531616211,74.53345272683698,74,2.119544982910156,-11.77955177042183,74.25586829287868
-46.99451759998005,-30.23076024440179,0.004741191864013672,74.36690206646199,74,2.12428617477417,-35.12843714238268,74.89326290229386
127.403105215809,64.34955903172465,0.005002975463867188,74.68271856796111,74,2.129289150238037,63.12573463132579,74.20471515484592
-120.2923430236542,-46.43558220150268,0.005723953247070313,74.39591652009199,74,2.135013103485107,-50.10558882812507,74.23960529448692
4.527141601139506,-15.85794791991737,0.007706880569458008,74.30212978472895,74,2.142719984054565,-12.16922132343814,74.673715901593
65.32691790425699,32.85297157458725,0.00664520263671875,74.52508145484737,74,2.149365186691284,33.55077072992134,74.40028005927562
-46.51874126613,-14.7700561298431,0.005877971649169922,74.45020061750433,74,2.155243158340454,-12.73923077761348,74.13957973072472
-54.57458728500399,-38.65277482293964,0.004776954650878906,74.26382808543656,74,2.160020112991333,-39.01492597035102,74.56661381104329
80.34408788482803,32.74534280172096,0.005315065383911133,74.4454995208006,74,2.165335178375244,34.18047046306578,74.24592914862799
-43.3886762034547,-12.93506860138443,0.007390975952148438,74.32575729749704,74,2.172726154327393,-16.20113826358126,74.53175290976271
71.8164347104984,37.91583338574527,0.003979921340942383,74.44935466485643,74,2.176706075668335,31.05522867698906,74.13710218741383
-62.69306909634355,-22.44950810350802,0.006294965744018555,74.26200317839087,74,2.183001041412354,-29.76211374042495,74.97304080699291
117.9539342592101,61.79255731412287,0.007086992263793945,74.6886257555521,74,2.190088033676147,60.19797415904582,74.19810936119744
-179.8825647698123,-83.21251593623826,0.004307985305786133,74.3943159189393,74,2.194396018981934,-68.31727959180923,74.31915989849229
21.72819586502051,-20.24808885548301,0.005571126937866211,74.3492223066711,74,2.1999671459198,-8.094163491718065,74.17158614264072
-24.08627887241237,-22.55100286564062,0.006126880645751953,74.24264060825287,74,2.206094026565552,-17.39575235436042,74.4347447407145
33.24800170297055,10.92839987552608,0.007915019989013672,74.35790308772986,74,2.214009046554565,14.56250011206169,74.26593512668386
-61.81046175182464,-32.71491710088435,0.002731084823608398,74.30272231110226,74,2.216740131378174,-20.20470991987997,74.27862545556545
2.057801638806418,-11.85128585706989,0.006166934967041016,74.28826419778017,74,2.222907066345215,-2.344456914068882,74.36010592067106
10.70422653911534,1.682021580641247,0.007611989974975586,74.3313692315147,74,2.23051905632019,5.662781201268234,74.97848283716241
163.6379037443095,98.85555087884221,0.003778934478759766,74.71963739490332,74,2.23429799079895,102.7454076197809,74.05554195511252
-197.2934424007627,-78.83384508892076,0.004678010940551758,74.32118013102884,74,2.238976001739502,-85.17664215370127,74.46651984292211
62.63912928345254,6.049939534503221,0.006561040878295898,74.40838395816481,74,2.245537042617798,13.29115741748208,74.65170975077844
25.59284254634008,17.77568134160533,0.007236003875732422,74.55437943373298,74,2.25277304649353,20.17625723747877,74.44215216662386
-51.80644898325447,-23.97359685331055,0.004045009613037109,74.48704307346751,74,2.256818056106567,-16.64677385399677,74.93880851664608
63.25926861596115,28.36612242825247,0.007851123809814453,74.75810233937465,74,2.264669179916382,34.52490018923124,74.62306198832907
-46.02867116314942,-16.27075372658867,0.006859779357910156,74.6770781287473,74,2.271528959274292,-11.81148932055913,74.00425976578122
-92.27591414802019,-61.87384997944758,0.006705999374389648,74.27338711096765,74,2.278234958648682,-60.19848724134309,74.60295350570576
155.140463866333,68.33473832802078,0.003859043121337891,74.47112694781052,74,2.28209400177002,51.24063935681458,74.65180156267884
10.35340849736924,33.54594042962985,0.00471806526184082,74.57953171673151,74,2.28681206703186,22.97653018871031,74.19820131153481
-62.72170071455004,-24.21464425687808,0.007231950759887695,74.3507334736135,74,2.294044017791748,-31.63714061592617,74.07846609592976
-21.64400697121542,-22.67226188548049,0.005532026290893555,74.18737304700326,74,2.299576044082642,-29.52994400607827,74.42479081427774
59.45445118966246,26.60376595960528,0.005825042724609375,74.32982370736795,74,2.305401086807251,24.45486962059226,74.80465001564504
78.59725557356099,57.79985972797871,0.004832983016967773,74.6147194923342,74,2.310234069824219,58.94822803350071,74.28922188208031
-98.51274925145237,-35.98770565967993,0.005232095718383789,74.41942092618186,74,2.315466165542603,-37.32702470754377,74.00349182195687
-38.4004208432161,-37.43533476980163,0.007440805435180664,74.16986346364687,74,2.322906970977783,-33.53903884585785,74.00579015476545
0.5955706470006477,-14.61679151972026,0.003859043121337891,74.07141947831803,74,2.326766014099121,-25.50994695667267,74.5384887646064
97.84969387975531,52.86309971996508,0.005444049835205078,74.35166105009106,74,2.332210063934326,51.47667274476299,74.59793096107889
11.2219760738779,27.87842553231278,0.005296945571899414,74.49942299668376,74,2.337507009506226,27.89568905079832,74.36988866702875
-31.00919779879016,-7.454148466348984,0.007354021072387695,74.42170239889077,74,2.344861030578613,-10.56844915563582,74.49846684973989
35.14015677709366,18.1024346797166,0.00365900993347168,74.46776106940025,74,2.348520040512085,12.58774131443273,74.27489772102852
-28.3067253548639,-9.743061341031698,0.007898092269897461,74.35204306037722,74,2.356418132781982,-14.65138733109905,74.13899283553588
-22.43050426322605,-17.3555270943483,0.006058931350708008,74.22421292547241,74,2.36247706413269,-21.09780215447737,74.03978286099765
-16.30104567891176,-16.72283824508638,0.006086111068725586,74.11355488678756,74,2.368563175201416,-18.1820603395646,74.1857335256816
20.69651283678938,5.728772404039079,0.007051944732666016,74.15686207012398,74,2.375615119934082,6.141168851737633,74.72602692725072
79.50304432272485,49.99333555525054,0.006795883178710938,74.49836098440002,74,2.382411003112793,50.25085118382233,74.02696614391404
-192.4185221021234,-95.45377903917382,0.003633022308349609,74.21552408010843,74,2.386044025421143,-77.85168388357218,74.16866284649429
21.21810233556386,-25.45065021433121,0.006678104400634766,74.18740733993994,74,2.392722129821777,-4.210287602843238,74.49580236642458
48.84910808507501,19.12920476531252,0.006696939468383789,74.37244435583072,74,2.399419069290161,27.63008636472369,74.422595678943
-14.69706596451805,-1.166557672585823,0.004981040954589844,74.40253514969808,74,2.404400110244751,6.041065339895585,74.33337630412435
-15.23855441134426,-9.609755715840882,0.00585484504699707,74.36103984235384,74,2.410254955291748,-7.087345098147695,74.25624520062979
-11.91394622934412,-10.99227002394282,0.006474018096923828,74.29816305731942,74,2.416728973388672,-9.712173196472106,74.20923598412276
-7.295062336551909,-8.773945411508274,0.006443977355957031,74.24480681340142,74,2.423172950744629,-8.280017289114859,74.75158557840385
95.11536514013882,53.55964091947997,0.005702018737792969,74.54887407240287,74,2.428874969482422,53.32624689324242,74.84696364609096
17.05583503783016,31.65735739049008,0.005592107772827148,74.72772781661573,74,2.434467077255249,31.98324343495927,74.16288942450601
-85.26389242193822,-38.4953924969669,0.00802302360534668,74.3888247813499,74,2.442490100860596,-42.24131099900776,74.03643385196737
-33.38325237418635,-35.42810842329857,0.003787994384765625,74.17739022372039,74,2.446278095245361,-55.81701981392947,74.08038173613246
6.66681566585136,-10.17115396980861,0.006592035293579102,74.11918513116763,74,2.45287013053894,-8.829608756714029,74.8675116326964
105.6400253960617,59.31555364971355,0.007451057434082031,74.56818103208488,74,2.460321187973022,60.25935310382827,74.84889259823323
-4.741296261612324,20.88144370291803,0.003926992416381836,74.73660797177388,74,2.464248180389404,42.88955053398861,74.84314336420387
-0.9917757376921827,7.757512038551901,0.005796909332275391,74.80052920723188,74,2.47004508972168,11.02677854595779,74.95707624380763
22.94689712622014,16.87114309115285,0.004965066909790039,74.89445742917733,74,2.47501015663147,18.91781594327375,74.6983661882268
-36.07289056091414,-14.89527710008734,0.007171869277954102,74.77680268460701,74,2.482182025909424,-16.40503193943873,74.46806681934561
-50.2494701189125,-36.10779291138243,0.004583120346069336,74.59156116545017,74,2.486765146255493,-40.4182096845227,74.00349713105921
-83.40666474866934,-64.48711601375459,0.005569934844970703,74.2387227448156,74,2.492335081100464,-63.34695655428969,74.29865006843961
48.05563238486061,3.038533025414527,0.006141901016235352,74.27467913899001,74,2.498476982116699,5.854277703169363,74.51565563836708
32.38409343090616,20.64586926870951,0.006700992584228516,74.41926503861627,74,2.505177974700928,21.57678848452214,74.11525766882606
-87.5366591210722,-44.26364776515951,0.004574060440063477,74.23686061674215,74,2.509752035140991,-39.87800866741049,74.1482129972951
6.373030846003175,-13.8816405984619,0.005171060562133789,74.18367204507392,74,2.514923095703125,-10.28581487861784,74.14835430662757
0.01855416661802462,-5.541523739413945,0.007616043090820313,74.16248140200612,74,2.522539138793945,-2.782369114133893,74.40848896898181
40.72272066775155,22.21702290488535,0.006387948989868164,74.31008594219154,74,2.528927087783813,23.10671866972325,74.47976955786118
20.2391320781925,21.03028840886964,0.003521919250488281,74.41189611159333,74,2.532449007034302,28.90758196334916,74.38313136252219
-16.21125342011266,-1.314636688519739,0.005961179733276367,74.39463726215064,74,2.538410186767578,-2.895207025270741,74.22328401933656
-22.70935714232527,-14.15146896080306,0.00703883171081543,74.29182531646219,74,2.545449018478394,-14.60639349147524,74.93655215848856
195.6870361798638,111.7516341235971,0.003644943237304688,74.67866142167802,74,2.549093961715698,106.1295279599122,74.49592050104655
-72.71001350757965,1.074645544891048,0.006060123443603516,74.56901686929914,74,2.555154085159302,-18.09279190419988,74.55638432797707
9.170927969841562,5.932414999861357,0.006592988967895508,74.56143734450589,74,2.561747074127197,-1.149634077980674,74.00092142742274
-76.40377351020354,-43.46929810617758,0.007270097732543945,74.225127794256,74,2.569017171859741,-46.25928874992063,74.51275202935787
133.1579916275231,62.50707573404281,0.003843784332275391,74.39770233531712,74,2.572860956192017,44.897040557675,74.52441279187688
2.079278244900568,26.25039724055747,0.005608081817626953,74.47372860925299,74,2.578469038009644,13.55655577222604,74.13387163144478
-59.37108921221565,-25.12249463110641,0.006577968597412109,74.26981442256807,74,2.585047006607056,-30.99956828087471,74.61444116304822
109.3681339491274,55.57188251703388,0.004394054412841797,74.47659046685615,74,2.589441061019897,47.05814376894831,74.49128739522282
-21.46633175435924,9.348953954198004,0.005737066268920898,74.48540862387614,74,2.595178127288818,1.537049879963567,74.04603445224446
-75.58386756297125,-41.61073895610355,0.005890846252441406,74.22178412089713,74,2.60106897354126,-44.7515504024157,74.26679321050175
34.07283690132783,3.79940655835528,0.006479024887084961,74.2487895746599,74,2.607547998428345,4.168135519374261,74.83758465942135
122.8044553664685,75.20243584322323,0.004647970199584961,74.60206662551677,74,2.61219596862793,76.00673749767594,74.13441818602404
-132.3206044253336,-49.3113883179109,0.005314111709594727,74.32147756182113,74,2.617510080337524,-52.80074620731715,74.33110659945645
37.78896977752822,2.948826539352574,0.005204916000366211,74.32725498440232,74,2.622714996337891,1.109993433281776,74.4375330757743
16.06915278900837,10.82102228914605,0.006623029708862305,74.39342183922552,74,2.629338026046753,9.990420960162121,74.61828732250318
30.39361209396782,22.56457617203911,0.005947113037109375,74.52834112919212,74,2.635285139083862,22.6865185048142,74.41582006943681
-42.11929418734764,-16.24574604359294,0.004806995391845703,74.46082849333893,74,2.640092134475708,-14.04466415085722,74.92075173347698
97.72226366788239,52.13505978329224,0.005167007446289063,74.73678243742175,74,2.645259141921997,53.40691821162729,74.50413625713807
-53.50148369217638,-11.24686630198893,0.007786989212036133,74.59719472925155,74,2.653046131134033,-17.9257610829169,74.46680785625756
-11.50717779852512,-11.40305319991064,0.003243923187255859,74.51896260545516,74,2.656290054321289,-24.11651549078814,74.32808339414587
-20.23131315483089,-16.70000917286279,0.006856918334960938,74.40443507866958,74,2.66314697265625,-16.70247787576018,74.52514824241418
23.47086214650082,7.402513618755377,0.008396148681640625,74.47686297691634,74,2.671543121337891,8.626323924578898,74.39023767177703
-48.02715549700088,-25.85528785069838,0.002809047698974609,74.42488779383275,74,2.674352169036865,-18.50277697404604,74.05297143922073
-54.07688016651366,-42.78824324018754,0.006236791610717773,74.20173798106553,74,2.680588960647583,-35.77958455173342,74.32026703204087
35.55834229274369,4.219708079571195,0.007517099380493164,74.27285541165074,74,2.688106060028076,9.460754339599848,74.0387306993203
-70.12167259354206,-40.38512032429676,0.004014968872070313,74.13238058425248,74,2.692121028900146,-34.98777496768715,74.54219693067465
95.02701953174713,40.86216358932957,0.005298137664794922,74.37827039210578,74,2.697419166564941,46.41061131483837,74.99583301097468
85.44876391730964,67.61412378611761,0.005308866500854492,74.74880796342712,74,2.702728033065796,69.79598587790739,74.34759729500806
-85.97304842440037,-24.53817954019317,0.007539987564086914,74.50808156237568,74,2.710268020629883,-31.92663104618585,74.50296929996352
39.42392146840142,13.83908106496358,0.003941059112548828,74.50501420492838,74,2.714209079742432,-0.7783079014319185,74.6628945061943
19.91848593047246,17.48672398426891,0.008028984069824219,74.59974238568794,74,2.722238063812256,11.79827733319118,74.54714846152712
-18.41637639435971,-4.055136242908262,0.006284952163696289,74.56818603119145,74,2.728523015975952,-5.020937896515123,74.77782492409962
35.06168543843822,19.41495676589962,0.006579160690307617,74.69396936693634,74,2.73510217666626,19.11844711897706,74.72643844559865
-12.03744832854203,0.5435137092346318,0.004268884658813477,74.71345081413372,74,2.739371061325073,4.563591840589423,74.08216768135309
-106.5268830984435,-63.69872437537224,0.006047964096069336,74.33468093446534,74,2.745419025421143,-62.62766670763655,74.33483161246895
35.66618439521367,-4.079779113020695,0.007084131240844727,74.3347713412675,74,2.752503156661987,0.0127618756746165,74.36447878775398
5.055875823814759,1.401613849080577,0.00586390495300293,74.3525958091594,74,2.75836706161499,3.039692497534538,74.37252877255324
1.993039575199979,1.756469284752218,0.00403904914855957,74.3645555871957,74,2.76240611076355,2.961038005829814,74.11429420633853
-46.30474430390429,-27.08025886844169,0.005576848983764648,74.2143987586814,74,2.767982959747314,-26.92503041617863,74.11702582117636
0.3951311574272163,-10.59502485292035,0.006913185119628906,74.15597499617838,74,2.774896144866943,-8.451062931490201,74.67965505651337
103.7291451556473,57.99947715222025,0.005424022674560547,74.47018303237937,74,2.780320167541504,57.92896804703199,74.62134496779807
-9.938647526777768,17.23660234482144,0.00586700439453125,74.56088019363058,74,2.786187171936035,15.45885347141624,74.13899243677747
-64.18569639180858,-31.61677689715657,0.00751495361328125,74.30774753951872,74,2.793702125549316,-33.6838611571071,74.56069361031436
72.0729766093666,30.59707520675733,0.005851030349731445,74.4595151819961,74,2.799553155899048,25.93861822718917,74.85847173095696
65.17622306130036,51.34456391948316,0.004568815231323242,74.69888911137261,74,2.804121971130371,52.39299845951171,74.25804116457778
-101.5233542806754,-40.37618700061201,0.005914211273193359,74.43438034329572,74,2.810036182403564,-44.72426767636814,74.06637338035766
-32.04627896139547,-35.37824217708209,0.005980968475341797,74.21357616553289,74,2.816017150878906,-36.91779661992136,74.58651215481698
86.0735477893865,37.49283180279906,0.006042957305908203,74.43733775910335,74,2.822060108184814,37.02849155523346,74.58571898641125
-0.2323339211390466,14.8577323684362,0.003413915634155273,74.52636649548809,74,2.82547402381897,26.0781887794883,74.61194092871352
3.529161772756579,8.060590011028427,0.007430076599121094,74.57771115542335,74,2.832904100418091,6.910380969871423,74.70453789636785
27.0836702803646,19.47443817263013,0.003418922424316406,74.65380719999006,74,2.836323022842407,22.25731827826596,74.72134941670465
2.84164693296806,9.494763428832888,0.005916118621826172,74.69433253001881,74,2.842239141464233,6.849986049848281,74.45974476506241
-41.3214369511792,-20.99495679917436,0.006330966949462891,74.55357987104498,74,2.848570108413696,-22.23241095671482,74.79330794638923
55.84645480168298,25.10989016134005,0.005972862243652344,74.69741671625153,74,2.854542970657349,24.08172821320514,74.36992813832974
-103.6893391605224,-52.16964743177744,0.004083156585693359,74.50092356949845,74,2.858626127243042,-48.12285363768481,74.58665455757426
37.6061760360326,1.695846648908581,0.005763053894042969,74.55236216234394,74,2.864389181137085,8.925579005717028,74.90083690482748
51.84625549095173,31.78609195413447,0.006059885025024414,74.76144700783407,74,2.870449066162109,34.50310437024876,74.81465608265276
-11.87244850458778,5.59096767890112,0.007258892059326172,74.79337245272529,74,2.877707958221436,4.398115391480048,74.94663439861369
20.6435643687547,14.62252569281327,0.006393194198608398,74.88532962025833,74,2.884101152420044,14.38360304353887,74.56833115224637
-104.9417208631912,-57.11602224078942,0.003604888916015625,74.69513053945114,74,2.88770604133606,-52.76142628477917,74.3238371896609
-45.80293917763499,-50.32817240289677,0.005337953567504883,74.47235452957699,74,2.893043994903564,-41.73434764032329,74.86210465108745
97.30023559588213,38.24887239637057,0.005532026290893555,74.70620460248327,74,2.898576021194458,42.27204655394114,74.88672459143953
3.624298550417613,17.4741280887988,0.006793022155761719,74.81451659585701,74,2.90536904335022,15.94459592360937,74.88353975011719
-0.6566804000415019,6.595642995494618,0.004849910736083984,74.85593048841313,74,2.910218954086304,8.539104080407649,74.57493832259741
-52.02235448141007,-28.5751554906482,0.005932092666625977,74.6873351889237,74,2.91615104675293,-28.42088095453132,74.56880807095515
-1.037072519829941,-12.05230570815724,0.005911111831665039,74.61621891814257,74,2.922062158584595,-12.03094659792633,74.67579794358574
16.84363226236707,5.285257074157344,0.006351947784423828,74.65196633340847,74,2.928414106369019,5.627787960342133,74.24668095939189
-100.6625885499004,-58.28345030027728,0.004262924194335938,74.40879510899852,74,2.932677030563354,-57.04329078453833,74.2846085351474
6.66665756020749,-19.31338558398642,0.005689144134521484,74.33428316468785,74,2.938366174697876,-13.09721507292043,74.22897308701396
-8.780883636797585,-12.99388441567312,0.006335973739624023,74.27109711808351,74,2.9447021484375,-9.972586566953309,74.61373354922613
52.25705413180354,26.15667871281287,0.007362842559814453,74.47667897676908,74,2.952064990997314,27.92153397488336,74.73632002635724
47.95867469237151,39.23787630054806,0.002556085586547852,74.63246360652199,74,2.954621076583862,60.94656242058689,74.55496729630642
-25.50286599151975,0.393430925307376,0.007111072540283203,74.58596582039265,74,2.961732149124146,-6.538786640964923,74.02849243745045
-102.1130916253873,-61.11048260510941,0.005155801773071289,74.25148179062734,74,2.966887950897217,-64.87526954824249,74.06739475718692
6.398249363968882,-20.60524342366244,0.006080150604248047,74.1410295705631,74,2.972968101501465,-18.16603358263465,74.68666186639855
83.18050705293007,41.66620686229307,0.007444858551025391,74.46840894806437,74,2.98041296005249,43.97388818840393,74.30154266853406
-43.96828874951968,-9.714490504794579,0.008759021759033203,74.36828918034618,74,2.989171981811523,-11.43047368445337,74.10383672465644
-53.30326099053075,-35.86775279623628,0.003709077835083008,74.20961770693234,74,2.992881059646606,-42.77922450508397,74.25047464995963
25.10076466762829,0.7133576820824654,0.005841970443725586,74.23413187274872,74,2.998723030090332,4.196215309975308,74.22223255141567
-4.390184081658433,-2.348767376162074,0.006433010101318359,74.22699227994889,74,3.00515604019165,-1.1098370261175,74.13799344018125
-12.847227154643,-8.647843243250627,0.006556987762451172,74.1735929760883,74,3.011713027954102,-8.143877310002035,74.93236886336639
117.9625425727436,67.31838824634592,0.006734132766723633,74.62885850845516,74,3.018447160720825,67.60566625839674,74.43157072113462
-77.14200489020136,-19.35784763558245,0.006491899490356445,74.51048583606283,74,3.024939060211182,-18.2339040473694,74.1408991551855
-66.75966004526781,-47.79893508139367,0.004354000091552734,74.28873382753642,74,3.029293060302734,-50.93063938070031,74.48659695885223
62.58197076743121,18.42960842790126,0.005523920059204102,74.4074517063259,74,3.034816980361938,21.49159971851355,74.41856917054892
-8.9734636787034,1.987765163938463,0.007580995559692383,74.41412218485971,74,3.042397975921631,0.8798947949887417,74.89405194802145
71.94254592129096,43.96063361834996,0.006609201431274414,74.70208004275675,74,3.049007177352905,43.5692361462065,74.83465531636888
-16.85571919667543,7.470821929334722,0.003523826599121094,74.78162520692404,74,3.052531003952026,22.57351828467539,74.27025257477121
-87.55692853105357,-49.54582834689824,0.006446123123168945,74.47480162763234,74,3.058977127075195,-47.5981568190814,74.47651805603908
32.79779108134743,-0.1396566899508365,0.006289005279541016,74.47583148467638,74,3.065266132354736,0.1637551565421198,74.43603273614281
-8.253912369719234,-5.008210097811875,0.004904985427856445,74.45195223555624,74,3.070171117782593,-4.868362907772772,74.53619643039122
18.9917717752758,9.39177902604073,0.005274057388305664,74.50249875245723,74,3.075445175170898,9.583990688662617,74.81491561151294
36.6066377408967,25.72069425495432,0.007613897323608398,74.68994886789066,74,3.083059072494507,24.61946982817787,74.75623717355751
-9.38403961681386,4.657853931893411,0.00625300407409668,74.72972185129078,74,3.089312076568604,6.360620100167211,74.19897631475341
-59.92670946146371,-34.09288410412086,0.009299039840698242,74.41127452936836,74,3.098611116409302,-34.24518309177486,74.00267490828272
-110.5313161989077,-79.95594336099296,0.001775979995727539,74.16611475671698,74,3.100387096405029,-138.0419673876709,74.81854932571775
126.0832442631222,43.66756921347614,0.006470918655395508,74.55757549811743,74,3.106858015060425,60.49538902394445,74.6566594362956
-21.06257865757325,4.829480490846505,0.007686138153076172,74.61702586102433,74,3.114544153213501,7.73475075816944,74.70514121305033
15.20808542139394,11.05664344917497,0.003187894821166992,74.66989507223992,74,3.117732048034668,16.58436497482684,74.18402951888692
-96.64400704264072,-53.56374684591444,0.005392074584960938,74.37837574022812,74,3.123124122619629,-54.06441016689465,74.80986723626427
101.6163534123062,39.54431330901793,0.006158828735351563,74.63727063784981,74,3.12928295135498,42.03638528469695,74.57957298206954
-37.87640622484433,-6.908118411299423,0.006080150604248047,74.60265204438165,74,3.135363101959229,-5.693706574304255,74.75510370820833
23.02947313856626,11.05443651861999,0.007622003555297852,74.69412304267765,74,3.142985105514526,12.00091257270856,74.6333320602522
-32.20551800926664,-14.90153619811199,0.00378108024597168,74.65764845322238,74,3.146766185760498,-9.646605489033604,74.54101890773424
-14.87245236454979,-14.88408589797467,0.006206989288330078,74.5876707259295,74,3.152973175048828,-11.27402095319333,74.98579092389203
63.13486687622383,31.92728576654442,0.007044792175292969,74.82654284470701,74,3.160017967224121,33.90761754693973,74.77296225990997
-40.63122970662607,-11.60782351735788,0.005238056182861328,74.7943944938288,74,3.165256023406982,-6.13745820127024,74.0903537213372
-142.0313386134519,-89.86193257501427,0.004806041717529297,74.37197003033383,74,3.170062065124512,-87.8944645765838,74.87921241979447
157.8961199892219,58.79289896352741,0.004996061325073242,74.6763154640102,74,3.175058126449585,60.91707324507526,74.1942112535357
-92.61800495289746,-32.0536433863275,0.00739598274230957,74.3870529377255,74,3.182454109191895,-39.1107627428526,74.00576768068621
-48.31823153056132,-41.8123962728678,0.003900051116943359,74.15828178350193,74,3.186354160308838,-58.65850148212358,74.85590195632118
139.3458749006551,66.88256643124595,0.006100893020629883,74.57685388719347,74,3.192455053329468,68.60833361217177,74.15859305175021
-100.3474071117016,-33.45541769452258,0.006948947906494141,74.32589738592751,74,3.199404001235962,-36.11431610120854,74.14564071682491
-1.912888386849786,-14.52990010991891,0.006771087646484375,74.21774338446595,74,3.206175088882446,-15.97291411782444,74.40057140034302
51.80507682183858,25.27108604913559,0.00492095947265625,74.3274401939922,74,3.211096048355103,22.29175227631548,74.21230538861114
-42.38338715426045,-15.32159787290203,0.004441976547241211,74.25835931076356,74,3.215538024902344,-15.55183430032757,74.026909192104
-25.8067173966113,-21.61266958712759,0.007184028625488281,74.11948923956783,74,3.222722053527832,-19.33038945627627,74.78526717088271
190.1586598806382,105.4501280935319,0.003988027572631836,74.51895599835677,74,3.226710081100464,100.1664987299249,74.79584448115723
1.725236429853845,43.21519309532507,0.00613093376159668,74.68508908803705,74,3.232841014862061,27.09751828031829,74.956596156572
24.32679301482256,31.88215304702356,0.006608009338378906,74.84799332915802,74,3.239449024200439,24.65254402333119,74.67476556368876
-42.00722043541364,-12.45147104243876,0.006709098815917969,74.74405666987646,74,3.246158123016357,-15.49189572747964,74.48982212489486
-45.48545825653721,-32.27186337089783,0.004065990447998047,74.5915159428875,74,3.250224113464355,-37.51625315894818,74.68138805717939
37.91100104014086,9.837855275725383,0.005053043365478516,74.64543921146263,74,3.255277156829834,10.6714438557023,74.04853413703113
-87.25491366797755,-48.41780609049638,0.007252931594848633,74.28729616680373,74,3.262530088424683,-49.37907382351051,74.76051779806385
105.0913540753158,43.68769000899094,0.00677490234375,74.5712291455598,74,3.269304990768433,41.90953084630137,74.77747403854996
3.426791331591583,19.53115080255133,0.004948139190673828,74.69497608135389,74,3.274253129959106,25.00878229685299,74.50513747250767
-46.64960991168085,-20.17730562598798,0.005837917327880859,74.58107291604616,74,3.280091047286987,-19.51092468606075,74.78361728730182
53.89576417083404,24.26653625210523,0.005167007446289063,74.70259953879955,74,3.285258054733276,23.51973052422701,74.32321397211618
-62.5043361869671,-27.79598721133817,0.007365942001342773,74.47496819878953,74,3.292623996734619,-30.90322187827772,74.94736936778589
166.6177108375139,88.8522316179731,0.00374603271484375,74.75840890018734,74,3.296370029449463,75.66423546560792,74.16700991346838
-122.5821048156147,-38.00837024217961,0.00636601448059082,74.40356950815596,74,3.302736043930054,-55.73964575689244,74.68515507658722
66.326629135385,24.59262938435915,0.007812023162841797,74.57252084921471,74,3.310548067092896,21.62709166844024,74.65885172699304
-6.9675536450863,5.65651956669188,0.003775119781494141,74.6243193758817,74,3.31432318687439,13.72102864680077,74.15905549867702
-85.07354894731442,-48.78152154171191,0.005874872207641602,74.3451610495589,74,3.320198059082031,-47.51734445554271,74.39101088437257
36.51720599220614,2.39771497863892,0.006351947784423828,74.37267095044709,74,3.326550006866455,4.330939393999805,74.33461244752099
-7.505780850372228,-3.544382518767769,0.007513999938964844,74.34983584869143,74,3.33406400680542,-3.039007444922385,74.50194531770705
71.02255886995197,41.19578231446407,0.002356052398681641,74.4411015301008,74,3.336420059204102,38.7366942519771,74.04247307260026
-55.61325932936115,-16.88964267183106,0.008261919021606445,74.20192445560048,74,3.344681978225708,-28.94933657360067,74.03525378629057
-1.218408234584126,-7.4869020094829,0.005925178527832031,74.10192205401453,74,3.35060715675354,-16.8775339200697,74.18413486788947
36.04135496217234,18.63005217351024,0.004130840301513672,74.15124974233949,74,3.354737997055054,11.94132058479474,74.5423430900556
64.19287242316916,45.96774432330558,0.00558018684387207,74.38590575096916,74,3.360318183898926,42.0516400606478,74.67795266584647
20.3742445885279,30.61164448243897,0.00665593147277832,74.56113389989554,74,3.366974115371704,26.32661553728942,74.86296940250904
24.24218045830455,26.78996606795832,0.007632017135620117,74.74223520146364,74,3.374606132507324,23.72915290282438,74.53258155320292
-98.07127232102326,-48.12677696543062,0.003368854522705078,74.61644301250721,74,3.377974987030029,-37.33975097726443,74.97909217443504
71.78509274699579,23.82034486202522,0.006220102310180664,74.8340325096639,74,3.38419508934021,34.98165887087713,74.54422492705935
-84.45848467942465,-41.14695286284469,0.005148887634277344,74.66014796010118,74,3.389343976974487,-33.77128457904944,74.60710102866489
11.9579887761186,-9.283987879466714,0.005258083343505859,74.62831980123941,74,3.394602060317993,-6.053186452641733,74.56036538467092
-6.122864236966457,-7.38731369396656,0.007632970809936523,74.58754715129832,74,3.40223503112793,-5.341648875168296,74.866966833751
101.0910843709113,57.69972514496015,0.003032922744750977,74.75519896076992,74,3.405267953872681,55.27730957267513,74.14016275744794
-104.5453288677323,-39.6473072626553,0.006952047348022461,74.38617723877673,74,3.412220001220703,-53.08101391141449,74.55503973659093
63.19437002931991,22.05769911252983,0.006565093994140625,74.48749473746526,74,3.418785095214844,15.43275675549454,74.54971888644315
-1.351169283661996,8.012378074814734,0.003937959671020508,74.52482922685199,74,3.422723054885864,9.480668291623665,74.83054756570394
45.83372320861751,30.7051851550964,0.006127119064331055,74.70826023016315,74,3.428850173950195,29.93756141919905,74.51445307787795
-48.24410955447444,-16.6643916706461,0.006551980972290039,74.59197593879202,74,3.435402154922485,-17.74795926040162,74.26514942772598
-31.49753891942343,-25.5642800199125,0.007915019989013672,74.39588003215239,74,3.443317174911499,-24.77516252792983,74.99975645024486
240.4717999671472,134.0573679723233,0.00305485725402832,74.75820588300788,74,3.446372032165527,118.6064751070444,74.56945207217811
-63.92842781747255,15.26589049844579,0.006731033325195313,74.64495359651003,74,3.453103065490723,-16.82539381790504,74.83960642327284
40.62489156080733,30.48129113586271,0.006649971008300781,74.76174529256771,74,3.459753036499023,17.56273762876627,74.43436658531453
-83.62191642762626,-37.98063340223067,0.004846096038818359,74.5653180682158,74,3.464599132537842,-40.533085349213,74.70698581247459
38.25136035039522,7.758562849344859,0.007127046585083008,74.65031871477106,74,3.471726179122925,11.92648954100644,74.09905289582692
-106.8270754546478,-60.99282013305072,0.005690813064575195,74.31955922340457,74,3.4774169921875,-58.12165812042593,74.37374421918659
52.51077509378703,7.10933700305193,0.005231142044067383,74.35207022087377,74,3.482648134231567,6.214894796457152,74.99504451966077
87.79174394367262,55.51878116742434,0.00707697868347168,74.73785480014597,74,3.489725112915039,54.5126100454703,74.87087652281422
-18.54959131804673,11.0777576761417,0.006693840026855469,74.81766783374692,74,3.496418952941895,11.9233553955181,74.28529669442821
-86.58299490671288,-47.51869387357104,0.006763219833374023,74.4982451501557,74,3.503182172775269,-47.22938059989989,74.17502746562914
-24.17177105826857,-33.51054018438956,0.004561901092529297,74.30431453943976,74,3.507744073867798,-42.51091963250248,74.2284339004792
10.32223507291869,-7.210875030004607,0.005173921585083008,74.25878615606343,74,3.512917995452881,-8.799588982484664,74.52568037977976
45.96962122031754,24.69742272018868,0.006466150283813477,74.41892269029323,74,3.519384145736694,24.76535917061373,74.12785803063723
-62.42378863815596,-27.5753040948181,0.006372928619384766,74.24428389449964,74,3.525757074356079,-27.4032248317348,74.98757458052456
187.8372956221598,101.6722557353686,0.004576921463012695,74.69025830611459,74,3.530333995819092,97.43982177081069,74.85256613946319
-20.35099530556774,28.45830511080682,0.006633996963500977,74.78764300612375,74,3.536967992782593,14.67964193305344,74.97466440455324
18.54422225015344,22.50985539441479,0.00658416748046875,74.89985584518144,74,3.543552160263062,17.04282878443754,74.49728076564286
-96.75713280256941,-49.05033752377573,0.004933834075927734,74.65831079745829,74,3.548485994338989,-48.9568647842563,74.09211283591488
-63.49564595463262,-57.71752258228986,0.006381034851074219,74.31859202053224,74,3.554867029190063,-53.23882173576568,74.95048562400374
112.9285912792023,44.6701457346054,0.007601022720336914,74.69772818261514,74,3.5624680519104,49.8796248915956,74.18216522201805
-198.0681828721689,-100.9728514294592,0.003879070281982422,74.38839040625689,74,3.566347122192383,-79.74533944256334,74.2609098964251
13.39874656568918,-32.34989263237017,0.005877017974853516,74.31190210035783,74,3.572224140167236,-13.01481571544256,74.99054230596283
114.2542517772512,55.61259401340267,0.006386041641235352,74.71908622372083,74,3.578610181808472,63.76158287690517,74.52177510867151
-69.12118582062739,-19.22767388701537,0.006781816482543945,74.60069955469123,74,3.585391998291016,-17.45648372147955,74.47898065568484
-9.33158021002334,-13.29001768082015,0.004585981369018555,74.5276682152874,74,3.589977979660034,-15.92490974717367,74.16991731556499
-59.69906989582953,-41.13544900982578,0.005177021026611328,74.31301767545396,74,3.595155000686646,-41.46217269160761,74.70590619759567
68.13044555131698,24.42408772685988,0.007867097854614258,74.54875078873897,74,3.60302209854126,29.96443131144713,74.06223309363362
-202.4719270016812,-111.7135211102648,0.003179073333740234,74.25684017167576,74,3.606201171875,-91.82254903184988,74.04387606196444
-2.709945493389414,-46.31137574013956,0.006773948669433594,74.12906170584897,74,3.612975120544434,-18.86321731420465,74.49615537548069
68.46634185579212,22.55525481741945,0.006605863571166992,74.34931790762801,74,3.619580984115601,33.34252961874697,74.89463532104041
68.84483377604115,50.32900219259247,0.005788087844848633,74.67650835567546,74,3.625369071960449,56.52824504704846,74.01803936708425
-181.8263150221144,-88.96418813623168,0.004821062088012695,74.28142696252073,74,3.630190134048462,-81.94903652808662,74.95262830395475
183.0725815557507,74.25787367895776,0.005105018615722656,74.68414776738115,74,3.635295152664185,78.88723532174897,74.11081245562241
-114.347806850306,-38.9055346386005,0.007361888885498047,74.3401465803259,74,3.642657041549683,-46.72729952945804,74.08280350324559
-7.143260427454477,-19.84817011191289,0.003921031951904297,74.18574073407772,74,3.646578073501587,-39.37887988216785,74.3157775809702
41.43159237212743,16.9196873785113,0.005623102188110352,74.2637628422132,74,3.652201175689697,13.87527836510911,74.65238860262021
52.0746884977406,38.01268805004888,0.006464004516601563,74.4969382984574,74,3.658665180206299,36.07291047605715,74.12942180076822
-78.72664377557325,-32.0309110453244,0.006642818450927734,74.27642839984388,74,3.665307998657227,-33.19523184962518,74.94954102869041
169.8681164518992,89.10850545300976,0.004827976226806641,74.68029597715179,74,3.670135974884033,83.65152567767215,74.69740915854169
-46.32140654806134,7.850558252367101,0.005443096160888672,74.69056388598573,74,3.675579071044922,1.886409596750938,74.39427520538828
-46.37230841954712,-24.68316175078143,0.006536960601806641,74.51279067762727,74,3.682116031646729,-27.19508639983662,74.61688530821633
29.20989972570217,7.652675135108728,0.007621049880981445,74.57524745598071,74,3.68973708152771,8.195298460032223,74.1522724299971
-130.0712624193312,-74.98168739755522,0.003571987152099609,74.32146244039053,74,3.69330906867981,-71.04869216592604,74.42325118616104
46.59208333579754,-2.037424957543571,0.005815982818603516,74.38253568785284,74,3.699125051498413,10.50093326736613,74.40730104522641
-2.191278739688906,-2.129737226830772,0.007278919219970703,74.39739490227698,74,3.706403970718384,2.041403946806633,74.01615100151088
-51.03596693075995,-31.47347504918828,0.007664203643798828,74.16864856181732,74,3.714068174362183,-29.84606765306026,74.36286702530349
59.02635895025519,22.8264253504778,0.005873918533325195,74.28517963990902,74,3.719942092895508,19.83872902400115,74.54903204802858
40.92414567483984,33.68505754509502,0.004549026489257813,74.44349108478076,74,3.724491119384766,34.80117015048893,74.8952730541013
43.86107027287284,39.7906651817617,0.007894039154052734,74.71456026637309,74,3.732385158538818,34.33846428962282,74.62804516072129
-83.09252147048333,-33.93924680958532,0.003216028213500977,74.66265120298201,74,3.735601186752319,-16.14073631977591,74.13390986229551
-74.61133482354455,-58.34249961796086,0.006622791290283203,74.34540639857011,74,3.742223978042603,-47.90197826063962,74.38626937350229
48.79327466429855,5.93896495139478,0.005172014236450195,74.36992418352943,74,3.747395992279053,4.740471282256665,74.72097448273402
50.32279379399579,32.56926225695539,0.006651163101196289,74.58055436305219,74,3.754047155380249,31.6681723659554,74.87234766892937
34.85425781466143,33.94025959157901,0.004343032836914063,74.7556303465785,74,3.758390188217163,40.31191798464792,74.06845773066438
-133.5402900560256,-66.54807019698374,0.006019830703735352,74.34332677703003,74,3.764410018920898,-68.49089116287485,74.40256617070578
49.84358408320911,3.286922371131965,0.00670313835144043,74.37887041323548,74,3.771113157272339,5.302536564504636,74.70851303737382
81.10954848955286,49.98049804218451,0.00377202033996582,74.57665598771849,74,3.774885177612305,52.43491727427928,74.83493461100306
15.98873814857598,29.58544210601939,0.007906913757324219,74.73162316168922,74,3.782792091369629,19.59894577415685,74.21089937288238
-103.1119404109075,-50.03298740413672,0.006052017211914063,74.41918888840512,74,3.788844108581543,-51.62481571748276,74.20654699317976
-0.5845219043973718,-20.36390810429311,0.007446050643920898,74.29160375126989,74,3.796290159225464,-17.13460507274289,74.30488432056362
17.32865496997863,2.251629740269932,0.005674839019775391,74.29957209284613,74,3.801964998245239,1.40415288406644,74.8377837234699
72.37451339595983,44.32535993368386,0.007363080978393555,74.6224990712204,74,3.809328079223633,43.85758887100061,74.33768604841386
-154.4482496780979,-74.9388058333852,0.00323796272277832,74.45161125753647,74,3.812566041946411,-52.77633756613769,74.91063464579186
87.91690179911251,22.77461874611342,0.006516933441162109,74.72702529048971,74,3.819082975387573,42.26129289792531,74.36053019649695
-84.83987689716953,-41.79407863985635,0.006484031677246094,74.50712823409406,74,3.825567007064819,-33.91363079969516,74.0413116827869
-68.16513027839014,-57.61670962297663,0.004683017730712891,74.22763830330976,74,3.830250024795532,-59.68158714226083,74.98245095109926
185.5166931873101,88.26333206319543,0.005073070526123047,74.68052589198345,74,3.835323095321655,89.27287455232692,74.95870924802467
-2.476188491174242,33.81961973057363,0.009588003158569336,74.84743590560818,74,3.844911098480225,17.40821429283246,74.85190255796528
-15.84703128313149,4.01962912235056,0.00673985481262207,74.85011589702244,74,3.851650953292847,0.3976334043925381,74.88803536077846
6.281686121634481,5.376863321920912,0.005752086639404297,74.87286757527605,74,3.857403039932251,3.955378227051362,74.4934458935401
-84.58262282392443,-48.59882836558629,0.004665136337280273,74.64521456623448,74,3.862068176269531,-48.79879012802744,74.73971243014232
45.75894739453511,8.015837090486546,0.00538182258605957,74.70191328457918,74,3.867449998855591,10.53522620600148,74.96480156716401
32.78325813482169,22.87628971708763,0.006865978240966797,74.85964625413008,74,3.874315977096558,22.97312400580545,74.43224324658111
-92.00937077291725,-46.0551065769153,0.005788087844848633,74.6032044496007,74,3.880104064941406,-44.30509892098568,74.87143744581606
98.71993497470186,40.80991835405498,0.004448890686035156,74.76414424732991,74,3.884552955627441,36.17526459672188,74.1371866092654
-128.5660524650484,-60.81566413740704,0.005711078643798828,74.38796966449122,74,3.89026403427124,-65.86751930778549,74.36205185692623
26.60516805993821,-8.363164818999891,0.008451938629150391,74.37241897995222,74,3.898715972900391,-1.839895581513097,74.34855251756436
-4.439069626252822,-6.00870770335165,0.00304102897644043,74.35809910251951,74,3.901757001876831,-4.70889213606686,74.89477398740128
87.31017133471353,49.98261971948745,0.006256103515625,74.68010403344858,74,3.908013105392456,51.47052476431084,74.01269067065906
-131.9116334633002,-59.15393219018515,0.006686925888061523,74.27965601577487,74,3.914700031280518,-59.88521846617871,74.64341118406127
161.6815531258369,73.34735899942804,0.003901004791259766,74.49790911674672,74,3.918601036071777,55.94791922861725,74.82099729540749
28.5230197274978,46.45275543626989,0.006226062774658203,74.69176202394317,74,3.924827098846436,31.13571356612288,74.47147793091506
-61.12623393937485,-18.09463818911695,0.005717992782592773,74.55959156812631,74,3.930545091629028,-23.1148343207475,74.50929294734208
5.642393264315468,-3.852419317057501,0.006701946258544922,74.52941239565577,74,3.937247037887573,-4.503046026676416,74.33925497520598
-30.61036725534718,-19.90718808003131,0.005554914474487305,74.41531794338591,74,3.942801952362061,-20.53937154098091,74.78426272753959
106.9197339545091,56.18896514069296,0.004162073135375977,74.63668481387811,74,3.946964025497437,53.18668444594916,74.14038778017076
-90.99387672256036,-32.12073997725904,0.007076025009155273,74.33890659365369,74,3.954040050506592,-42.08269753698398,74.55299563053822
47.53489046687888,15.67263828922371,0.008680105209350586,74.46736001578441,74,3.962720155715942,14.79860197919522,74.80721805907391
34.40076619231297,26.90951503107726,0.007390022277832031,74.67127484175811,74,3.970110177993774,27.59326268682358,74.43829567809786
-57.22531872105581,-23.57138522020258,0.00644683837890625,74.53148734356197,74,3.976557016372681,-21.68310883262101,74.81288146417126
56.85895559028628,24.68681926609074,0.006587982177734375,74.70032381592754,74,3.983144998550415,25.62794916722632,74.70328172959054
-24.04512005182649,-4.552344324659598,0.004558086395263672,74.70209856412534,74,3.987703084945679,0.3893625622470829,74.55447103241113
-22.25080397926649,-15.17142011742373,0.00668787956237793,74.61352204509682,74,3.994390964508057,-13.24433524891814,74.22823865149081
-55.85198498810596,-39.57975903983307,0.00584101676940918,74.38235200893321,74,4.000231981277466,-39.57701977064982,74.23779383307928
1.625591642623343,-14.85654863035922,0.005877971649169922,74.29561710342085,74,4.006109952926636,-14.7559244394462,74.02235120826251
-38.19884439632625,-28.86192608993944,0.005640029907226563,74.13165756632584,74,4.011749982833862,-29.07068575734489,74.60832875245133
112.4476349682643,55.92381054498277,0.005211114883422852,74.41766027800114,74,4.016961097717285,54.88320984538293,74.64947580027482
6.815814038712494,26.45901264122061,0.006036996841430664,74.55674959136534,74,4.022998094558716,23.03948751631838,74.18566329142476
-61.96632035165378,-26.59618715450403,0.007484912872314453,74.33409781140099,74,4.03048300743103,-29.74674304999493,74.73635742366088
85.09979373717764,40.42140138050497,0.006471157073974609,74.57545357875692,74,4.036954164505005,37.29715792660943,74.92035581148613
36.50812120010501,38.073433272265,0.00503993034362793,74.78239491839445,74,4.041994094848633,41.06035709385615,74.35581022541529
-103.5091716138883,-46.87612965942697,0.005454063415527344,74.52644410260695,74,4.04744815826416,-46.92846347529179,74.99669146542537
97.59115409886997,39.80424059555119,0.006567001342773438,74.80859252029801,74,4.054015159606934,42.96457438699138,74.66027587652653
-55.26945750806036,-17.23997826661574,0.006086826324462891,74.71960253403513,74,4.060101985931396,-14.62009617478951,74.55879395496877
-25.87513857248707,-22.42107445013854,0.003921985626220703,74.62311738659531,74,4.064023971557617,-24.60109664725678,74.28060976534498
-56.88601527355107,-43.10003894418606,0.004890203475952148,74.41761281384512,74,4.068914175033569,-42.02372636655731,74.13694250117352
-21.81142291176715,-30.32686932473471,0.006586790084838867,74.24921062624216,74,4.075500965118408,-25.56665468823272,74.23818667017436
21.48162803606242,0.7582290917435675,0.004713058471679688,74.24259625260149,74,4.080214023590088,-1.403414296771003,74.22751551911282
-2.11561975713927,-0.9660802175861349,0.005043983459472656,74.23354781250828,74,4.085258007049561,-1.793907566492263,74.87620830451957
88.22070440655882,52.54599055690083,0.007353067398071289,74.61914410771505,74,4.092611074447632,52.44019595249584,74.12627466115429
-99.92533452257366,-38.93680449078386,0.007504940032958984,74.32342243977859,74,4.100116014480591,-39.40360171270648,74.78524367933076
57.48099968417092,18.91387801418901,0.01146411895751953,74.60051518350989,74,4.11158013343811,24.17043514273303,74.58735924434736
-146.3822711091088,-80.26381145978966,0.001351833343505859,74.59262162001237,74,4.112931966781616,-5.839154312503401,74.25359990999869
-52.48530710467776,-63.59670884672251,0.006359100341796875,74.38920859400416,74,4.119291067123413,-31.98770503293059,74.35098494628321
15.73005919930344,-16.00064801910694,0.006191015243530273,74.36627440537158,74,4.125482082366943,-3.704430974635739,74.47010758732681
32.04852917381324,12.82885829664517,0.003716945648193359,74.42857431454472,74,4.129199028015137,16.76104927803172,74.4312962014893
-5.387435493241677,1.899082022713061,0.007204055786132813,74.43020744671148,74,4.13640308380127,0.2266962132501735,74.03770197245975
-44.46385071093514,-25.91867761747586,0.008852005004882813,74.19470416216043,74,4.145255088806152,-26.60451326237828,74.20687675422553
42.42066502417525,15.0849279675148,0.003988027572631836,74.20200771739949,74,4.149243116378784,1.831370296727423,74.16388087838664
-7.512821780311288,1.526278118819149,0.005722999572753906,74.17913161399177,74,4.154966115951538,-3.997222630702204,74.3035033940206
18.10932264869749,11.47610483674615,0.007709980010986328,74.25375468200906,74,4.162676095962524,9.678762838678507,74.47914827084475
48.32139639531974,33.5832797718903,0.003634929656982422,74.38899083531047,74,4.166311025619507,37.20461358629811,74.44609188681246
-5.639098864122507,10.04985259028262,0.005861997604370117,74.42325146621165,74,4.172173023223877,5.844531713156235,74.83653524354477
59.31967011684484,39.61174310621995,0.006582021713256836,74.67122173261152,74,4.178755044937134,37.67387547513319,74.53764936141685
-74.10843290096128,-28.62036249808878,0.004033088684082031,74.59107830989471,74,4.182788133621216,-19.87147543596429,74.78698847795656
38.40208768255409,11.59310761029694,0.006492853164672852,74.70862441073182,74,4.189280986785889,18.10392101220815,74.84497684112701
11.25553350915262,11.39056314961035,0.005151987075805664,74.79043586896893,74,4.194432973861694,15.87959306445246,74.18085718479283
-91.37345353587252,-50.26784686167937,0.007268190383911133,74.42468865846327,74,4.201701164245605,-50.32163319707172,74.78825175394531
175.1527996544864,84.98454104802011,0.003467798233032227,74.6428265157525,74,4.205168962478638,62.90384925263737,74.50638658137852
-43.20377944589768,8.071548751669436,0.006524085998535156,74.56096255512811,74,4.211693048477173,-12.54795854051739,74.66599042563198
27.17161352306032,19.53158761450397,0.005873918533325195,74.62397927743043,74,4.217566967010498,10.7282254503194,74.63403354923344
-5.28473975893611,4.641791190439923,0.00604701042175293,74.63001184051222,74,4.223613977432251,0.9976108293284595,74.45267722212996
-47.01839338579569,-26.35431955530144,0.003857135772705078,74.52361106948287,74,4.227471113204956,-27.58543574802291,74.25435270043447
-37.62589717050433,-33.11726612442317,0.005270957946777344,74.36205604805384,74,4.232742071151733,-30.65003042337162,74.92987536106759
102.0437728727271,47.97935727386698,0.006619930267333984,74.7027476358621,74,4.239362001419067,51.46452818232947,74.43013306156789
-71.92612469153777,-23.96393190537586,0.006947994232177734,74.53917889128558,74,4.246309995651245,-23.54186533704921,74.49648300681606
13.93898526191592,-1.222181605000793,0.004760026931762695,74.51356136060387,74,4.251070022583008,-5.381803726943967,74.75312136356102
49.00388264813179,28.91345694687876,0.005237102508544922,74.65729736237816,74,4.256307125091553,27.44571097086202,74.31268301761104
-65.49430320397815,-27.73119914363539,0.006724834442138672,74.45052875551788,74,4.263031959533691,-30.74701818153933,74.84790117607256
117.4708353169952,59.39002153274298,0.004556179046630859,74.68895220785069,74,4.267588138580322,52.32969334449586,74.25280798847479
-89.69067293521405,-30.05839514803124,0.006634950637817383,74.42726567622515,74,4.27422308921814,-39.44061469485575,74.76551444717837
100.8652322029195,48.49578126253921,0.005083084106445313,74.63021493879708,74,4.279306173324585,39.92640261737871,74.58398501959166
-33.83051649536343,-0.8999973922023727,0.005365848541259766,74.60247698727383,74,4.284672021865845,-5.169350441027819,74.05153397378228
-62.31894048561421,-37.75136324824948,0.008543968200683594,74.2719111791789,74,4.293215990066528,-38.68996236063744,74.46797894606147
175.9364235506158,90.46130883106969,0.002367019653320313,74.38955183930844,74,4.295583009719849,49.69990847541934,74.65970448441212
26.12759738794908,51.86108196519733,0.007338047027587891,74.55164342637065,74,4.302921056747437,22.08919981744633,74.06393326944905
-167.8203888518767,-79.9478005250471,0.003550052642822266,74.2590173322177,74,4.306471109390259,-82.42866334520466,74.93537888543826
133.534554761288,48.14161264675397,0.006525993347167969,74.66483426415003,74,4.312997102737427,62.1846989942833,74.16731449336457
-116.6194451177315,-50.71502201193733,0.006586074829101563,74.36632240167876,74,4.319583177566528,-45.32469949358197,74.67205224559745
72.39667509545642,23.15199625249892,0.006971836090087891,74.54976030802996,74,4.326555013656616,26.31127639561148,74.35154934868931
-50.48774064874153,-21.03184588824535,0.006348133087158203,74.43083373242556,74,4.332903146743774,-18.73410244737696,74.4460068229987
23.06744467690175,5.42772845084291,0.004094839096069336,74.43993758676945,74,4.336997985839844,2.223250811644863,74.51078739034014
11.6363765619909,9.152917317531703,0.005567073822021484,74.48244746891186,74,4.342565059661865,7.63594726807045,74.14886734536163
-51.11120176207337,-27.00555413023134,0.007081031799316406,74.28229939478172,74,4.349646091461182,-28.26538275812612,74.10232018817161
-7.840364948826465,-15.50644062138842,0.005936861038208008,74.17431187081565,74,4.35558295249939,-18.18932989522504,74.027341398858
