Lys=meas,Avstand=calc,Fart_IIR=calc,Ts=calc,Tid=meas,Avstand_IIR=calc,Fart=calc
Lys0=32
32,32,0,0.005,0,32,0
33,33,8.151006170140525,0.0245368480682373,0.0245368480682373,32.2,40.75503085070204
33,33,112.50438222967514,0.0014221668243408273,0.02595901489257813,32.36000000000001,0
33,33,17.304461305398895,0.007396936416625973,0.0333559513092041,32.48800000000001,0
33,33,16.251578991978654,0.006300926208496101,0.0396568775177002,32.59040000000001,0
34,34,39.29738064739113,0.007174015045166009,0.04683089256286621,32.87232000000001,139.3919574609506
34,34,46.46429328277383,0.004853963851928711,0.05168485641479492,33.09785600000001,0
35,35,53.049871585717725,0.007171154022216797,0.05885601043701172,33.47828480000001,139.44756965223752
35,35,43.15732064521456,0.007051944732666016,0.06590795516967773,33.78262784000001,0
35,35,18.8126261266939,0.012942075729370117,0.07885003089904785,34.02610227200001,0
35,35,204.85572397900202,0.0009508132934570312,0.07980084419250488,34.22088181760001,0
36,36,45.36131126052782,0.007844209671020508,0.08764505386352539,34.57670545408001,127.48256891887785
36,36,55.07131002887918,0.005168914794921875,0.09281396865844727,34.861364363264016,0
36,36,16.705262625546542,0.013632059097290039,0.1064460277557373,35.08909149061122,0
36,36,19.110780334951297,0.009532928466796889,0.1159789562225342,35.27127319248898,0
37,37,72.34528075480874,0.0047791004180908064,0.120758056640625,35.61701855399118,209.2444000997761
37,37,34.39457225568069,0.008041858673095703,0.1287999153137207,35.89361484319294,0
38,38,51.6656122148335,0.00815391540527341,0.1369538307189941,36.314891874554355,122.64046783625773
38,38,48.46308112307439,0.006954193115234375,0.1439080238342285,36.651913499643484,0
38,38,59.89073827763304,0.004501819610595703,0.1484098434448242,36.92153079971479,0
39,39,37.84887631065474,0.010982990264892606,0.1593928337097168,37.33722463977183,91.04988494768352
39,39,130.35860457021641,0.002551078796386691,0.1619439125061035,37.66977971181747,0
39,39,44.878927570826015,0.0059280395507813055,0.1678719520568848,37.935823769453975,0
39,39,29.930118825750508,0.007111072540283203,0.174983024597168,38.14865901556318,0
40,40,49.25835382128518,0.007516860961914007,0.182499885559082,38.51892721245055,133.0342552651621
40,40,71.35798652702132,0.004151105880737305,0.1866509914398193,38.81514176996044,0
39,39,5.910818476751461,0.006254911422729492,0.1929059028625488,38.852113415968354,-159.874366304555
39,39,4.5391971529478825,0.006515979766845703,0.1994218826293945,38.881690732774686,0
40,40,25.249799654187996,0.008857965469360407,0.2082798480987549,39.10535258621975,112.89274082846536
40,40,23.39561834408694,0.007647991180419894,0.2159278392791748,39.2842820689758,0
40,40,18.708912660662577,0.007651090621948187,0.223578929901123,39.42742565518064,0
40,40,18.26413312626993,0.006269931793212918,0.2298488616943359,39.541940524144515,0
39,39,-15.156786745224423,0.007151126861572293,0.2369999885559082,39.43355241931562,-139.8381009535235
39,39,-12.39064218141956,0.00699806213378909,0.2439980506896973,39.346841935452495,0
40,40,18.91035744297611,0.006907939910888589,0.2509059906005859,39.477473548362,144.7609581003676
40,40,15.10222427102457,0.0069198608398438055,0.2578258514404297,39.5819788386896,0
40,40,17.537462655353167,0.004767179489135687,0.2625930309295654,39.66558307095168,0
40,40,11.57585428055622,0.005777835845947321,0.2683708667755127,39.732466456761344,0
40,40,7.307590182931641,0.007322072982788086,0.2756929397583008,39.785973165409075,0
40,40,8.012975171223014,0.005342006683349609,0.2810349464416504,39.82877853232726,0
40,40,4.466970745447949,0.007666110992431585,0.288701057434082,39.86302282586181,0
40,40,3.3198919961661053,0.008251905441284235,0.2969529628753662,39.89041826068945,0
40,40,3.298188995853681,0.006644964218139704,0.3035979270935059,39.91233460855156,0
40,40,1.3155937672680824,0.013327121734619085,0.316925048828125,39.92986768684125,0
40,40,2.9685764619128148,0.004724979400634821,0.3216500282287598,39.943894149472996,0
40,40,1.5663271651279076,0.0071640014648436945,0.3288140296936035,39.9551153195784,0
40,40,0.9820552667246303,0.009140968322753906,0.3379549980163574,39.96409225566272,0
40,40,2.467972072181229,0.0029098987579345703,0.340864896774292,39.97127380453018,0
40,40,0.8334698157429249,0.0068931579589844305,0.3477580547332764,39.97701904362414,0
40,40,0.5030353430109319,0.009136915206909069,0.3568949699401855,39.98161523489931,0
40,40,0.36373251792886707,0.010108947753906306,0.3670039176940918,39.98529218791945,0
40,40,0.29948314217411875,0.009822130203247126,0.3768260478973389,39.98823375033556,0
39,39,-22.870597687905356,0.00864195823669428,0.3854680061340332,39.790587000268445,-115.71451430463286
39,39,-25.981056315708074,0.006085872650146484,0.3915538787841797,39.63246960021476,0
39,39,-26.357690635988753,0.004799127578735296,0.396353006362915,39.505975680171815,0
38,38,-42.28490975530343,0.007122993469238337,0.4034759998321533,39.204780544137456,-140.39041371000025
38,38,-43.47039318162442,0.005542993545532171,0.4090189933776855,38.96382443530997,0
38,38,-22.060423925338327,0.008738040924072321,0.4177570343017578,38.771059548247976,0
37,37,-32.14558343230681,0.011018991470336914,0.4287760257720947,38.416847638598384,-90.75240712292013
37,37,-36.26908585879663,0.007812976837158148,0.4365890026092529,38.133478110878706,0
37,37,-21.8250552007113,0.010386943817138727,0.4469759464263916,37.906782488702966,0
37,37,-30.00648062719396,0.006043910980224609,0.4530198574066162,37.72542599096237,0
36,36,-51.099460798568884,0.006753206253051813,0.459773063659668,37.3803407927699,-148.0778111209167
36,36,-36.05523218731407,0.007656812667846569,0.4674298763275146,37.104272634215924,0
35,35,-68.93395654924129,0.006105184555053822,0.4735350608825684,36.683418107372745,-163.79521224664833
35,35,-60.59964211840479,0.005555868148803711,0.4790909290313721,36.346734485898196,0
35,35,-55.61575189426261,0.0048429965972899836,0.4839339256286621,36.07738758871856,0
34,34,-64.70514683582782,0.006421089172363281,0.4903550148010254,35.66191007097485,-155.73681865438883
34,34,-52.56036840846139,0.006323814392089788,0.4966788291931152,35.32952805677988,0
33,33,-52.137076634368995,0.00893616676330572,0.5056149959564209,34.86362244542391,-111.9048051012506
32,32,-81.44641674463406,0.007031917572021484,0.5126469135284424,34.29089795633913,-142.20872041771207
31,31,-96.43699058104527,0.006824970245361328,0.5194718837738037,33.632718365071305,-146.52078530007685
30,30,-79.55060521310422,0.009133100509643555,0.5286049842834473,32.90617469205705,-109.49184222204819
29,29,-83.95001094278348,0.009305953979492188,0.5379109382629395,32.12493975364564,-107.45808567329371
28,28,-73.40369668423776,0.011239051818847656,0.5491499900817871,31.299951802916517,-88.97547730165465
28,28,-100.30437746778681,0.006579875946044922,0.555729866027832,30.639961442333217,0
26,26,-137.92635604127565,0.006728172302246094,0.5624580383300781,29.711969153866573,-297.25754783841245
26,26,-139.31481428069574,0.0053288936614990234,0.5677869319915771,28.96957532309326,0
26,26,-69.76587495631752,0.00851297378540039,0.5762999057769775,28.375660258474607,0
25,25,-140.0657399689474,0.004820108413696289,0.5811200141906738,27.700528206779687,-207.46421328584853
25,25,-109.73489885495871,0.004921913146972656,0.5860419273376465,27.16042256542375,0
25,25,-62.6029846132653,0.006901979446411133,0.5929439067840576,26.728338052339,0
24,24,-93.50011607384307,0.005836009979248047,0.5987799167633057,26.182670441871203,-171.34994689108586
24,24,-57.71882835270218,0.007563114166259766,0.6063430309295654,25.746136353496965,0
24,24,-52.67424260657141,0.00662994384765625,0.6129729747772217,25.396909082797574,0
24,24,-45.92820689514918,0.006083011627197266,0.619055986404419,25.11752726623806,0
24,24,-33.19581503464126,0.006732940673828125,0.6257889270782471,24.89402181299045,0
24,24,-22.92053341267125,0.007801055908203125,0.6335899829864502,24.715217450392363,0
24,24,-20.543327601783346,0.006963014602661133,0.6405529975891113,24.572173960313894,0
24,24,-15.712649559304516,0.00728297233581543,0.6478359699249268,24.457739168251116,0
24,24,-11.81584284304573,0.0077478885650634766,0.6555838584899902,24.366191334600895,0
24,24,-13.20310994138965,0.005547046661376953,0.6611309051513672,24.292953067680717,0
24,24,-8.838542825387908,0.006628990173339844,0.667759895324707,24.234362454144577,0
24,24,-10.01107423228828,0.004682064056396484,0.6724419593811035,24.187489963315663,0
24,24,-3.7777239357946533,0.009926080703735352,0.6823680400848389,24.149991970652533,0
24,24,-7.098583046271031,0.004225969314575195,0.6865940093994141,24.119993576522027,0
25,25,27.07312474433824,0.006500959396362305,0.6930949687957764,24.295994861217622,153.8234495910808
25,25,24.423586183751265,0.005764961242675781,0.6988599300384521,24.4367958889741,0
25,25,14.568296365664121,0.007731914520263672,0.7065918445587158,24.549436711179283,0
25,25,14.828352658432422,0.0060770511627197266,0.7126688957214355,24.639549368943428,0
25,25,10.643758966791793,0.0067729949951171875,0.7194418907165527,24.711639495154742,0
25,25,5.256743823515863,0.0109710693359375,0.7304129600524902,24.769311596123796,0
26,26,28.033896133881463,0.00878000259399414,0.7391929626464844,25.015449276899037,113.89518275131701
26,26,25.777184994415045,0.0076389312744140625,0.7468318939208984,25.21235942151923,0
27,27,53.75422467565854,0.006651163101196289,0.7534830570220947,25.569887537215386,150.3496433308241
27,27,31.738016471903414,0.009011983871459961,0.7624950408935547,25.85591002977231,0
28,28,43.20217687589332,0.00992584228515625,0.7724208831787109,26.284728023817852,100.74711760184474
28,28,46.68032773675544,0.0073490142822265625,0.7797698974609375,26.627782419054284,0
29,29,66.31874750803809,0.007153987884521484,0.786923885345459,27.10222593524343,139.78217689795375
29,29,82.60095834488432,0.004595041275024414,0.7915189266204834,27.481780748194744,0
29,29,51.248425260342096,0.00592494010925293,0.7974438667297363,27.785424598555796,0
30,30,78.58710152357584,0.005635976791381836,0.8030798435211182,28.228339678844637,177.43153263674435
31,31,81.19564149930659,0.006827116012573242,0.8099069595336914,28.78267174307571,146.4747337174786
32,32,72.65042276955276,0.008857011795043945,0.8187639713287354,29.426137394460568,112.90489649788688
32,32,122.97729933205515,0.004185914993286133,0.8229498863220215,29.940909915568454,0
32,32,70.12097412001413,0.005872964859008789,0.8288228511810303,30.352727932454762,0
33,33,53.96973690423759,0.009810209274291992,0.8386330604553223,30.882182345963813,101.93462463849126
34,34,108.69483050116057,0.005736827850341797,0.8443698883056641,31.50574587677105,174.3123597373452
34,34,73.84788088854503,0.00675511360168457,0.8511250019073486,32.004596701416844,0
35,35,71.59988623047008,0.008367061614990234,0.8594920635223389,32.60367736113348,119.51627058756483
35,35,51.62385078963778,0.009283781051635742,0.8687758445739746,33.08294188890679,0
37,37,52.01542639372729,0.015061140060424805,0.8838369846343994,33.86635351112543,132.792072311662
37,37,89.15055282420529,0.007030010223388672,0.8908669948577881,34.49308280890035,0
38,38,104.01723217805055,0.006742954254150391,0.8976099491119385,35.19446624712028,148.3029488720741
39,39,81.40125681127243,0.009350061416625977,0.9069600105285645,35.95557299769622,106.95116913583395
39,39,128.89121180448947,0.004724025726318359,0.9116840362548828,36.56445839815698,0
39,39,78.189069137211,0.006229877471923828,0.9179139137268066,37.051566718525585,0
39,39,79.4470568825285,0.004904985427856445,0.9228188991546631,37.44125337482047,0
40,40,76.24439617062401,0.0067119598388671875,0.9295308589935303,37.95300269985638,148.98778061949417
40,40,52.033144231882176,0.007868051528930664,0.9373989105224609,38.36240215988511,0
40,40,50.317447501448704,0.006509065628051758,0.9439079761505127,38.689921727908086,0
40,40,56.262392228006284,0.00465703010559082,0.9485650062561035,38.95193738232647,0
40,40,29.60695894634529,0.0070798397064208984,0.9556448459625244,39.16154990586118,0
40,40,33.47657861634415,0.005009174346923828,0.9606540203094482,39.32923992468895,0
40,40,22.66471978504393,0.005918979644775391,0.9665729999542236,39.46339193975116,0
40,40,16.93335841352791,0.006337881088256836,0.9729108810424805,39.570713551800935,0
40,40,14.323677394115187,0.005994081497192383,0.9789049625396729,39.656570841440754,0
40,40,8.782138114020368,0.007821083068847656,0.9867260456085205,39.7252566731526,0
40,40,9.086914282769044,0.00604701042175293,0.9927730560302734,39.78020533852208,0
40,40,6.322296250834451,0.006953001022338867,0.9997260570526123,39.82416427081766,0
40,40,4.407509127188313,0.007978916168212669,1.007704973220825,39.85933141665413,0
40,40,3.4909579421449615,0.008059024810791016,1.015763998031616,39.8874651333233,0
40,40,1.8791895747647496,0.011976957321166992,1.027740955352783,39.90997210665864,0
41,41,38.24744512614145,0.005699872970581055,1.033440828323364,40.12797768532692,175.44250637888484
41,41,33.66803224119702,0.0051801204681398705,1.038620948791504,40.302382148261536,0
41,41,16.625593602193742,0.00839209556579612,1.0470130443573,40.441905718609235,0
41,41,27.863552872452473,0.004005908966064009,1.051018953323364,40.55352457488739,0
40,40,-13.786522200405543,0.008029937744141069,1.059048891067505,40.442819659909915,-124.53396674583634
40,40,-16.862501891496613,0.005252122879027876,1.064301013946533,40.354255727927935,0
39,39,-39.9954951180872,0.006772041320801003,1.071073055267334,40.083404582342354,-147.6659625404824
40,40,-2.0505520125251095,0.00813484191894509,1.079207897186279,40.06672366587389,122.92801875733043
39,39,-21.473750755533054,0.009935140609741877,1.089143037796021,39.853378932699115,-100.65282810587024
40,40,3.8549070962479464,0.007606983184814009,1.096750020980835,39.882703146159294,131.4581583401318
39,39,-37.5146958835562,0.004705905914307085,1.101455926895142,39.706162516927435,-212.49893606239763
39,39,-25.53878223237047,0.005530118942259854,1.106986045837402,39.564930013541954,0
39,39,-20.06510471266707,0.005630970001221147,1.112617015838623,39.451944010833564,0
39,39,-15.140499779674231,0.005970001220702903,1.118587017059326,39.36155520866686,0
38,38,-35.119466563754656,0.007753849029541016,1.126340866088867,39.08924416693349,-128.96820613738393
38,38,-36.50808028085029,0.005967140197754128,1.132308006286621,38.87139533354679,0
37,37,-55.041554875890284,0.006799936294555886,1.139107942581177,38.49711626683744,-147.06020125521064
37,37,-29.716344453463822,0.010076045989990012,1.149183988571167,38.19769301346995,0
36,36,-46.06823228131939,0.009541034698486106,1.158725023269653,37.758154410775965,-104.81043530411559
35,35,-75.88912409954375,0.007268905639648882,1.165993928909302,37.20652352862078,-137.5722907373309
35,35,-73.41607537830518,0.006011009216307928,1.17200493812561,36.76521882289663,0
34,34,-50.153157206330576,0.011027097702027033,1.183032035827637,36.2121750583173,-90.68569328230193
33,33,-91.87070368769196,0.00699281692504905,1.190024852752686,35.56974004665384,-143.00388680531424
32,32,-143.12756865159133,0.0049881935119620024,1.195013046264648,34.85579203732308,-200.47337730622058
32,32,-90.67761811810169,0.006298780441285068,1.201311826705933,34.28463362985846,0
31,31,-117.38882048612759,0.005596160888670987,1.206907987594604,33.627706903886775,-178.69393319702905
30,30,-81.50252063741206,0.008902072906495029,1.215810060501099,32.90216552310942,-112.33338689805511
29,29,-99.14206900833344,0.007871866226195845,1.223681926727295,32.12173241848754,-127.0346791047108
29,29,-90.05464266166172,0.006932973861694114,1.230614900588989,31.497385934790035,0
28,28,-139.72567334221262,0.005006074905395952,1.235620975494385,30.797908747832032,-199.75729866169587
28,28,-106.12479519503843,0.005272865295409934,1.240893840789795,30.238326998265627,0
27,27,-108.03362801457881,0.005995035171509011,1.246888875961304,29.590661598612506,-166.80469278185902
26,26,-73.59424504352926,0.009757995605468084,1.256646871566772,28.872529278890006,-102.48006254887329
25,25,-124.75567452332473,0.00620818138122603,1.262855052947998,28.098023423112007,-161.07776796342793
25,25,-97.10459990025615,0.006380796432494895,1.269235849380493,27.47841873848961,0
25,25,-65.73026638331322,0.007541179656983088,1.276777029037476,26.982734990791688,0
24,24,-94.93111737162232,0.006283998489378995,1.283061027526855,26.386187992633353,-159.13434761166266
24,24,-73.27596619140421,0.006512880325318049,1.289573907852173,25.908950394106686,0
24,24,-49.499046544483875,0.0077130794525148705,1.297286987304688,25.52716031528535,0
24,24,-37.49451001868806,0.008146047592163086,1.305433034896851,25.22172825222828,0
23,23,-56.281957451436384,0.007894992828368919,1.31332802772522,24.777382601782627,-126.66255964245086
23,23,-38.50563237616571,0.009231805801391157,1.322559833526611,24.421906081426105,0
23,23,-40.348463330961486,0.007048130035400835,1.329607963562012,24.137524865140886,0
24,24,-3.1223400019480247,0.008809089660644087,1.338417053222656,24.11001989211271,113.51910793548261
24,24,-3.9604932718347934,0.005555868148803933,1.34397292137146,24.08801591369017,0
24,24,-2.214815807861014,0.007947921752930132,1.35192084312439,24.07041273095214,0
24,24,-2.0149580342734517,0.006989002227782981,1.358909845352173,24.056330184761713,0
25,25,19.258183095648604,0.009800195693969949,1.368710041046143,24.245064147809373,102.03877873737757
25,25,15.344206554501017,0.009840011596679021,1.378550052642822,24.3960513182475,0
25,25,16.10134671329552,0.007501840591430886,1.386051893234253,24.516841054598004,0
25,25,13.398449569160208,0.007212162017822044,1.393264055252075,24.613472843678405,0
26,26,37.262231036512425,0.00744199752807595,1.400706052780151,24.890778274942726,134.37252514897563
26,26,31.952289538781834,0.006942987442017046,1.407649040222168,25.11262261995418,0
26,26,43.96327066661105,0.0040369033813481,1.411685943603516,25.290098095963344,0
27,27,31.046962751986126,0.011014938354491965,1.422700881958008,25.63207847677068,90.7858008658027
27,27,43.58461498455531,0.0062770843505859375,1.428977966308594,25.905662781416545,0
27,27,45.77851666338272,0.004781007766722967,1.433758974075317,26.124530225133235,0
28,28,65.02947446453783,0.0057680606842041016,1.439527034759521,26.49962418010659,173.36849501922043
29,29,64.83670048149416,0.007712841033935991,1.447239875793457,26.999699344085275,129.6539103554794
29,29,86.7618308408087,0.004611015319823997,1.451850891113281,27.399759475268223,0
30,30,90.59809963320382,0.005740165710448997,1.45759105682373,27.91980758021458,174.21099850474175
31,31,77.15987330651096,0.007983922958374023,1.465574979782104,28.535846064171665,125.25170961865798
32,32,82.06096639365072,0.008442878723144975,1.474017858505249,29.228676851337333,118.44301366767704
33,33,102.74480054385334,0.007341146469115989,1.481359004974365,29.98294148106987,136.21850540742838
34,34,95.86233849671844,0.008380889892577903,1.489739894866943,30.786353184855898,119.31907146108645
35,35,107.79369760815298,0.007817983627320002,1.497557878494263,31.62908254788472,127.91021926747104
36,36,141.70401200445443,0.006169080734253152,1.503726959228516,32.50326603830778,162.09870531400384
36,36,141.13809596751375,0.004955053329466885,1.508682012557983,33.202612830646224,0
38,38,142.2078532383947,0.006747007369996005,1.515429019927979,34.16209026451698,296.42771829389363
38,38,137.09214916688236,0.005599021911621094,1.5210280418396,34.929672211613585,0
39,39,144.8268758410397,0.005620956420897993,1.526648998260498,35.743737769290874,177.9056667797901
39,39,98.45199999504206,0.0066149234771728516,1.533263921737671,36.3949902154327,0
40,40,134.46426820319962,0.005362033843994141,1.538625955581665,37.11599217234616,186.49639839928858
40,40,77.65306093763512,0.007427930831908958,1.546053886413574,37.692793737876926,0
40,40,67.68876615988513,0.0068171024322509766,1.552870988845825,38.154234990301546,0
40,40,64.77596588911618,0.0056989192962650925,1.55856990814209,38.52338799224124,0
41,41,61.776173955346366,0.00801801681518488,1.566587924957275,39.01871039379299,124.71911983349237
42,42,49.16811466055471,0.012126922607422097,1.578714847564697,39.614968315034396,82.46115130544045
41,41,33.86721819144301,0.008179187774657981,1.586894035339355,39.89197465202752,-122.26152859558427
41,41,16.999451868617676,0.013036012649537021,1.599930047988892,40.11357972162202,0
42,42,47.685521285413905,0.007911920547484907,1.607841968536377,40.49086377729761,126.39156245292257
42,42,42.463194548856464,0.007107973098755105,1.614949941635132,40.79269102183809,0
43,43,59.8108719965163,0.00738096237182595,1.622330904006958,41.23415281747047,135.4836875767209
42,42,13.31894226628905,0.01150012016296409,1.633831024169922,41.38732225397638,-86.95561314398091
41,41,-11.717738597389259,0.006610870361327903,1.64044189453125,41.30985780318111,-151.26601269475407
41,41,-9.472924110307078,0.0065419673919679955,1.646983861923218,41.247886242544894,0
41,41,-5.522002595273018,0.008978128433227095,1.655961990356445,41.19830899403592,0
41,41,-5.46838175550276,0.007252931594848855,1.663214921951294,41.15864719522874,0
39,39,-17.040139583382274,0.025336027145385964,1.68855094909668,40.726917756183,-78.93897446996647
39,39,-48.92082974760039,0.007060050964355025,1.695611000061035,40.381534204946405,0
38,38,-86.47630890783421,0.005507946014404075,1.701118946075439,39.905227363957124,-181.55588260757375
37,37,-53.46939052438094,0.010866880416871005,1.71198582649231,39.3241818911657,-92.02272976589344
36,36,-89.61134650584675,0.007419109344481978,1.719404935836792,38.65934551293256,-134.78706857768015
35,35,-78.80475199484259,0.009287118911742942,1.728692054748535,37.927476410346046,-107.6760198187585
34,34,-94.77607742833622,0.00828790664672896,1.736979961395264,37.14198112827684,-120.65772970484366
32,32,-258.25687958636297,0.003982067108154075,1.740962028503418,36.113584902621476,-502.25170638249716
32,32,-138.22805328798322,0.005951881408690962,1.746913909912109,35.290867922097185,0
31,31,-130.1457460254056,0.006593942642212136,1.753507852554321,34.43269433767775,-151.65433705752102
31,31,-97.24276368565549,0.007060050964355913,1.760567903518677,33.746155470142206,0
29,29,-112.6014982354168,0.008430004119873047,1.76899790763855,32.796924376113765,-237.24780813394423
27,27,-112.73734454690431,0.010283946990967019,1.779281854629517,31.637539500891016,-194.47785969304536
27,27,-96.79646916519982,0.009582042694090909,1.788863897323608,30.710031600712817,0
26,26,-134.62794318519104,0.0069971084594731,1.795861005783081,29.768025280570253,-142.91617827449005
26,26,-135.34506728095346,0.005568027496337891,1.801429033279419,29.014420224456202,0
25,25,-108.93956266251648,0.007369995117187056,1.808799028396606,28.211536179564963,-135.6853002070475
25,25,-72.20282506482279,0.008895874023437944,1.817694902420044,27.56922894365197,0
24,24,-252.94299628751156,0.0028221607208249733,1.820517063140869,26.85538315492158,-354.3384303455546
24,24,-96.40073238796505,0.00592398643493719,1.826441049575806,26.284306523937264,0
23,23,-88.85049013530032,0.007392883300780806,1.833833932876587,25.627445219149813,-135.2652218782331
23,23,-85.57133200652633,0.006140947341919167,1.839974880218506,25.101956175319852,0
23,23,-54.924730984451266,0.007653951644897017,1.847628831863403,24.681564940255885,0
23,23,-92.41345067051417,0.003639221191406916,1.85126805305481,24.345251952204713,0
23,23,-50.661240351427,0.005310773849487083,1.856578826904297,24.076201561763774,0
23,23,-34.9983835263576,0.006150007247924805,1.862728834152222,23.860961249411023,0
23,23,-27.523881190926655,0.006256103515625,1.868984937667847,23.688768999528822,0
23,23,-16.319662014461272,0.008440971374511053,1.877425909042358,23.55101519962306,0
24,24,12.012749938826058,0.007475137710571955,1.88490104675293,23.64081215969845,133.77679966828137
24,24,12.920608879316282,0.005559921264647993,1.890460968017578,23.71264972775876,0
24,24,9.135408142670347,0.00629091262817405,1.896751880645752,23.770119782207008,0
24,24,10.73167696599753,0.0042841434478759766,1.901036024093628,23.816095825765608,0
24,24,4.832565946859872,0.00761103630065918,1.908647060394287,23.852876660612488,0
25,25,42.72418426396131,0.005369901657104936,1.914016962051392,24.08230132848999,186.2231496692116
25,25,21.065027821641348,0.008713006973265935,1.922729969024658,24.265841062791992,0
25,25,18.576772242804726,0.007904052734375,1.930634021759033,24.412672850233594,0
25,25,18.81557085028506,0.00624299049377508,1.936877012252808,24.530138280186875,0
26,26,42.79053889196377,0.006870031356810857,1.943747043609619,24.8241106241495,145.55974318932525
27,27,56.349354857292035,0.0077228546142580345,1.951469898223877,25.259288499319602,129.48579896270311
27,27,82.5353064678891,0.004218101501465066,1.955687999725342,25.607430799455685,0
27,27,56.24322164776483,0.004951953887939009,1.960639953613281,25.88594463956455,0
28,28,58.87971615588773,0.007180929183959961,1.967820882797241,26.308755711651642,139.25774428101863
28,28,43.7970714882645,0.007723093032836914,1.975543975830078,26.647004569321318,0
29,29,164.95367118298734,0.002852916717529075,1.978396892547607,27.117603655457057,350.51846899551447
30,30,105.92873492946961,0.005442142486572932,1.98383903503418,27.694082924365645,183.75116095678115
31,31,123.1495289666635,0.005368947982788086,1.989207983016968,28.355266339492516,186.25622807407078
32,32,79.38887085169272,0.009181976318358931,1.998389959335327,29.084213071594014,108.90901537183743
34,34,122.51287784520795,0.008024930953980158,2.006414890289307,30.067370457275214,249.22332808459265
34,34,125.72137059122551,0.006256103515625,2.012670993804932,30.853896365820173,0
35,35,127.98542084456312,0.006479024887084961,2.019150018692017,31.68311709265614,154.34421343146275
37,37,61.592021558827255,0.017264842987060103,2.036414861679077,32.74649367412491,115.84235092661937
39,39,201.23604876968932,0.006215095520019975,2.042629957199097,33.99719493929993,321.7971459260166
40,40,148.38277509027174,0.008090972900389737,2.050720930099487,35.197755951439945,123.59453088167317
40,40,89.86981114043871,0.010687112808227983,2.061408042907715,36.15820476115196,0
40,40,376.311469814991,0.0020418167114262253,2.063449859619141,36.92656380892157,0
41,41,55.89161951023318,0.014576196670531782,2.078026056289673,37.74125104713726,68.6050018810234
41,41,88.50730925330092,0.0073637962341313035,2.085389852523804,38.39300083770981,0
42,42,96.61132867837695,0.007467031478881836,2.092856884002686,39.11440067016785,133.9220281618187
42,42,95.20239763638172,0.006062030792235884,2.098918914794922,39.691520536134284,0
42,42,48.98669221223531,0.009424924850464311,2.108343839645386,40.15321642890743,0
41,41,36.66426880735599,0.004619121551512784,2.112962961196899,40.32257314312594,-216.49138020031003
41,41,20.06308554931596,0.0067529678344731,2.119715929031372,40.458058514500756,0
42,42,35.68894043205784,0.00864100456237793,2.12835693359375,40.7664468116006,115.72728526887951
42,42,29.31469487700166,0.008415937423706055,2.136772871017456,41.013157449280484,0
42,42,29.29622860072242,0.0067369937896728516,2.143509864807129,41.21052595942439,0
41,41,-5.90701323689656,0.00712800025939897,2.150637865066528,41.168420767539516,-140.29180185303747
41,41,-4.705151356938274,0.007158994674683061,2.157796859741211,41.13473661403162,0
41,41,-2.97560193333619,0.009056091308594194,2.166852951049805,41.107789291225295,0
41,41,-4.41311001360047,0.004884958267211914,2.171737909317017,41.08623143298024,0
41,41,-3.6702099982209004,0.004698991775511807,2.176436901092529,41.0689851463842,0
41,41,-2.094575614737061,0.006587028503417969,2.183023929595947,41.05518811710736,0
40,40,-21.53873729966708,0.009798049926758257,2.192821979522705,40.844150493685895,-102.06112517032825
39,39,-53.664465898418456,0.006872892379760742,2.199694871902466,40.475320394948724,-145.49915010233462
39,39,-22.99965520197326,0.012829065322875977,2.212523937225342,40.180256315958985,0
37,37,-63.04453061277729,0.010088920593262163,2.222612857818604,39.54420505276719,-198.23726250117286
37,37,-430.1156561729011,0.001183032989501065,2.223795890808105,39.03536404221375,0
37,37,-52.70201280188154,0.007724046707153764,2.231519937515259,38.628291233771,0
37,37,-41.191486338783434,0.007905960083008257,2.239425897598267,38.3026329870168,0
34,34,-110.39333688929487,0.007795095443725142,2.247220993041992,37.44210638961344,-384.8573788041204
34,34,-80.37657609609406,0.008564949035644975,2.255785942077637,36.75368511169076,0
33,33,-123.19324318235492,0.0060939788818359375,2.261879920959473,36.00294808935261,-164.09640062597808
31,31,-142.65532603395022,0.007014036178588867,2.268893957138062,35.00235847148209,-285.1425269383732
30,30,-129.79531176227877,0.0077080726623530715,2.276602029800415,34.001886777185675,-129.7341169192775
29,29,-154.4308702031541,0.006477832794189009,2.283079862594604,33.00150942174854,-154.37261685683796
27,27,-94.87827437215249,0.012650966644287998,2.295730829238892,31.80120753739883,-158.09068636688048
26,26,-100.40036302431974,0.011556148529051846,2.307286977767944,30.640966029919067,-86.53402104395136
25,25,-131.84322745619343,0.008557081222535068,2.315844058990479,29.512772823935254,-116.86227745115947
25,25,-140.19658622712547,0.0064377784728999465,2.322281837463379,28.610218259148205,0
25,25,-93.90606440446022,0.0076889991760249465,2.329970836639404,27.888174607318565,0
23,23,-107.14933919451066,0.00912404060363814,2.339094877243042,26.910539685854854,-219.2011288510176
23,23,-93.24081772804085,0.008388042449951172,2.347482919692993,26.128431748683887,0
23,23,-96.51069283047781,0.0064830780029296875,2.353965997695923,25.502745398947113,0
23,23,-64.13291200992668,0.007804870605469194,2.361770868301392,25.002196319157694,0
23,23,-57.042657452987896,0.007019996643065962,2.368790864944458,24.601757055326157,0
23,23,-77.60489804994091,0.004127979278564009,2.372918844223022,24.28140564426093,0
23,23,-22.47096253593919,0.011404991149902788,2.384323835372925,24.025124515408745,0
22,22,-98.56672881320428,0.004109144210814986,2.38843297958374,23.620099612326996,-243.3596750798058
22,22,-30.977344476573762,0.010459899902344194,2.398892879486084,23.2960796898616,0
24,24,46.26223397830115,0.0030431747436518997,2.401936054229736,23.43686375188928,657.2083986212178
23,23,-15.025949255846012,0.005814790725708008,2.407750844955444,23.349491001511428,-171.97523473697157
24,24,21.75609994734261,0.005980014801026279,2.41373085975647,23.479592801209144,167.22366637426748
24,24,20.018764575753643,0.0051991939544677734,2.418930053710938,23.583674240967316,0
24,24,10.557417148814885,0.007886886596679243,2.426816940307617,23.666939392773855,0
25,25,26.811457931960735,0.009943962097167969,2.436760902404785,23.933551514219086,100.56353697132445
25,25,30.574225220129005,0.006976127624511719,2.443737030029297,24.14684121137527,0
26,26,54.83587653718921,0.006758928298950195,2.450495958328247,24.51747296910022,147.9524498218632
26,26,45.87023499417723,0.006464004516602007,2.456959962844849,24.813978375280175,0
26,26,48.858569411667276,0.004854917526245117,2.461814880371094,25.051182700224143,0
27,27,75.44703891194862,0.005166053771971768,2.466980934143066,25.440946160179315,193.5713494554514
28,28,53.36307923125586,0.0095911026000981,2.476572036743164,25.952756928143454,104.26329919458601
28,28,70.96202475319389,0.005769968032836914,2.482342004776001,26.362205542514765,0
28,28,58.54525797254635,0.005594968795775923,2.487936973571777,26.689764434011813,0
30,30,65.8234213974584,0.01005792617797896,2.497994899749756,27.35181154720945,198.84814867490707
31,31,95.5276028236505,0.0076379776000981,2.505632877349854,28.08144923776756,130.9247097015781
33,33,159.12605296182747,0.00618195533752397,2.511814832687378,29.065159390214053,323.52223379230213
34,34,140.73242705414899,0.007013082504272017,2.51882791519165,30.052127512171243,142.5906510283959
35,35,112.33561419935619,0.008809089660644975,2.527637004852295,31.041702009736994,113.51910793547117
35,35,421.11109939754533,0.0018799304962162644,2.529516935348511,31.8333616077896,0
37,37,162.11297606136716,0.006374120712279829,2.535891056060791,32.86668928623168,313.76876753321807
38,38,171.25887416480865,0.005994796752930132,2.541885852813721,33.89335142898535,166.81132675786228
39,39,177.963828075313,0.005738973617552823,2.547624826431274,34.914681143188275,174.24718540985623
40,40,161.2563183064893,0.0063071250915531785,2.553931951522827,35.93174491455062,158.5508429726962
40,40,83.24673046917925,0.009773969650268999,2.563705921173096,36.7453959316405,0
41,41,121.68083503690045,0.00699305534362793,2.570698976516724,37.59631674531241,142.99901128498857
41,41,114.04443433353022,0.005969047546385831,2.57666802406311,38.277053396249926,0
42,42,128.75835771505243,0.005782842636109287,2.582450866699219,39.02164271699994,172.9253349824513
42,42,114.24514944000575,0.005213975906371626,2.587664842605591,39.61731417359996,0
42,42,70.44023747955818,0.00676512718200728,2.594429969787598,40.093851338879965,0
42,42,62.232170576251164,0.006125926971435103,2.600555896759033,40.47508107110397,0
42,42,41.52285885119847,0.007344961166381836,2.607900857925415,40.78006485688318,0
42,42,27.773109618236184,0.00878500938415483,2.61668586730957,41.024051885506545,0
43,43,41.211969569428014,0.009589195251465288,2.626275062561035,41.419241508405236,104.28403779213838
43,43,46.20818666989223,0.006841897964477983,2.633116960525513,41.73539320672419,0
43,43,38.2404767777969,0.006613969802856001,2.639730930328369,41.988314565379355,0
42,42,0.32328923961022143,0.007229089736938921,2.646960020065308,41.990651652303484,-138.33000230862248
42,42,0.49178241736978656,0.0038018226623530715,2.650761842727661,41.99252132184279,0
42,42,0.2463701673699568,0.006071090698241743,2.656832933425903,41.99401705747423,0
42,42,0.21125798516286495,0.005664110183716264,2.662497043609619,41.99521364597938,0
42,42,0.17606931954094285,0.005436897277832031,2.667933940887451,41.996170916783505,0
41,41,-23.370867328271377,0.008524894714355913,2.676458835601807,41.79693673342681,-117.30350151022994
41,41,-26.29686829328054,0.006061077117919922,2.682519912719727,41.637549386741455,0
40,40,-61.94705698315428,0.0052869319915771484,2.687806844711304,41.310039509393164,-189.14561443066518
40,40,-32.45063608094544,0.00807404518127397,2.695880889892578,41.04803160751453,0
39,39,-58.19040213740744,0.007039070129394975,2.702919960021973,40.638425286011625,-142.064218940514
38,38,-75.4584414497943,0.00699305534362793,2.709913015365601,40.110740228809306,-142.99901128498857
38,38,-60.996873257928385,0.006920814514160156,2.716833829879761,39.68859218304745,0
36,36,-69.93209306028037,0.010549068450926846,2.727382898330688,38.95087374643796,-189.59020024410583
35,35,-147.66677560308537,0.005351066589355913,2.732733964920044,38.16069899715038,-186.87863126000943
34,34,-108.60526151503738,0.007662057876586914,2.740396022796631,37.3285591977203,-130.51324019043471
33,33,-120.42113990141085,0.00718903541564897,2.74758505821228,36.46284735817624,-139.10071966306037
31,31,-122.86035832482345,0.00889277458190918,2.756477832794189,35.370277886541,-224.9016863722888
31,31,-163.0952399735779,0.005359172821044922,2.761837005615234,34.4962223092328,0
30,30,-181.00996512454705,0.004967927932740146,2.766804933547974,33.59697784738624,-201.29116475496713
29,29,-145.9806372895476,0.006298065185546875,2.773102998733521,32.677582277908996,-158.77892186553603
28,28,-161.24267153124543,0.005801916122436079,2.778904914855957,31.7420658223272,-172.35685227040562
27,27,-100.2326487104051,0.009462118148804155,2.788367033004761,30.793652657861763,-105.68458185299477
27,27,-116.19492126100788,0.006529808044432706,2.794896841049194,30.03492212628941,0
26,26,-115.03714790457806,0.007014989852906162,2.8019118309021,29.22793770103153,-142.55188118137067
26,26,-75.20804361286913,0.008584022521971768,2.810495853424072,28.582350160825225,0
25,25,-81.10255908536358,0.008834123611450195,2.819329977035522,27.86588012866018,-113.19741991201792
24,24,-119.98428657066655,0.006443977355957031,2.825773954391479,27.092704102928145,-155.18366138819002
24,24,-55.50951575722593,0.01114296913147017,2.836916923522949,26.47416328234252,0
24,24,-45.36366913700973,0.010908126831054688,2.847825050354004,25.979330625874017,0
24,24,-51.165846115222244,0.007736921310425249,2.855561971664429,25.583464500699215,0
23,23,-89.7043378380094,0.00575995445251376,2.861321926116943,25.066771600559374,-173.6124839604556
23,23,-52.19102556556202,0.007920026779175249,2.869241952896118,24.653417280447503,0
24,24,-13.12876988287516,0.00995397567748979,2.879195928573608,24.522733824358003,100.46237125748951
25,25,9.408057476488926,0.010145902633666992,2.889341831207275,24.618187059486402,98.56195511690753
25,25,10.71591250057138,0.007126092910767046,2.896467924118042,24.694549647589124,0
25,25,9.431675451234048,0.0064771175384521484,2.902945041656494,24.7556397180713,0
26,26,41.58248263501788,0.0059850215911869675,2.908930063247681,25.00451177445704,167.0837748476154
26,26,30.02142828837924,0.0066318511962890625,2.91556191444397,25.203609419565634,0
26,26,25.82775997122244,0.006166934967041016,2.921728849411011,25.362887535652508,0
27,27,65.95790171138535,0.004964113235472745,2.926692962646484,25.690310028522006,201.4458479420177
27,27,39.86239894147035,0.006571054458619052,2.933264017105103,25.952248022817606,0
28,28,52.51379847087592,0.007798910140991211,2.941062927246094,26.36179841825409,128.22304423588395
28,28,51.54045266566609,0.006356954574584961,2.947419881820679,26.689438734603275,0
30,30,121.39797480066187,0.0054540634155269,2.952873945236206,27.35155098768262,366.6990732645866
30,30,94.19885763120392,0.0056231021881099075,2.958497047424316,27.881240790146098,0
31,31,68.5139412278422,0.009104013442994052,2.96760106086731,28.504992632116878,109.84166557547704
32,32,109.27412138012461,0.006396770477294034,2.973997831344604,29.203994105693504,156.32888557586963
33,33,165.47082422065958,0.004588127136230913,2.978585958480835,29.963195284554807,217.9538557472248
35,35,168.9665693450299,0.005961894989014116,2.984547853469849,30.970556227643847,335.4638086858904
35,35,119.22900975075606,0.006759166717528853,2.991307020187378,31.77644498211508,0
36,36,155.10790391152184,0.005445957183837891,2.996752977371216,32.62115598569207,183.6224498730409
38,38,89.18606485052129,0.01206207275390625,3.008815050125122,33.69692478855366,165.808981657179
39,39,115.12193764126712,0.009212970733643022,3.018028020858765,34.75753983084293,108.54262201748868
41,41,120.3141974879946,0.010376930236815962,3.028404951095581,36.00603186467435,192.73522654168642
41,41,184.96375580264652,0.005399942398070845,3.033804893493652,37.00482549173948,0
41,41,87.95158861406738,0.009084939956665039,3.042889833450317,37.80386039339159,0
41,41,99.16470863302969,0.006446123123168945,3.049335956573486,38.44308831471327,0
42,42,79.19297666610451,0.008982896804810014,3.058318853378296,39.154470651770616,111.32266369402534
42,42,74.05233683312836,0.00768518447876021,3.066004037857056,39.7235765214165,0
42,42,66.19531407318823,0.006877899169921875,3.072881937026978,40.178861217133196,0
42,42,51.96550569109731,0.007009029388426846,3.079890966415405,40.54308897370656,0
42,42,37.56864372583856,0.007755994796753374,3.087646961212158,40.834471178965245,0
43,43,44.176387715187204,0.009804010391235796,3.097450971603394,41.2675769431722,101.99907589795507
43,43,55.63363415469789,0.006227970123291016,3.103678941726685,41.61406155453776,0
43,43,53.44839247477108,0.0051860809326171875,3.108865022659302,41.89124924363021,0
42,42,3.281537643487939,0.006628036499022993,3.115493059158325,41.91299939490417,-150.87424460432666
42,42,3.4814385913835504,0.004997968673705611,3.120491027832031,41.930399515923334,0
42,42,1.9532021193943472,0.00712680816650435,3.127617835998535,41.94431961273867,0
42,42,1.3819780520248854,0.008058071136475053,3.13567590713501,41.95545569019093,0
42,42,1.6491515297858024,0.005402088165282759,3.141077995300293,41.964364552152745,0
40,40,-33.74070231603438,0.01164388656616211,3.152721881866455,41.5714916417222,-171.7639542978828
40,40,-47.02874445322599,0.0066831111907958984,3.159404993057251,41.25719331337776,0
39,39,-49.69609691647504,0.009083986282349077,3.1684889793396,40.80575465070221,-110.08382982073424
39,39,-35.70481534217795,0.010114908218382901,3.178603887557983,40.44460372056177,0
37,37,-115.85978479203742,0.005946159362792969,3.184550046920776,39.75568297644942,-336.3515637530072
36,36,-96.31302088503439,0.007798910140992099,3.192348957061768,39.00454638115954,-128.22304423586934
35,35,-111.18949360971779,0.007203102111815962,3.199552059173584,38.20363710492764,-138.82907453992647
34,34,-85.71173245058343,0.009808778762816939,3.209360837936401,37.36290968394211,-101.94949077562991
32,32,-152.2672096056565,0.007044076919556108,3.216404914855957,36.29032774715369,-283.9264850228286
31,31,-170.35233066828667,0.006211042404174805,3.222615957260132,35.23226219772295,-161.00356992054049
30,30,-165.57792564477225,0.006319999694824219,3.228935956954956,34.185809758178365,-158.2278557416629
28,28,-102.21070994313935,0.012104034423828125,3.241039991378784,32.948647806542695,-165.23416325244247
28,28,-182.57583049280814,0.0054209232330317825,3.246460914611816,31.95891824523416,0
26,26,-222.9274818860493,0.005346059799195224,3.251806974411011,30.76713459618733,-374.10730053956235
25,25,-146.87665131658412,0.007853031158446822,3.259660005569458,29.613707676949865,-127.3393648673337
24,24,-135.05949215167044,0.00831294059753418,3.267972946166992,28.490966141559895,-120.29437577078613
24,24,-202.2926193567882,0.0044400691986088425,3.272413015365601,27.592772913247916,0
24,24,-110.83948218990385,0.006482839584350142,3.278895854949951,26.874218330598335,0
23,23,-114.94411431633873,0.006741046905518022,3.285636901855469,26.09937466447867,-148.34491051848778
23,23,-102.30763430308468,0.006058931350708008,3.291695833206177,25.47949973158294,0
23,23,-80.88175176681571,0.006131172180175781,3.297827005386353,24.983599785266357,0
23,23,-43.29631824387047,0.009162902832030806,3.306989908218384,24.58687982821309,0
23,23,-46.30483102123961,0.006854057312012163,3.313843965530396,24.269503862570474,0
23,23,-29.661505327103782,0.008559942245482954,3.322403907775879,24.01560309005638,0
24,24,-0.47332371197180934,0.006592988967895064,3.328996896743774,24.012482472045107,151.6762738220187
24,24,-0.28668975155314025,0.008708000183105913,3.33770489692688,24.009985977636088,0
24,24,-0.22399778561349584,0.008916139602661133,3.346621036529541,24.00798878210887,0
25,25,28.17059322441187,0.007042884826660156,3.353663921356201,24.206391025687097,141.98727149627624
26,26,58.13935078941223,0.00617003440856978,3.359833955764771,24.56511282054968,162.0736504501603
27,27,61.27104053466439,0.007947921752929243,3.3677818775177,25.052090256439747,125.81905447564898
27,27,54.16059416012076,0.0071930885314936965,3.374974966049194,25.441672205151797,0
28,28,84.43486251911297,0.006059885025025302,3.381034851074219,25.95333776412144,165.01963252938526
29,29,94.58643673275574,0.006442070007323775,3.387476921081543,26.562670211297153,155.2296076980122
29,29,109.98872539755287,0.004431962966918945,3.391908884048462,27.050136169037724,0
30,30,86.21437994328218,0.006843090057373047,3.398751974105835,27.64010893523018,146.13281304438715
32,32,114.77974223279112,0.0075969696044921875,3.406348943710327,28.512087148184143,263.26286718553854
33,33,122.28721383760605,0.007339954376220703,3.413688898086548,29.409669718547317,136.24062885727278
34,34,133.08845028734927,0.006898164749145064,3.420587062835693,30.327735774837855,144.9660940794342
35,35,131.32008663574416,0.0071158409118661226,3.427702903747559,31.262188619870287,140.53152851301604
36,36,107.44428885063908,0.008819103240965909,3.436522006988525,32.209750895896235,113.39021357124689
37,37,154.82593032549022,0.006187915802001953,3.442709922790527,33.16780071671699,161.60530168760113
37,37,123.49910705086396,0.006206035614014116,3.448915958404541,33.93424057337359,0
39,39,130.96640691674426,0.007735967636107954,3.456651926040649,34.94739245869887,258.53262243043986
39,39,113.50072129346573,0.00714111328125,3.463793039321899,35.757913966959094,0
39,39,94.26240410873399,0.006878852844239169,3.470671892166138,36.40633117356728,0
39,39,97.85585619666196,0.0053009986877436965,3.475972890853882,36.92506493885382,0
40,40,102.34258392877881,0.006009101867676225,3.481981992721558,37.54005195108306,166.41421996507262
40,40,81.06674477599907,0.006068944931029829,3.488050937652588,38.032041560866446,0
40,40,42.06827354921805,0.009356021881103072,3.497406959533691,38.42563324869316,0
41,41,83.61217873990806,0.006157875061036044,3.503564834594727,38.94050659895453,162.393681276111
40,40,17.530967946738404,0.012087106704711026,3.515651941299438,39.152405279163624,-82.73278497742092
40,40,28.43828436110957,0.005960941314698154,3.521612882614136,39.321924223330896,0
41,41,46.5931414165688,0.007203102111815962,3.528815984725952,39.65753937866472,138.82907453992647
41,41,33.88816438812578,0.007922887802124023,3.536738872528076,39.92603150293178,0
40,40,2.071900381509365,0.007140159606934038,3.54387903213501,39.94082520234542,-140.0528916789014
40,40,1.5595167483618302,0.007588863372802734,3.551467895507813,39.95266016187634,0
39,39,-43.34251358714552,0.004395961761474165,3.555863857269287,39.76212812950107,-227.48150558631215
40,40,6.11958743779642,0.0077741146087650925,3.563637971878052,39.80970250360086,128.63201153125894
40,40,6.700516708671613,0.005680084228514737,3.569318056106567,39.847762002880685,0
39,39,-18.401757282670754,0.009213924407958984,3.578531980514526,39.67820960230455,-108.53138746571443
38,38,-42.002095938087216,0.00799107551574707,3.586523056030273,39.34256768184364,-125.13960079959423
37,37,-39.5804100798706,0.011837005615234819,3.598360061645508,38.874054145474915,-84.48082500805354
37,37,-67.38985595492127,0.00556182861328125,3.603921890258789,38.49924331637993,0
35,35,-80.8310077866797,0.008658170700072798,3.612580060958862,37.799394653103946,-230.99567671762165
34,34,-92.97442351862057,0.008172988891602007,3.620753049850464,37.03951572248316,-122.35425904316722
33,33,-106.78109883956586,0.007565975189208984,3.628319025039673,36.23161257798653,-132.17066868343102
33,33,-121.12927222787482,0.005335807800292969,3.633654832839966,35.58529006238923,0
32,32,-147.35714306553604,0.004866123199463335,3.638520956039429,34.868232049911384,-205.5024007839107
31,31,-143.51016018639473,0.005390882492064986,3.643911838531494,34.09458563992911,-185.49838574146855
30,30,-113.86287162963062,0.007192134857177734,3.651103973388672,33.27566851194329,-139.0407743817543
28,28,-134.89245027016463,0.007822036743164062,3.658926010131836,32.22053480955463,-255.68788100463303
27,27,-147.22322351814864,0.007091999053955078,3.666018009185791,31.1764278476437,-141.003966919922
27,27,-115.78945716418202,0.0072138309478759766,3.673231840133667,30.341142278114965,0
26,26,-131.30977839877045,0.006612062454224077,3.679843902587891,29.47291382249197,-151.23874085024045
25,25,-100.24451155401678,0.00892400741577104,3.688767910003662,28.57833105799358,-112.05728025648433
24,24,-101.33462939244134,0.009036064147948775,3.697803974151611,27.662664846394865,-110.66765171504501
24,24,-112.47450170876178,0.006512880325318271,3.704316854476929,26.930131877115894,0
24,24,-67.15038713100166,0.008727073669432706,3.713043928146362,26.344105501692717,0
24,24,-67.89511140232345,0.006905078887940341,3.719949007034302,25.875284401354175,0
24,24,-46.28133489695681,0.008103847503661665,3.728052854537964,25.500227521083342,0
24,24,-38.981602605560184,0.007697105407715288,3.735749959945679,25.200182016866677,0
23,23,-125.00991918278386,0.0035200119018550247,3.739269971847534,24.760145613493343,-284.0899485234712
24,24,-7.173221561089914,0.021193981170653853,3.760463953018188,24.608116490794675,47.18320696560047
24,24,-16.545312855513004,0.007350921630859819,3.767814874649048,24.48649319263574,0
25,25,27.832314481552107,0.003690004348755327,3.771504878997803,24.589194554108595,271.0023906441491
25,25,15.197732524137775,0.00540614128112793,3.776911020278931,24.671355643286876,0
26,26,24.07438370459334,0.011037826538085938,3.787948846817017,24.9370845146295,90.59754622429584
27,27,54.81987310768498,0.0075261592864990234,3.795475006103516,25.3496676117036,132.8698957772357
27,27,61.294569534766104,0.005384922027587891,3.800859928131104,25.67973408936288,0
28,28,65.1115685280765,0.007127046585083008,3.807986974716187,26.143787271490307,140.31057438196234
28,28,53.10361143195695,0.006990909576416016,3.814977884292603,26.51502981719225,0
30,30,63.09824686551946,0.011046171188354048,3.826024055480957,27.212023853753802,181.05821156461846
31,31,129.45955186070506,0.0058519840240478516,3.831876039505005,27.969619083003042,170.88221633733957
32,32,110.27164254197042,0.007309913635253906,3.839185953140259,28.775695266402437,136.80052185257665
34,34,244.06685499386813,0.004281044006347212,3.843466997146606,29.82055621312195,467.1757629762124
35,35,190.56282274628103,0.005435943603516069,3.848902940750122,30.856444970497563,183.96070175437094
36,36,97.95288626058333,0.010502099990844727,3.859405040740967,31.88515597639805,95.2190515108175
38,38,152.246911715353,0.008032798767090288,3.867437839508057,33.10812478111844,248.97922355453923
39,39,185.82784372716893,0.006341218948363814,3.873779058456421,34.286499824894754,157.69838703614295
40,40,217.82626585867956,0.005245923995972124,3.879024982452393,35.429199859915805,190.6241876107642
40,40,131.64858582493267,0.006943941116333008,3.885968923568726,36.34335988793265,0
41,41,180.98002454229638,0.005146026611328125,3.891114950180054,37.274687910346124,194.32468495181615
41,41,126.04437864625991,0.005911111831665039,3.897026062011719,38.0197503282769,0
41,41,85.80206005496576,0.0069468021392817825,3.903972864151001,38.61580026262152,0
42,42,75.79421970516924,0.008929967880249023,3.91290283203125,39.29264021009722,111.982485649446
43,43,56.9349687722311,0.013023138046265093,3.925925970077515,40.034112168077776,76.78640865569187
42,42,53.7798799698879,0.007310867309569868,3.933236837387085,40.42728973446222,-136.7826767545087
42,42,61.40779145025348,0.005122184753417969,3.938359022140503,40.74183178756978,0
42,42,38.30676514277631,0.00656890869140625,3.944927930831909,40.99346543005582,0
43,43,61.05419835942718,0.0065729618072509766,3.95150089263916,41.39477234404466,152.13841633719034
43,43,37.796125288594325,0.008494138717651811,3.959995031356812,41.71581787523573,0
43,43,37.66476852297523,0.006819009780882901,3.966814041137695,41.97265430018859,0
42,42,0.8781577069270977,0.006227970123291016,3.973042011260986,41.97812344015087,-160.5659597274328
41,41,-25.33687659040583,0.007720947265625,3.980762958526611,41.782498752120695,-129.5177865612648
42,42,5.574837166861527,0.0078029632568359375,3.988565921783447,41.82599900169656,128.15644096797848
41,41,-15.510099461932327,0.010651111602783203,3.99921703338623,41.66079920135725,-93.8869140887317
41,41,-27.788176593635754,0.004755973815918413,4.003973007202148,41.5286393610858,0
40,40,-51.766809468811516,0.005905866622924805,4.009878873825073,41.22291148886864,-169.32316014694604
39,39,-58.51182371211956,0.007598161697387695,4.017477035522461,40.77832919109491,-131.61078163732782
37,37,-76.20803673732206,0.009915828704833984,4.027392864227295,40.02266335287593,-201.6977157970666
37,37,-72.56371228355314,0.008331060409545898,4.035723924636841,39.41813068230074,0
37,37,-103.96038533512439,0.004652023315430576,4.040375947952271,38.934504545840596,0
34,34,-111.70257794553989,0.008835077285765713,4.049211025238037,37.94760363667248,-339.5556035297316
32,32,-116.27966403481922,0.010229825973510742,4.059440851211548,36.758082909337986,-195.50674715081456
31,31,-156.33836211139217,0.007366180419921875,4.06680703163147,35.60646632747039,-135.75556706369755
30,30,-255.1288287205646,0.004395008087158203,4.071202039718628,34.48517306197631,-227.530866876424
30,30,-160.87723363013154,0.005575895309448242,4.076777935028076,33.58813844958105,0
29,29,-136.61340610963774,0.006716966629027432,4.083494901657104,32.67051075966484,-148.8767259432987
28,28,-171.77028332063674,0.005438089370728427,4.088932991027832,31.736408607731878,-183.88811434080034
27,27,-126.22109135932497,0.007504940032958984,4.096437931060791,30.789126886185507,-133.24556833343922
26,26,-265.6842015109502,0.0036051273345947266,4.100043058395386,29.831301508948407,-277.3827127835461
26,26,-121.70745063194117,0.006295919418334961,4.106338977813721,29.065041207158725,0
25,25,-131.92014078185312,0.006162881851196289,4.112501859664917,28.252032965726983,-162.26175093814075
24,24,-144.52446415135975,0.005884170532227451,4.118386030197144,27.40162637258159,-169.94748784438278
24,24,-93.10833100157384,0.007306814193724698,4.125692844390869,26.721301098065272,0
24,24,-141.50711729254712,0.0038461685180672944,4.129539012908936,26.17704087845222,0
24,24,-70.46744300553252,0.006178855895995206,4.135717868804932,25.74163270276178,0
24,24,-58.78751820154907,0.005925178527832031,4.141643047332764,25.393306162209427,0
24,24,-40.55059923935482,0.006871938705444336,4.148514986038208,25.114644929767543,0
24,24,-38.62331932342229,0.0057718753814697266,4.154286861419678,24.891715943814038,0
24,24,-27.94894447767871,0.006381034851074219,4.160667896270752,24.713372755051232,0
24,24,-20.2634579439413,0.007040977478027344,4.167708873748779,24.570698204040987,0
25,25,11.798848306127594,0.007277011871337891,4.174985885620117,24.656558563232792,137.41904200249002
25,25,11.626293720730112,0.005908012390136719,4.180893898010254,24.725246850586235,0
26,26,24.058776671535778,0.010596990585327148,4.191490888595581,24.980197480468988,94.36641393119896
27,27,55.52641926249631,0.007275104522705078,4.198765993118286,25.384157984375193,137.4550698040244
27,27,37.84633605753545,0.008538961410522461,4.207304954528809,25.707326387500153,0
29,29,79.98652903742973,0.008233070373535156,4.215538024902344,26.365861110000125,242.92273832966524
29,29,117.41104445145659,0.004487037658691406,4.220025062561035,26.8926888880001,0
30,30,85.76886200721027,0.007245779037475586,4.227270841598511,27.514151110400082,138.01138494949163
31,31,113.22911861409119,0.0061571598052978516,4.233428001403809,28.211320888320067,162.412545982575
32,32,96.02605645729595,0.007890939712524414,4.241318941116333,28.969056710656055,126.72761881741548
33,33,133.96459381376343,0.006017923355103427,4.247336864471436,29.775245368524846,166.17027851508976
34,34,261.43265343493226,0.003232002258299893,4.250568866729736,30.62019629481988,309.40572440256364
35,35,106.87510952003846,0.008196115493774414,4.258764982223511,31.496157035855905,122.00901765715449
36,36,115.04209104400897,0.007829904556274414,4.266594886779785,32.39692562868473,127.71547760421424
37,37,146.45143933782313,0.006286144256591797,4.272881031036377,33.317540502947786,159.08002730789653
38,38,111.79540969588194,0.008376836776733398,4.28125786781311,34.25403240235823,119.37680375693753
39,39,144.27273693538206,0.006579160690307617,4.287837028503418,35.203225921886585,151.99507157093677
40,40,126.83453871033903,0.00756382942199707,4.295400857925415,36.16258073750927,132.20816390858943
40,40,119.33938579626236,0.006431102752685547,4.301831960678101,36.93006459000742,0
41,41,71.4084473023931,0.011399030685424805,4.313230991363525,37.74405167200594,87.72675744075632
41,41,69.92364299888654,0.009312868118287021,4.322543859481812,38.39524133760475,0
