Lys=meas,Avstand=calc,Fart_IIR=calc,Ts=calc,Tid=meas,Avstand_IIR=calc,Fart=calc
Lys0=37
37,37,0,0.005,0,37,0
38,38,9.924527944725899,0.02015209197998047,0.02015209197998047,37.2,49.622639723628794
38,38,80.64999879822324,0.0019838809967041016,0.02213597297668457,37.36000000000001,0
38,38,13.509245162426716,0.009474992752075202,0.03161096572875977,37.48800000000001,0
38,38,18.239976625473005,0.005614042282104485,0.03722500801086426,37.59040000000001,0
39,39,46.056640324063174,0.006121158599853516,0.04334616661071777,37.87232000000001,163.36776505414036
38,38,3.697764437908174,0.006905794143676758,0.05025196075439453,37.89785600000001,-144.8059382012774
39,39,39.63073417442678,0.0055620670318603516,0.05581402778625488,38.11828480000001,179.7892751510995
39,39,24.850865774423138,0.007096052169799805,0.06291007995605469,38.29462784000001,0
39,39,19.612497661098526,0.007193088531494141,0.07010316848754883,38.435702272000015,0
39,39,18.048852081758266,0.00625300407409668,0.07635617256164551,38.54856181760002,0
39,39,12.666615206830361,0.007128000259399414,0.08348417282104492,38.63884945408002,0
39,39,14.657459764424011,0.004927873611450195,0.08841204643249512,38.711079563264015,0
39,39,8.336969099676173,0.0069310665130615234,0.09534311294555664,38.76886365061121,0
39,39,8.21398953430941,0.005627870559692355,0.100970983505249,38.81509092048897,0
39,39,6.42156813768978,0.005759000778198298,0.1067299842834473,38.85207273639118,0
40,40,42.87977836276903,0.005354166030883803,0.1120841503143311,39.08165818911294,186.77045019370303
40,40,29.191396216528254,0.006291866302490207,0.1183760166168213,39.26532655129036,0
40,40,19.74904687955277,0.00744009017944329,0.1258161067962646,39.41226124103228,0
40,40,16.29477494591897,0.007213830947876004,0.1330299377441406,39.52980899282583,0
40,40,11.605166811749546,0.008103132247924805,0.1411330699920654,39.62384719426066,0
40,40,12.529875056377257,0.006004095077514704,0.1471371650695801,39.69907775540853,0
40,40,7.267782075715359,0.008280992507934487,0.1554181575775146,39.75926220432683,0
40,40,7.14143503319296,0.006742000579834012,0.1621601581573486,39.807409763461465,0
40,40,17.022062995984534,0.002262830734252985,0.1644229888916016,39.84592781076917,0
39,39,-16.102012255140764,0.010507106781005804,0.1749300956726074,39.67674224861534,-95.17367823916547
39,39,-17.11773441283511,0.007906913757324219,0.1828370094299316,39.54139379889227,0
40,40,11.051933831658166,0.008299112319946289,0.1911361217498779,39.63311503911382,120.49481455945302
40,40,11.80444199896266,0.006216049194335993,0.1973521709442139,39.706492031291056,0
40,40,9.257494714903965,0.006340980529785101,0.203693151473999,39.76519362503285,0
40,40,5.902779931974754,0.007955789566040095,0.2116489410400391,39.812154900026286,0
39,39,-24.874398815581273,0.006530046463012723,0.2181789875030518,39.64972392002103,-153.1382671875564
39,39,-26.1818670955466,0.004963159561157199,0.223142147064209,39.51977913601682,0
39,39,-15.602316677248217,0.006662845611572293,0.2298049926757813,39.41582330881346,0
38,38,-54.224474888823664,0.005222082138061496,0.2350270748138428,39.13265864705077,-191.49449847053017
37,37,-45.755741548170356,0.009321928024291992,0.2443490028381348,38.70612691764062,-107.2739456252078
37,37,-34.321414653082215,0.009942054748535128,0.2542910575866699,38.3649015341125,0
37,37,-34.46709391693987,0.007920026779174805,0.2622110843658447,38.09192122729,0
36,36,-51.812297802163755,0.008074998855590765,0.2702860832214355,37.673536981832,-123.8390268387029
36,36,-98.8497797077289,0.0033860206604003906,0.2736721038818359,37.338829585465604,0
36,36,-43.2657237509558,0.006188869476318415,0.2798609733581543,37.07106366837249,0
36,36,-33.59657950498682,0.006376028060913086,0.2862370014190674,36.856850934697995,0
35,35,-71.98296873984398,0.005159139633178711,0.2913961410522461,36.4854807477584,-193.8307685198022
35,35,-34.78912221025688,0.008539915084838923,0.299936056137085,36.188384598206724,0
34,34,-70.67372684348089,0.006192922592162975,0.306128978729248,35.75070767856538,-161.47464870067662
33,33,-71.912638882023,0.0076501369476318914,0.3137791156768799,35.2005661428523,-130.71661420512885
33,33,-100.38985615869028,0.004384040832519531,0.3181631565093994,34.76045291428184,0
32,32,-106.84919435385684,0.0051670074462890625,0.3233301639556885,34.20836233142548,-193.53562200073827
31,31,-76.06391182289282,0.008435964584350641,0.3317661285400391,33.56668986514038,-118.54008987366737
31,31,-77.74311296709051,0.006603002548217662,0.3383691310882568,33.05335189211231,0
30,30,-133.66055476171869,0.004568815231323298,0.3429379463195801,32.44268151368985,-218.87512393675047
30,30,-90.85575172788884,0.005377054214477539,0.3483150005340576,31.95414521095188,0
29,29,-92.76471569121948,0.006369113922119196,0.3546841144561768,31.363316168761504,-157.00771131241908
28,28,-105.46723830810825,0.0063779354095458984,0.3610620498657227,30.690652935009204,-156.79054988598557
27,27,-109.11200654064265,0.006764888763427679,0.3678269386291504,29.952522348007363,-147.8220906463676
26,26,-113.24985684555664,0.00698018074035639,0.3748071193695068,29.16201787840589,-143.26276599378465
26,26,-78.29774912459276,0.008076906204223744,0.3828840255737305,28.529614302724713,0
26,26,-92.00061901908146,0.0054991245269774836,0.388383150100708,28.02369144217977,0
25,25,-85.5235087376119,0.007071018218994085,0.3954541683197021,27.418953153743818,-141.42234810169373
24,24,-87.54390213094982,0.007810831069946289,0.4032649993896484,26.735162522995058,-128.02734959250327
25,25,-36.980686538862976,0.0093841552734375,0.4126491546630859,26.388130018396048,106.56260162601626
25,25,-38.22498958525829,0.0072629451751708984,0.4199120998382568,26.110504014716838,0
25,25,-38.24130895683759,0.005807876586914118,0.4257199764251709,25.888403211773472,0
25,25,-28.220487312589274,0.006296157836914118,0.432016134262085,25.710722569418778,0
25,25,-20.735855006979936,0.0068550109863280695,0.4388711452484131,25.568578055535024,0
24,24,-43.706192869479466,0.007177829742431641,0.4460489749908447,25.25486244442802,-139.31787683518235
24,24,-37.15296347096436,0.00675511360168457,0.4528040885925293,25.00388995554242,0
24,24,-28.84776415518863,0.0069599151611328125,0.4597640037536621,24.80311196443394,0
24,24,-46.90844903040024,0.003424167633056696,0.4631881713867188,24.642489571547152,0
24,24,-22.543996150905368,0.005699872970580999,0.4688880443572998,24.513991657237725,0
24,24,-19.21423586380321,0.005350112915039118,0.4742381572723389,24.411193325790183,0
24,24,-9.078165128618961,0.009058952331542858,0.4832971096038818,24.32895466063215,0
25,25,20.094011216476833,0.006679058074951227,0.489976167678833,24.46316372850572,149.72171057328353
25,25,17.09165417393029,0.006281852722167969,0.496258020401001,24.570530982804577,0
25,25,10.000408697842229,0.008589029312133789,0.5048470497131348,24.65642478624366,0
26,26,37.741438524991224,0.007119894027709961,0.5119669437408447,24.92513982899493,140.4515286474902
26,26,31.7161371464861,0.00677800178527832,0.518744945526123,25.140111863195944,0
27,27,52.85903409506552,0.007037162780761719,0.5257821083068848,25.512089490556754,142.10272394633418
28,28,72.1874234817193,0.0068929195404052734,0.53267502784729,26.009671592445407,145.0764069039466
28,28,54.79156209713781,0.0072650909423828125,0.5399401187896729,26.40773727395633,0
29,29,133.244337265881,0.0038909912109375,0.5438311100006104,26.926189819165064,257.00392156862745
29,29,67.61652935880575,0.006134033203125,0.5499651432037354,27.340951855332055,0
30,30,101.00852483243555,0.005264997482299805,0.5552301406860352,27.872761484265645,189.9336140922882
31,31,91.05580711904673,0.006868839263916016,0.5620989799499512,28.498209187412517,145.58500520652552
32,32,110.84962424452068,0.006318092346191406,0.5684170722961426,29.198567349930016,158.27562264150944
32,32,87.9857738583933,0.006367921829223633,0.5747849941253662,29.758853879944013,0
33,33,100.26812314452981,0.006464958190917969,0.5812499523162842,30.407083103955213,154.68004130402716
34,34,147.8227054661656,0.004861116409301758,0.5861110687255859,31.12566648316417,205.71406150375202
34,34,95.44635077981646,0.006022930145263672,0.5921339988708496,31.700533186531338,0
34,34,80.13512403804489,0.005738973617553711,0.5978729724884033,32.16042654922507,0
36,36,138.6631503605919,0.005537986755371094,0.6034109592437744,32.92834123938006,361.14206991561906
36,36,111.75807274725238,0.005496978759765625,0.60890793800354,33.54267299150405,0
37,37,99.54747374917693,0.006946086883544922,0.615854024887085,34.23413839320324,143.9659504359168
37,37,79.64891452683929,0.006945133209228516,0.6227991580963135,34.787310714562594,0
38,38,85.86628127615678,0.007483005523681641,0.6302821636199951,35.429848571650076,133.63614350347288
38,38,84.74173741477783,0.006065845489501953,0.6363480091094971,35.943878857320065,0
39,39,64.49459689673988,0.00947713851928711,0.6458251476287842,36.555103085856054,105.5170817610063
39,39,68.15073374481112,0.007174968719482422,0.6530001163482666,37.04408246868485,0
39,39,48.69683747523417,0.008033037185668945,0.6610331535339355,37.43526597494788,0
40,40,130.32801284483062,0.003935813903808594,0.6649689674377441,37.94821277995831,254.07705354979404
39,39,29.97767969672286,0.0070171356201171875,0.6719861030578613,38.15857022396665,-142.50829029627616
40,40,68.24099907524163,0.005396842956542969,0.6773829460144043,38.52685617917332,185.29351475525712
40,40,50.866987900458376,0.005792140960693359,0.6831750869750977,38.82148494333866,0
40,40,36.62875447361922,0.006434917449951172,0.6896100044250488,39.05718795467093,0
41,41,66.94663434909646,0.0058040618896484375,0.6954140663146973,39.44575036373675,172.29313177785082
41,41,40.39656369560085,0.00769495964050293,0.7031090259552002,39.756600290989404,0
40,40,6.167416015840085,0.007893085479736328,0.7110021114349365,39.805280232791524,-126.69316740167946
41,41,36.12716123053702,0.006613969802856445,0.717616081237793,40.04422418623322,151.1951263472838
41,41,26.032107008574105,0.0073430538177490234,0.724959135055542,40.235379348986584,0
41,41,21.487062108661057,0.007117033004760742,0.7320761680603027,40.38830347918927,0
41,41,17.933395058348893,0.006821870803833008,0.7388980388641357,40.51064278335142,0
42,42,42.97036582093247,0.00693202018737793,0.7458300590515137,40.80851422668114,144.25809114359416
42,42,32.8002989299969,0.0072650909423828125,0.7530951499938965,41.04681138134491,0
41,41,-1.3242583483657568,0.007069826126098633,0.7601649761199951,41.03744910507593,-141.44619431423465
41,41,-1.0838969824818627,0.006910085678100586,0.7670750617980957,41.029959284060745,0
40,40,-29.98412177666554,0.0068700313568115234,0.7739450931549072,40.8239674272486,-145.55974318931112
40,40,-23.138523540295456,0.007122039794921875,0.7810671329498291,40.659173941798876,0
41,41,9.655385493345486,0.007059812545776367,0.7881269454956055,40.727339153439104,141.6468204383506
41,41,7.8642723103686745,0.006934165954589844,0.7950611114501953,40.781871322751286,0
40,40,-19.154290149530045,0.008163928985595703,0.803225040435791,40.62549705820103,-122.49004146954033
40,40,-15.933949670214584,0.007851123809814453,0.8110761642456055,40.50039764656082,0
40,40,-31.295308291367714,0.003197908401489258,0.8142740726470947,40.40031811724866,0
40,40,-12.340101278422226,0.00648808479309082,0.8207621574401855,40.32025449379893,0
39,39,-43.04017335891992,0.006134986877441406,0.826897144317627,40.05620359503915,-162.9995336545935
39,39,-33.78227752687801,0.00625300407409668,0.8331501483917236,39.84496287603132,0
38,38,-47.748342768578404,0.007727861404418945,0.8408780097961426,39.475970300825054,-129.40190664239657
37,37,-89.75775398990282,0.005517005920410156,0.8463950157165527,38.98077624066004,-181.25773552290406
37,37,-52.92548309797921,0.007485151290893555,0.8538801670074463,38.58462099252804,0
36,36,-95.5000323080147,0.0054128170013427734,0.8592929840087891,38.06769679402243,-184.74668546007135
36,36,-74.04524169865896,0.0055849552154541016,0.8648779392242432,37.65415743521795,0
35,35,-89.4990806541338,0.00593113899230957,0.8708090782165527,37.123325948174354,-168.6016802669132
34,34,-114.24242188655646,0.005467891693115234,0.876276969909668,36.498660758539486,-182.8858463416761
33,33,-106.85925224238291,0.006548166275024414,0.8828251361846924,35.79892860683159,-152.7145093755689
32,32,-110.56351838009968,0.006871938705444336,0.8896970748901367,35.039142885465274,-145.51934219199944
31,31,-115.4203104038598,0.006999015808105469,0.8966960906982422,34.23131430837222,-142.87723123041286
30,30,-110.3352100022561,0.007669925689697266,0.9043660163879395,33.38505144669777,-130.37935965184954
29,29,-125.03646502661678,0.007014036178588867,0.9113800525665283,32.50804115735822,-142.5712634691866
28,28,-101.28070629638522,0.00890207290649414,0.9202821254730225,31.60643292588658,-112.33338689806631
26,26,-168.31353551483633,0.006661891937255859,0.9269440174102783,30.485146340709264,-300.21501682055685
26,26,-137.49500977504928,0.006524085998535156,0.9334681034088135,29.58811707256741,0
25,25,-119.24993208327051,0.00769495964050293,0.9411630630493164,28.67049365805393,-129.95519752130133
25,25,-185.5621796173112,0.0039560794830322266,0.9451191425323486,27.936394926443143,0
25,25,-99.18767001336997,0.005920886993408203,0.9510400295257568,27.349115941154515,0
25,25,-80.24192840172738,0.005855083465576172,0.956895112991333,26.879292752923615,0
25,25,-63.39331760301165,0.005928993225097656,0.9628241062164307,26.503434202338894,0
25,25,-40.415703179662074,0.007439851760864258,0.9702639579772949,26.20274736187112,0
25,25,-47.352401284887264,0.005079984664916992,0.9753439426422119,25.962197889496895,0
24,24,-58.81761269757625,0.0066721439361572266,0.9820160865783691,25.569758311597518,-149.87686260496696
24,24,-40.152727948569236,0.007818937301635742,0.9898350238800049,25.255806649278018,0
25,25,-7.9851959386251785,0.006407022476196289,0.9962420463562012,25.204645319422415,156.07874074349718
25,25,-5.571676880560221,0.007345914840697798,1.003587961196899,25.163716255537935,0
25,25,-9.16117331022189,0.0035741329193119675,1.007162094116211,25.13097300443035,0
25,25,-4.6810156906325,0.0055959224700929955,1.012758016586304,25.10477840354428,0
25,25,-1.9626754665805466,0.010677099227905051,1.023435115814209,25.083822722835425,0
26,26,38.413815347832966,0.004770040512084961,1.028205156326294,25.26705817826834,209.6418253611236
26,26,20.450910156043687,0.007167816162109153,1.035372972488403,25.41364654261467,0
27,27,37.7426323201838,0.00840616226196289,1.043779134750366,25.73091723409174,118.96034942424414
27,27,73.8268921134446,0.0034379959106449753,1.047217130661011,25.98473378727339,0
27,27,22.915835528611908,0.008860826492309126,1.05607795715332,26.187787029818715,0
28,28,57.34851448379737,0.006319999694824885,1.062397956848145,26.550229623854975,158.2278557416462
29,29,81.67142268299344,0.0059990882873530715,1.068397045135498,27.040183699083983,166.6919958667956
30,30,74.19093617520657,0.00797891616821289,1.076375961303711,27.63214695926719,125.33030538456941
30,30,52.20645769788844,0.009071111679077148,1.085447072982788,28.105717567413752,0
31,31,268.6027300393015,0.0021550655364990234,1.087602138519287,28.684574053931,464.02301139506585
32,32,117.3197022466928,0.005651950836181863,1.093254089355469,29.347659243144804,176.9300599004402
33,33,103.2453408312745,0.007075071334839089,1.100329160690308,30.078127394515846,141.34133108676895
33,33,77.61873428762449,0.007528781890868919,1.107857942581177,30.66250191561268,0
34,34,148.7617594616316,0.004487037658690962,1.112344980239868,31.330001532490147,222.86418703509113
35,35,98.78763478546006,0.007430076599121094,1.119775056838989,32.064001225992115,134.58811449107944
35,35,100.13800692674371,0.00586390495300293,1.125638961791992,32.65120098079369,0
36,36,120.98088821234934,0.005536079406738059,1.13117504119873,33.320960784634956,180.6332472006963
37,37,110.31604873578057,0.006669998168945979,1.137845039367676,34.05676862770797,149.92507863881832
37,37,98.4669946377228,0.005978107452391912,1.143823146820068,34.64541490216637,0
39,39,102.54591934300993,0.008492946624756081,1.152316093444824,35.5163319217331,235.48952894278202
39,39,136.32096800249974,0.005110979080199973,1.157427072525024,36.213065537386484,0
39,39,91.40438960219579,0.006098031997681108,1.163525104522705,36.770452429909184,0
40,40,82.43992630650266,0.007834911346435991,1.171360015869141,37.41636194392735,127.6338628202715
40,40,34.51079897816228,0.014972925186157005,1.186332941055298,37.933089555141876,0
40,40,162.36072191239995,0.00254607200622492,1.188879013061523,38.34647164411351,0
40,40,52.153711815364495,0.006340980529786044,1.195219993591309,38.677177315290805,0
41,41,58.61282924899019,0.0079259872436519,1.203145980834961,39.14174185223265,126.16724822525072
41,41,119.92767475324376,0.0030989646911621094,1.206244945526123,39.513393481786125,0
41,41,43.37284130335791,0.006855010986327903,1.213099956512451,39.8107147854289,0
41,41,41.71453196702169,0.005702018737792969,1.218801975250244,40.04857182834312,0
41,41,35.99818669516862,0.005285978317261186,1.224087953567505,40.2388574626745,0
42,42,36.405949674099666,0.009675025939940962,1.233762979507446,40.5910859701396,103.35889600789041
42,42,39.4539574782961,0.00714206695556685,1.240905046463013,40.87286877611168,0
43,43,58.333616665341005,0.007292985916137029,1.24819803237915,41.29829502088935,137.11804897186516
42,42,21.70474926772411,0.006465911865235041,1.254663944244385,41.43863601671148,-154.65722713862712
42,42,17.195772872471014,0.006529092788696067,1.261193037033081,41.55090881336918,0
41,41,-22.69933729111866,0.004853963851928933,1.26604700088501,41.44072705069535,-206.01719141410717
41,41,-15.226252886121364,0.005789041519165039,1.271836042404175,41.35258164055629,0
41,41,-12.705856047012372,0.00554990768432595,1.277385950088501,41.282065312445035,0
41,41,-9.11208586474642,0.006191015243530051,1.283576965332031,41.225652249956035,0
41,41,-6.273309038241586,0.007194042205810991,1.290771007537842,41.18052179996483,0
41,41,-5.054494710811549,0.0071430206298830345,1.297914028167725,41.14441743997187,0
40,40,-37.41112697201152,0.006118059158324973,1.30403208732605,40.915533951977494,-163.4505280386638
39,39,-46.840587185047596,0.00817894935607888,1.312211036682129,40.53242716158199,-122.26509255210942
38,38,-63.748465811622445,0.007945060729980025,1.320156097412109,40.0259417292656,-125.86436202137301
38,38,-78.08689118566917,0.005188941955567072,1.325345039367676,39.62075338341248,0
37,37,-77.02499053367059,0.006804943084717019,1.332149982452393,39.09660270672998,-146.9520005605726
35,35,-106.18215992614239,0.007716178894042969,1.339866161346436,38.27728216538399,-259.19564948708444
35,35,-114.59228623567486,0.00571990013122492,1.345586061477661,37.62182573230719,0
33,33,-137.4944475233579,0.006722927093506081,1.352308988571167,36.697460585845754,-297.48946733809925
32,32,-203.04609393574708,0.0046269893646240234,1.356935977935791,35.7579684686766,-216.1232544958005
31,31,-158.17672238769373,0.006016016006469949,1.362951993942261,34.80637477494128,-166.2229619942078
31,31,-131.63829934067002,0.005783081054687056,1.368735074996948,34.04509981995303,0
29,29,-165.19522506911446,0.00610804557800293,1.374843120574951,33.03607985596243,-327.4369803661345
29,29,-151.1679768199419,0.005339860916138139,1.380182981491089,32.22886388476994,0
28,28,-126.00980894676498,0.0067119598388669655,1.386894941329956,31.383091107815957,-148.9877806194991
27,27,-148.8524073185394,0.005889177322387917,1.392784118652344,30.506472886252766,-169.80300392696012
26,26,-160.57698795940465,0.005612850189208984,1.398396968841553,29.605178309002213,-178.16260300739106
26,26,-111.23446963485166,0.006482124328613059,1.404879093170166,28.88414264720177,0
25,25,-112.79702999188804,0.006886959075927956,1.411766052246094,28.10731411776142,-145.2019663504765
24,24,-124.2773339589155,0.006609916687011053,1.418375968933105,27.285851294209138,-151.2878372529369
24,24,-145.83978017677452,0.004506111145019975,1.422882080078125,26.62868103536731,0
23,23,-111.77051759833451,0.006493091583251953,1.429375171661377,25.90294482829385,-154.009840640376
23,23,-106.6698769555489,0.005442857742310014,1.434818029403687,25.322355862635085,0
23,23,-59.2209781376076,0.007843017578125,1.442661046981812,24.857884690108072,0
23,23,-34.675090941394714,0.01071596145629794,1.45337700843811,24.48630775208646,0
24,24,-22.68753183701444,0.0042870044708260835,1.457664012908936,24.38904620166917,233.26311106162788
23,23,-33.05297160438001,0.008404970169066939,1.466068983078003,24.11123696133534,-118.9772217967328
23,23,-38.55778980705466,0.005764007568359153,1.471832990646362,23.888989569068276,0
24,24,2.7669677284130905,0.008023977279662864,1.479856967926025,23.911191655254623,124.62647452087703
24,24,2.9337943181109747,0.0060541629791259766,1.485911130905151,23.9289533242037,0
25,25,31.395990889881535,0.00682282447815008,1.492733955383301,24.14316265936296,146.56686584895658
25,25,46.67926075052783,0.0036711692810060814,1.496405124664307,24.31453012749037,0
25,25,20.295559989741836,0.006754875183105025,1.503159999847412,24.451624101992298,0
25,25,19.217572983393207,0.0057070255279538795,1.508867025375366,24.56129928159384,0
25,25,16.206131566090818,0.005414009094238059,1.514281034469604,24.649039425275074,0
26,26,41.876722654723935,0.0064520835876469285,1.520733118057251,24.91923154022006,154.98869263172386
27,27,79.61844158124488,0.005226850509643999,1.525959968566895,25.33538523217605,191.31980112209294
27,27,54.51415482446666,0.006107091903686079,1.532067060470581,25.66830818574084,0
28,28,64.65358346817793,0.007212877273560014,1.539279937744141,26.134646548592677,138.64092817240413
29,29,82.31336901238375,0.006962060928343838,1.546241998672485,26.707717238874142,143.63562891683625
30,30,90.84460875708288,0.007248163223267046,1.553490161895752,27.366173791099314,137.96598796091388
31,31,105.37452850730799,0.00689697265625,1.560387134552002,28.092939032879453,144.99115044247787
32,32,92.60773328043022,0.008437871932982954,1.568825006484985,28.874351226303567,118.51329434037525
34,34,140.371056472916,0.007302999496460183,1.576128005981445,29.899480981042856,273.8600763931881
34,34,115.21569802906431,0.007117986679076926,1.583245992660522,30.719584784834286,0
36,36,138.51814784307837,0.007624149322509988,1.590870141983032,31.77566782786743,262.324347989235
36,36,105.88736823584729,0.00797891616821289,1.598849058151245,32.620534262293944,0
36,36,167.42861636572195,0.0040369033813481,1.602885961532593,33.29642740983516,0
37,37,111.8714438026701,0.006621122360229048,1.609507083892822,34.03714192786813,151.03179575817512
38,38,169.27825097640815,0.0046820640563969285,1.614189147949219,34.829713542294506,213.5810163967615
39,39,126.75881709326772,0.006579875946044922,1.620769023895264,35.663770833835606,151.97854917022974
40,40,147.06447268181435,0.005897045135498047,1.626666069030762,36.531016667068485,169.57645346486618
40,40,108.71167565189496,0.006381988525389959,1.633048057556152,37.224813333654794,0
41,41,128.3426993750632,0.005882978439331055,1.638931035995483,37.97985066692384,169.98192502532928
41,41,86.9120029387165,0.006949901580810991,1.645880937576294,38.58388053353907,0
41,41,66.45859948621413,0.0072710514068601295,1.653151988983154,39.067104426831264,0
41,41,55.78251373808223,0.006930112838744895,1.660082101821899,39.45368354146501,0
41,41,45.47394431059868,0.00680088996887207,1.666882991790771,39.76294683317201,0
41,41,37.389760364915,0.006617069244384988,1.673500061035156,40.01035746653761,0
41,41,46.89179435914565,0.0042209625244140625,1.67772102355957,40.2082859732301,0
41,41,28.009694313502337,0.005653142929076926,1.683374166488647,40.36662877858408,0
41,41,18.593535940293226,0.006812810897828037,1.690186977386475,40.493303022867266,0
41,41,19.221644806006882,0.005272150039671963,1.695459127426147,40.594642418293816,0
41,41,12.035485975864667,0.006736040115356889,1.702195167541504,40.675713934635056,0
41,41,7.640243455157858,0.008488893508911133,1.710684061050415,40.740571147708046,0
42,42,40.568523714642595,0.006208896636962891,1.716892957687378,40.99245691816644,161.05921204208587
41,41,0.22816123972781602,0.006612062454224077,1.723505020141602,40.99396553453315,-151.23874085024045
40,40,-23.215244555934998,0.008563041687011053,1.732068061828613,40.795172427626525,-116.78093328879403
40,40,-21.537534428229087,0.007384061813354936,1.739452123641968,40.63613794210122,0
40,40,-21.01903194506876,0.006052970886230025,1.745505094528198,40.50891035368098,0
40,40,-15.610668315247164,0.006520032882690874,1.752025127410889,40.40712828294479,0
40,40,-19.429056612452992,0.004190921783447044,1.756216049194336,40.325702626355834,0
39,39,-40.796799798489324,0.006499052047729048,1.762715101242065,40.06056210108467,-153.8685938589195
39,39,-27.80373687622682,0.007628917694092019,1.770344018936157,39.848449680867745,0
38,38,-64.60799908551445,0.005722045898437944,1.776066064834595,39.478759744694194,-174.7626666666531
37,37,-73.53187574941536,0.006742000579833984,1.782808065414429,38.983007795755356,-148.32392672749134
36,36,-62.8473052530014,0.009492874145508035,1.792300939559937,38.38640623660429,-105.34217400039938
35,35,-110.55549502872795,0.006126165390013982,1.798427104949951,37.70912498928343,-163.23424790817108
34,34,-93.40576853923037,0.007941961288452148,1.806369066238403,36.96729999142674,-125.91348203296208
32,32,-133.5279511840021,0.0074400901794438035,1.813809156417847,35.9738399931414,-268.8139460360027
32,32,-80.53290642665469,0.009868860244751199,1.823678016662598,35.179071994513116,0
30,30,-139.2608416378218,0.007437944412231001,1.831115961074829,34.14325759561049,-268.89149597719336
29,29,-124.76077674108215,0.00824499130248979,1.839360952377319,33.1146060764884,-121.28575559540297
28,28,-177.2470687022812,0.005771160125733088,1.845132112503052,32.09168486119072,-173.27538626784747
27,27,-93.04262702057312,0.010944843292236106,1.856076955795288,31.073347888952576,-91.36722868470538
26,26,-191.51438524008023,0.005298137664794922,1.861375093460083,30.058678311162062,-188.74556745567455
24,24,-112.89929882142407,0.010732889175415039,1.872107982635498,28.84694264892965,-186.34311482328897
24,24,-156.24895042791618,0.006204128265380859,1.878312110900879,27.877554119143724,0
24,24,-97.25603678959514,0.007973909378052202,1.886286020278931,27.10204329531498,0
24,24,-89.69331725985141,0.006916999816893865,1.893203020095825,26.481634636251986,0
24,24,-98.04757047257729,0.005062103271485041,1.89826512336731,25.985307709001592,0
24,24,-67.81760039985467,0.00585484504699707,1.904119968414307,25.588246167201277,0
24,24,-51.124998097297706,0.006213188171385831,1.910333156585693,25.270596933761023,0
24,24,-43.5220073635011,0.005838871002198154,1.916172027587891,25.016477547008822,0
24,24,-28.91431564143358,0.007030963897704856,1.923202991485596,24.81318203760706,0
25,25,4.654141880117226,0.008028030395508035,1.931231021881104,24.850545630085648,124.5635542884261
25,25,2.996233833851865,0.009976148605346014,1.94120717048645,24.88043650406852,0
26,26,35.85530217416541,0.0062448978424070045,1.947452068328857,25.104349203254817,160.13072194861792
27,27,47.07899292057342,0.00805306434631392,1.955505132675171,25.483479362603852,124.17633300766109
27,27,41.922877413168685,0.007234811782837136,1.962739944458008,25.78678349008308,0
28,28,107.67155205487632,0.00411105155944802,1.966850996017456,26.22942679206647,243.24676680393358
28,28,65.22614104192333,0.005429029464721902,1.972280025482178,26.583541433653178,0
29,29,64.5256204403208,0.007489919662475142,1.979769945144653,27.066833146922544,133.51278051886834
30,30,111.78078742985339,0.005248069763183816,1.985018014907837,27.653466517538035,190.54624750135483
31,31,111.27178066213256,0.006015062332153098,1.99103307723999,28.32277321403043,166.24931626303677
32,32,116.31528670662313,0.006322860717773882,1.997355937957764,29.058218571224344,158.15625942683656
33,33,117.12262407084218,0.0067310333251950905,2.004086971282959,29.84657485697948,148.56559931992555
34,34,104.00434442431357,0.0079870223999019,2.012073993682861,30.677259885583585,125.20310447761891
35,35,332.1283413235785,0.0026030540466313035,2.014677047729492,31.54180790846687,384.16413262495735
36,36,143.55696842567173,0.006211042404174805,2.020888090133667,32.4334463267735,161.00356992054049
37,37,174.89398107863744,0.0052220821380619675,2.026110172271729,33.3467570614188,191.49449847051287
38,38,134.2582064405683,0.00693178176879794,2.033041954040527,34.27740564913504,144.2630528995163
39,39,128.67766509376753,0.007340192794800249,2.040382146835327,35.22192451930803,136.23620359241713
40,40,151.25628213117236,0.006317853927611861,2.046700000762939,36.17753961544643,158.281595531918
41,41,142.2523727461282,0.0067801475524911226,2.05348014831543,37.14203169235714,147.4894155706959
41,41,101.28625378455638,0.007617950439452681,2.061098098754883,37.91362535388572,0
42,42,219.5260649848688,0.0037229061126713425,2.064821004867554,38.730900283108575,268.6073647133845
42,42,117.50951723835733,0.00556397438049272,2.070384979248047,39.38472022648686,0
42,42,81.97039616772713,0.006381034851074219,2.076766014099121,39.90777618118949,0
43,43,97.34474223839976,0.006353139877318892,2.08311915397644,40.526220944951596,157.402484332206
44,44,64.40670756654796,0.010787010192871982,2.093906164169312,41.220976755961274,92.70409336043795
43,43,48.004145062822374,0.007411956787108931,2.101318120956421,41.57678140476902,-134.9171384457106
43,43,40.80951254043268,0.006974935531616211,2.108293056488037,41.86142512381522,0
43,43,43.51477659557837,0.005233049392699751,2.113526105880737,42.08914009905218,0
43,43,34.37951249479806,0.005298852920533115,2.11882495880127,42.271312079241746,0
44,44,58.5981546109726,0.005900144577025923,2.124725103378296,42.6170496633934,169.48737220674488
44,44,36.76563433244671,0.007523059844971147,2.132248163223267,42.893639730714725,0
44,44,28.940168405029695,0.007645845413208008,2.139894008636475,43.11491178457179,0
43,43,-4.048338647487023,0.005676984786986861,2.145570993423462,43.09192942765743,-176.1498467095178
43,43,-2.929938952441364,0.006275177001953125,2.151846170425415,43.07354354212595,0
43,43,-3.3574309976931493,0.004380941390990767,2.156227111816406,43.05883483370076,0
43,43,-1.8181704058229147,0.006471872329712358,2.162698984146118,43.04706786696061,0
42,42,-23.131974099518473,0.009052991867065874,2.171751976013184,42.83765429356849,-110.46072002317017
42,42,-36.051272424522104,0.004647016525268111,2.176398992538452,42.670123434854794,0
41,41,-47.51411112599297,0.007030010223388672,2.183429002761841,42.33609874788384,-142.24730380519568
40,40,-40.46212554775234,0.011547088623047319,2.194976091384888,41.868878998307075,-86.60191608853317
39,39,-77.54938715636092,0.007398843765257901,2.202374935150146,41.29510319864566,-135.1562530209939
38,38,-70.34670056494313,0.00936818122863814,2.211743116378784,40.636082558916534,-106.74430560150157
37,37,-103.13677974703317,0.007050991058349609,2.218794107437134,39.90886604713323,-141.82403462500847
35,35,-131.99523349653097,0.007437944412231001,2.226232051849365,38.92709283770658,-268.89149597719336
34,34,-124.64249214452897,0.007905960083008257,2.234138011932373,37.941674270165265,-126.48685162846093
32,32,-138.25901890736483,0.008594989776610884,2.242733001708984,36.753339416132214,-232.6937031900259
31,31,-210.93753956677435,0.005455017089844194,2.248188018798828,35.602671532905774,-183.3174825174676
30,30,-169.87860638439022,0.006596088409423828,2.254784107208252,34.482137226324625,-151.60500253018145
29,29,-235.13396151880977,0.004662990570067915,2.25944709777832,33.3857097810597,-214.45464771451066
28,28,-191.11894815801028,0.00563597679138228,2.265083074569702,32.30856782484776,-177.4315326367304
28,28,-138.4731869432603,0.006222963333129883,2.271306037902832,31.446854259878215,0
27,27,-158.816915953872,0.005599975585937944,2.27690601348877,30.557483407902573,-178.5722070844545
26,26,-143.22459736784438,0.006364107131958008,2.283270120620728,29.64598672632206,-157.13123290750383
25,25,-98.43249335838956,0.009439945220946822,2.292710065841675,28.71678938105765,-105.93281810375808
24,24,-142.00659346176852,0.00664305686950728,2.299353122711182,27.773431504846123,-150.53310842334707
24,24,-117.35378974903169,0.006430864334106001,2.305783987045288,27.0187452038769,0
23,23,-126.6927662339842,0.006344079971313921,2.312128067016602,26.214996163101524,-157.62726896913475
24,24,-77.59755495412622,0.005708932876586026,2.317836999893188,25.771996930481222,175.1640843600189
24,24,-77.93932270873636,0.004547119140625,2.322384119033813,25.41759754438498,0
24,24,-47.08080648351526,0.006021976470948154,2.328406095504761,25.134078035507986,0
24,24,-40.77901359375575,0.0055620670318599075,2.333968162536621,24.90726242840639,0
24,24,-25.000554710693173,0.007257938385009766,2.341226100921631,24.725809942725114,0
25,25,8.991333051783187,0.00609898567199707,2.347325086593628,24.780647954180093,163.96169031703218
25,25,7.893180878436637,0.005558013916016069,2.352883100509644,24.824518363344076,0
25,25,6.042884487294774,0.0058078765869140625,2.358690977096558,24.85961469067526,0
26,26,32.48962548867199,0.007019996643065962,2.365710973739624,25.08769175254021,142.45021056922516
27,27,54.65250839161618,0.0069980621337890625,2.372709035873413,25.470153402032167,142.8967020986645
28,28,66.71452816877022,0.007584095001220703,2.380293130874634,25.976122721625735,131.85488839987426
29,29,76.60240722470448,0.00789499282836914,2.388188123703003,26.58089817730059,126.6625596424473
30,30,99.88683186846457,0.006845951080322266,2.395034074783325,27.264718541840473,146.07174200738316
31,31,93.15004436104107,0.008019924163818803,2.403053998947144,28.01177483347238,124.68945835066793
34,34,136.49866454101135,0.008774042129516157,2.41182804107666,29.209419866777907,341.9176652808521
34,34,113.03844851111943,0.008476018905639648,2.4203040599823,30.16753589342233,0
36,36,178.8567174708477,0.006521940231323242,2.426826000213623,31.334028714737865,306.6572107475781
37,37,182.15464703683065,0.00622105598449707,2.43304705619812,32.46722297179029,160.74441421070784
38,38,268.18616457327624,0.004126071929932085,2.437173128128052,33.573778377432234,242.36126199003516
39,39,194.3488583444438,0.005584001541136807,2.442757129669189,34.65902270194579,179.08304513046699
40,40,141.95350386627447,0.00752496719360396,2.450282096862793,35.727218161556635,132.8909448070386
40,40,88.31729724083559,0.009675979614257812,2.459958076477051,36.58177452924531,0
40,40,196.55986790362144,0.0034780502319331497,2.463436126708984,37.26541962339625,0
41,41,139.9005529576931,0.005338907241822177,2.468775033950806,38.012335698717,187.30424686282777
41,41,97.08066570753394,0.0061550140380859375,2.474930047988892,38.6098685589736,0
42,42,93.81922580907685,0.007226943969726118,2.482156991958618,39.28789484717888,138.37107416205654
43,43,184.45323410610715,0.004024982452393022,2.486181974411011,40.03031587774311,248.4482881174942
43,43,99.1700477127356,0.005989074707030806,2.492171049118042,40.62425270219449,0
43,43,79.20361174925766,0.00599908828735396,2.498170137405396,41.09940216175559,0
43,43,65.96073902892833,0.005762815475462979,2.503932952880859,41.479521729404475,0
43,43,36.770825336708185,0.008270025253295898,2.512202978134155,41.783617383523584,0
44,44,71.97137362146825,0.006159067153931108,2.518362045288086,42.22689390681887,162.36224983547004
44,44,53.73904168692806,0.006598949432373047,2.524960994720459,42.5815151254551,0
43,43,11.758518058906107,0.0071179866790771484,2.532078981399536,42.66521210036408,-140.48916429408808
42,42,-14.805528115709855,0.00898599624633789,2.541064977645874,42.53216968029126,-111.28426638365615
42,42,-14.684263140845507,0.007248163223267046,2.548313140869141,42.42573574423301,0
42,42,-9.559746961719448,0.008906841278075728,2.557219982147217,42.34058859538641,0
41,41,-29.82066828237618,0.008991003036499023,2.566210985183716,42.07247087630913,-111.22229588183819
40,40,-58.626646566306505,0.0070700645446781785,2.573281049728394,41.65797670104731,-141.44142442839876
40,40,-43.528156666934834,0.007617950439453125,2.580899000167847,41.32638136083785,0
38,38,-167.74096359830645,0.003966093063354048,2.584865093231201,40.66110508867028,-504.27460174336875
37,37,-112.68648798583762,0.006497859954833984,2.591362953186035,39.92888407093623,-153.89682248477288
36,36,-164.76462704856812,0.004769086837768999,2.596132040023804,39.14310725674898,-209.68374743786478
35,35,-134.18881343175704,0.006175041198730025,2.602307081222534,38.31448580539919,-161.94223938225102
34,34,-134.85051657311377,0.006398916244506836,2.608705997467041,37.45158864431935,-156.27646335556466
32,32,-155.07372029313763,0.007030963897705078,2.615736961364746,36.361270915455485,-284.456018989488
31,31,-154.25690307514049,0.006951093673706055,2.622688055038452,35.28901673236439,-143.86225347281768
29,29,-165.41590967688452,0.007603883743285689,2.630291938781738,34.03121338589151,-263.0234847772392
28,28,-184.23759097846627,0.006547212600708008,2.636839151382446,32.82497070871321,-152.73675394195405
26,26,-201.50641942444582,0.006773948669434038,2.64361310005188,31.459976566970568,-295.2487681261245
25,25,-137.63641956085328,0.009387016296387163,2.653000116348267,30.167981253576457,-106.53012292999598
25,25,-337.239742416241,0.003064870834350142,2.656064987182617,29.134385002861166,0
24,24,-135.08026692826905,0.007601976394653764,2.663666963577271,28.107508002288935,-131.54473890543375
24,24,-102.9959780237546,0.007976055145263228,2.671643018722534,27.28600640183115,0
24,24,-97.10437732220268,0.006767988204955611,2.67841100692749,26.62880512146492,0
24,24,-109.50993530496872,0.004801034927368164,2.683212041854858,26.10304409717194,0
24,24,-66.2794925719905,0.006345987319947177,2.689558029174805,25.682435277737554,0
24,24,-70.73621707253741,0.004756927490233931,2.694314956665039,25.345948222190046,0
25,25,-10.210844179476359,0.006776094436645952,2.701091051101685,25.276758577752037,147.5776362548723
25,25,-9.458623831328564,0.005851984024046963,2.706943035125732,25.221406862201633,0
25,25,-7.354460186581908,0.006021022796630859,2.712964057922363,25.17712548976131,0
26,26,16.3367611757362,0.010073900222779208,2.723037958145142,25.34170039180905,99.26641895249166
26,26,26.55422850388329,0.004958152770996094,2.727996110916138,25.47336031344724,0
27,27,58.83122881171484,0.0051898956298828125,2.733186006546021,25.778688250757796,192.68210216832048
28,28,78.96645128698029,0.005625963211059126,2.73881196975708,26.22295060060624,177.74734076367042
28,28,60.58759066879318,0.005866050720214844,2.744678020477295,26.578360480484996,0
29,29,87.59889886382005,0.005528926849365234,2.75020694732666,27.062688384388,180.86692539887883
30,30,101.21572345224266,0.005804061889648882,2.756011009216309,27.650150707510402,172.29313177783763
31,31,89.28185986456863,0.007503986358642134,2.763514995574951,28.320120566008324,133.26250238292712
34,34,133.45549845671997,0.008512020111083984,2.772027015686035,29.456096452806662,352.44277631505236
34,34,338.45698496905084,0.002685070037841797,2.774712085723877,30.36487716224533,0
35,35,163.75601633159772,0.005661010742187056,2.780373096466064,31.291901729796265,176.64690026955563
36,36,118.54837404837197,0.007942914962768999,2.788316011428833,32.233521383837015,125.8983641002481
37,37,128.30227394228552,0.007430076599121094,2.795746088027954,33.186817107069615,134.58811449107944
39,39,151.68282845843316,0.007664918899535689,2.80341100692749,34.34945368565569,260.92904911507316
39,39,110.69949779200203,0.008402109146118164,2.811813116073608,35.27956294852456,0
40,40,365.22685863761086,0.002584934234620029,2.814398050308228,36.22365035881965,386.8570374468326
40,40,113.31896551887863,0.00666499137878418,2.821063041687012,36.978920287055715,0
40,40,97.86319682052833,0.006174087524413618,2.827237129211426,37.58313622964457,0
41,41,103.25935139027939,0.006618022918701172,2.833855152130127,38.26650898371566,151.10252900064847
41,41,69.53808827029927,0.007861852645874023,2.841717004776001,38.813207186972534,0
41,41,77.76568606428157,0.005624055862427202,2.847341060638428,39.25056574957803,0
41,41,54.036814745433425,0.00647497177123979,2.853816032409668,39.600452599662425,0
40,40,13.33139699634648,0.005994081497191939,2.85981011390686,39.680362079729946,-166.83123185236508
41,41,52.221554934809774,0.005053997039794922,2.864864110946655,39.94428966378396,197.86319464100387
41,41,34.8083490765844,0.006065845489501953,2.870929956436157,40.15543173102717,0
40,40,-4.586358515418083,0.0067780017852792085,2.877707958221436,40.12434538482174,-147.53610749584757
40,40,-2.9329791077452576,0.008479118347167969,2.886187076568604,40.099476307857394,0
40,40,-3.341479805802267,0.005954027175902876,2.892141103744507,40.07958104628592,0
40,40,-2.706455045497728,0.005880832672119141,2.898021936416626,40.06366483702873,0
40,40,-2.1267097850348664,0.005987167358397993,2.904009103775024,40.050931869622985,0
40,40,-1.3243056505309905,0.0076918601989750535,2.911700963973999,40.04074549569839,0
38,38,-49.050210570409305,0.008321046829224077,2.920022010803223,39.63259639655871,-240.3543738001648
37,37,-90.43703342865626,0.005821943283081055,2.925843954086304,39.10607711724697,-171.7639542978828
36,36,-86.66443823168606,0.0071680545806880325,2.933012008666992,38.484861693797576,-139.5078662897143
35,35,-89.68871167540722,0.007771015167236772,2.940783023834229,37.78788935503806,-128.68331594771308
34,34,-107.24330536564554,0.007064104080200195,2.947847127914429,37.03031148403045,-141.56076816632353
32,32,-167.92944586687963,0.0059909820556640625,2.953838109970093,36.02424918722436,-333.83508436803567
32,32,-186.65182420625717,0.004312038421630859,2.958150148391724,35.21939934977949,0
30,30,-188.1219177655847,0.0055489540100088774,2.963699102401733,34.17551947982359,-360.4282890779987
29,29,-142.22434682761798,0.007277965545655185,2.970977067947388,33.140415583858875,-137.40103518310582
28,28,-190.2114304811944,0.005404949188231978,2.97638201713562,32.1123324670871,-185.01561535069894
27,27,-162.99400643103476,0.006273031234740767,2.982655048370361,31.08986597366968,-159.4125650868571
26,26,-132.91274569060775,0.007658958435059038,2.99031400680542,30.071892778935744,-130.56605653093501
25,25,-282.398249970281,0.0035920143127441406,2.993906021118164,29.057514223148598,-278.39532722686846
24,24,-163.14364265494336,0.006200075149536133,3.0001060962677,28.04601137851888,-161.28836762161123
24,24,-112.8300369599966,0.0071718692779536575,3.007277965545654,27.236809102815105,0
24,24,-113.75082838015645,0.005691051483155185,3.012969017028809,26.589447282252085,0
24,24,-74.68919364398727,0.006933927536009854,3.019902944564819,26.07155782580167,0
24,24,-72.07883591182167,0.005748033523560014,3.025650978088379,25.657246260641337,0
24,24,-50.479263761749976,0.006566047668457031,3.032217025756836,25.32579700851307,0
25,25,-9.893510686318201,0.006586074829102007,3.038803100585938,25.26063760681046,151.83550535764977
25,25,-15.255279888301375,0.0034170150756831497,3.042220115661621,25.208510085448367,0
25,25,-6.299464708178439,0.006619930267333984,3.048840045928955,25.166808068358694,0
25,25,-6.797277259779465,0.004908084869384766,3.05374813079834,25.133446454686958,0
26,26,22.997905601877214,0.0075359344482421875,3.061284065246582,25.306757163749566,132.69754492533536
26,26,23.247421155757134,0.00596404075622603,3.067248106002808,25.445405730999653,0
27,27,46.5247303663651,0.006682872772215909,3.073930978775024,25.75632458479972,149.63624687836452
28,28,50.03672348092694,0.008968114852906162,3.08289909362793,26.20505966783978,111.50615445964601
28,28,68.37897742907947,0.005249977111815962,3.088149070739746,26.564047734271828,0
29,29,80.9565732891092,0.006017923355102983,3.094166994094849,27.051238187417464,166.17027851510204
30,30,78.77960104183089,0.007486104965209961,3.101653099060059,27.640990549933974,133.5808146756266
32,32,104.47136237508509,0.008344888687132901,3.109997987747192,28.512792439947184,239.66766663812157
34,34,142.1908848261367,0.007718086242676225,3.117716073989868,29.61023395195775,259.13159520571844
35,35,168.3019453124351,0.006404876708984819,3.124120950698853,30.6881871615662,156.13103037521253
37,37,154.87107660871806,0.008151054382324219,3.132272005081177,31.950549729252963,245.36702936702937
38,38,292.8074948750585,0.004132032394408736,3.136404037475586,33.160439783402374,242.01165541517804
39,39,202.02821606561147,0.00578093528747603,3.142184972763062,34.3283518267219,172.98238957395463
40,40,196.08157451182728,0.005784988403319868,3.147969961166382,35.46268146137752,172.86119353776468
40,40,134.08175077196194,0.006767988204956055,3.154737949371338,36.37014516910202,0
41,41,153.22538080762823,0.006043195724487305,3.160781145095825,37.296116135281615,165.47536197577622
41,41,137.28539156347315,0.005395889282227007,3.166177034378052,38.0368929082253,0
42,42,113.26298669569404,0.006998062133788618,3.173175096511841,38.82951432658024,142.89670209867356
43,43,104.73481269327992,0.007963895797729048,3.18113899230957,39.66361146126419,125.5666856270465
43,43,104.91698750616122,0.006360054016114169,3.187499046325684,40.33088916901135,0
43,43,64.20843815697638,0.008313894271850142,3.195812940597534,40.86471133520908,0
44,44,57.396302240741086,0.010925054550170898,3.206737995147705,41.49176906816727,91.5327237413526
44,44,118.98753639438644,0.00421595573425293,3.210953950881958,41.993415254533815,0
43,43,39.273696969744144,0.005125999450684038,3.216079950332642,42.194732203627055,-195.0839069767273
42,42,-6.619922682783035,0.005883216857910156,3.221963167190552,42.155785762901644,-169.975036472686
42,42,-4.560550329655762,0.006831884384154829,3.228795051574707,42.12462861032132,0
41,41,-31.674954866941917,0.0071010589599609375,3.235896110534668,41.89970288825706,-140.82406661294655
41,41,-24.867396527369248,0.007236003875731978,3.2431321144104,41.71976231060565,0
40,40,-39.61667410914273,0.008682012557983843,3.251814126968384,41.37580984848452,-115.18066730742237
40,40,-121.43444340778609,0.00226593017578125,3.254080057144165,41.10064787878762,0
40,40,-33.12252412979699,0.006645917892456055,3.260725975036621,40.880518303030094,0
38,38,-95.85662837569953,0.006010055541991743,3.266736030578613,40.30441464242408,-332.77562678517216
37,37,-119.72288301624566,0.005520105361939365,3.272256135940552,39.64353171393926,-181.1559625102287
35,35,-114.02367333238382,0.00814485549926669,3.280400991439819,38.714825371151406,-245.5537731983173
35,35,-220.85197609527833,0.003364086151123047,3.283765077590942,37.97186029692112,0
33,33,-132.6558112647265,0.007495880126954013,3.291260957717896,36.977488237536896,-266.81323155213124
31,31,-184.59966001293873,0.006476163864134854,3.297737121582031,35.78199059002952,-308.8247984390955
30,30,-203.48570447827876,0.005682945251465288,3.303420066833496,34.62559247202362,-175.96509481455246
28,28,-199.17397604571556,0.0066530704498291016,3.310073137283325,33.3004739776189,-300.61308009317327
27,27,-233.82828125667214,0.005388975143432617,3.315462112426758,32.04037918209512,-185.56404017165863
25,25,-186.22956241904922,0.007560968399048296,3.323023080825806,30.6323033456761,-264.5163812947216
25,25,-297.9203285451566,0.0037810802459707915,3.326804161071777,29.50584267654088,0
25,25,-163.20271123992245,0.005521774291993076,3.33232593536377,28.604674141232707,0
25,25,-127.71127397281147,0.005645036697386807,3.337970972061157,27.883739312986165,0
24,24,-113.19285202845563,0.006862163543701172,3.344833135604858,27.106991450388936,-145.72663470224447
24,24,-103.67276585783722,0.005993843078614169,3.350826978683472,26.48559316031115,0
24,24,-90.13776011297347,0.0055150985717769,3.356342077255249,25.988474528248922,0
25,25,-25.187343444806064,0.007848978042602983,3.364191055297852,25.79077962259914,127.40512135110606
25,25,-18.49328204173961,0.008552074432373047,3.372743129730225,25.632623698079314,0
25,25,-22.699141172411235,0.005573987960814986,3.37831711769104,25.506098958463454,0
26,26,11.790387672856747,0.008378028869628906,3.386695146560669,25.604879166770765,119.35981787137166
26,26,14.389033134767644,0.005491971969604048,3.392187118530273,25.683903333416612,0
27,27,39.97906581956948,0.0065839290618900925,3.398771047592163,25.947122666733293,151.88499004163378
27,27,44.30264456691385,0.00475311279296875,3.403524160385132,26.15769813338664,0
28,28,50.97080533208429,0.007228851318359375,3.410753011703491,26.526158506709315,138.33456464379947
28,28,55.64873088783062,0.005296945571899858,3.416049957275391,26.820926805367456,0
29,29,72.80305413844297,0.005986213684082031,3.422036170959473,27.25674144429397,167.0505018320854
30,30,89.2288509750515,0.006148815155028853,3.428184986114502,27.805393155435176,162.63295851106255
32,32,112.86176518963748,0.00743317604064897,3.435618162155151,28.64431452434814,269.06398947944
33,33,102.29614767494049,0.008515834808350053,3.444133996963501,29.515451619478515,117.42829945685037
36,36,135.58746334960276,0.00956511497497603,3.453699111938477,30.812361295582814,313.63972182754844
36,36,395.7176278712229,0.0026218891143789946,3.456321001052856,31.84988903646625,0
38,38,129.78835227567802,0.009477138519287998,3.465798139572144,33.079911229173,211.0341635219928
39,39,244.08386918153056,0.0048508644103999465,3.470649003982544,34.2639289833384,206.14882532194946
40,40,214.02744959941214,0.005360126495360884,3.476009130477905,35.41114318667073,186.5627613201827
41,41,176.7825376136573,0.006322860717774326,3.482331991195679,36.528914549336584,158.15625942682544
41,41,158.1005065974866,0.005656003952025923,3.487987995147705,37.42313163946927,0
42,42,144.93055960172285,0.006315946578979936,3.494303941726685,38.33850531157542,158.32939488881902
42,42,91.86984008398191,0.007971048355102095,3.502274990081787,39.070804249260334,0
41,41,97.65427774692823,0.003951072692871094,3.506226062774658,39.45664339940827,-253.09582428192132
42,42,86.7003475559907,0.005867004394530806,3.512093067169189,39.96531471952662,170.44473342003892
42,42,52.656806383844334,0.007728099822998935,3.519821166992188,40.372251775621294,0
42,42,58.270566197291174,0.005586862564086026,3.525408029556274,40.697801420497036,0
42,42,38.193187027050115,0.006819009780884233,3.532227039337158,40.95824113639763,0
42,42,26.87736586481624,0.007751941680907759,3.539978981018066,41.16659290911811,0
41,41,-5.3275994440590875,0.006253957748413086,3.546232938766479,41.133274327294494,-159.89874575883496
40,40,-34.414256038721796,0.006586074829102007,3.552819013595581,40.9066194618356,-151.83550535764977
40,40,-46.69537220181568,0.0038831233978271484,3.556702136993408,40.72529556946848,0
40,40,-22.866131300388417,0.006343841552734819,3.563045978546143,40.580236455574784,0
40,40,-20.055940389496264,0.005786180496214932,3.568832159042358,40.46418916445983,0
40,40,-17.33087474853596,0.005356788635253906,3.574188947677612,40.371351331567865,0
40,40,-11.406520508240412,0.006511211395264116,3.580700159072876,40.2970810652543,0
39,39,-42.42982608267674,0.006114006042480025,3.586814165115356,40.037664852203434,-163.5588831695642
38,38,-55.38043635351173,0.007358789443970171,3.594172954559326,39.63013188176275,-135.89191641016512
37,37,-88.06588170841138,0.005973100662231889,3.600146055221558,39.1041055054102,-167.41723546081062
35,35,-119.42877259351464,0.006872892379759854,3.607018947601318,38.283284404328164,-290.9983002047068
34,34,-136.73336563064177,0.0062651634216313035,3.613284111022949,37.42662752346253,-159.61275591748623
33,33,-190.5148173840967,0.004647016525268999,3.617931127548218,36.541302018770025,-215.1918321276281
32,32,-150.65133248338375,0.006028890609740767,3.623960018157959,35.63304161501602,-165.86799541267484
30,30,-179.79369133269785,0.0062661170959468215,3.630226135253906,34.506433292012815,-319.1769271745147
27,27,-248.9760245337883,0.006029844284058061,3.636255979537964,33.00514663361025,-497.5252856747093
26,26,-193.40254440453,0.007244110107422319,3.643500089645386,31.604117306888202,-138.04318062137122
25,25,-149.77250337534497,0.008818864822386807,3.652318954467773,30.283293845510563,-113.39327908298203
25,25,-130.30542461130824,0.008109092712402788,3.660428047180176,29.226635076408453,0
25,25,-125.97919561910363,0.006710052490234375,3.66713809967041,28.381308061126763,0
24,24,-133.07171096720484,0.006584882736206055,3.673722982406616,27.505046448901414,-151.86299286722908
24,24,-87.69001098009028,0.007994174957275835,3.681717157363892,26.804037159121133,0
25,25,-54.25699320702249,0.006649971008299893,3.688367128372192,26.44322972729691,150.37659543957264
24,24,-56.8792396865081,0.008590936660767046,3.696958065032959,25.95458378183753,-116.40174284682882
25,25,-30.208348985183527,0.006319999694824219,3.703278064727783,25.763667025470028,158.2278557416629
25,25,-19.540930723831423,0.007816076278686968,3.71109414100647,25.610933620376024,0
26,26,12.59153296545237,0.006179809570311612,3.717273950576782,25.68874689630082,161.81728395064053
27,27,38.97246412880618,0.006729125976563388,3.724003076553345,25.950997517040655,148.6077097505473
27,27,44.50571829138881,0.00471401214599565,3.728717088699341,26.160798013632522,0
27,27,32.66092834953166,0.005138874053955078,3.733855962753296,26.328638410906017,0
28,28,48.11062108697339,0.0069479942321781785,3.740803956985474,26.662910728724817,143.926429208693
29,29,61.72058228728525,0.007573127746582031,3.748377084732056,27.130328582979857,132.04583805566048
30,30,76.6275620123806,0.007489919662474698,3.755867004394531,27.704262866383885,133.51278051887624
32,32,194.5117936140867,0.004416942596435991,3.760283946990967,28.56341029310711,452.8019000323414
34,34,187.42980399457258,0.005801200866699219,3.766085147857666,29.65072823448569,344.756205819497
34,34,155.5569878330668,0.005591869354248047,3.771677017211914,30.520582587588553,0
36,36,174.64449538771976,0.0062749385833740234,3.777951955795288,31.616466070070842,318.7282191572628
37,37,196.26404082084002,0.005486011505126953,3.783437967300415,32.69317285605668,182.28179052585833
39,39,183.1464002295154,0.006887197494506836,3.790325164794922,33.95453828484534,290.39387959981997
41,41,247.51493637423658,0.005692958831787109,3.796018123626709,35.363630627876276,351.3111650892034
41,41,145.75896542929516,0.00773382186889604,3.803751945495605,36.49090450230102,0
41,41,91.61931588897134,0.009843111038208008,3.813595056533813,37.39272360184082,0
42,42,106.45247521568692,0.008656024932861772,3.822251081466675,38.31417888147266,115.52646945407879
43,43,152.90588758487863,0.006129026412964311,3.828380107879639,39.25134310517813,163.1580503364724
43,43,107.5960214095669,0.0069680213928218215,3.835348129272461,40.00107448414251,0
43,43,80.81211234733308,0.007421970367432085,3.842770099639893,40.600859587314005,0
43,43,110.33083964137532,0.0043489933013911575,3.847119092941284,41.08068766985121,0
44,44,115.50309766617715,0.005054950714111772,3.852174043655396,41.66455013588097,197.8258654843709
44,44,60.433010715495314,0.007729053497314009,3.85990309715271,42.13164010870479,0
43,43,29.267269601019215,0.005934000015259233,3.865837097167969,42.30531208696383,-168.52039053395822
43,43,21.7467051714719,0.006388902664183682,3.872225999832153,42.444249669571064,0
42,42,-10.418620403592312,0.008527994155884233,3.880753993988037,42.35539973565685,-117.26086834968217
42,42,-11.09035438482735,0.006409168243407759,3.887163162231445,42.28431978852548,0
41,41,-40.362862477829594,0.00636386871337935,3.893527030944824,42.02745583082039,-157.13711973623958
40,40,-53.90659968958947,0.007522106170654741,3.901049137115479,41.62196466465631,-132.9414896988828
39,39,-79.69647714202469,0.006579875946044034,3.907629013061523,41.097571731725054,-151.97854917025023
38,38,-74.41524431330855,0.008325099945068803,3.915954113006592,40.47805738538005,-120.11867804570068
36,36,-126.60825078347776,0.007073879241943359,3.923027992248535,39.582445908304045,-282.73029996629595
34,34,-126.49977148482223,0.008826017379760742,3.931854009628296,38.46595672664324,-226.60277154974472
32,32,-222.54288074827588,0.005810976028441939,3.937664985656738,37.1727653813146,-344.176260616282
30,30,-220.19145524339677,0.006515026092530185,3.944180011749268,35.738212305051675,-306.98265388270715
28,28,-224.2626693655665,0.006901025772093838,3.951081037521362,34.19056984404134,-289.8119882536217
26,26,-240.7916160309936,0.006803035736083984,3.957884073257446,32.55245587523308,-293.9864021868648
25,25,-186.38637220034767,0.008104085922242099,3.965988159179688,31.041964700186465,-123.39454561500222
25,25,-209.87028331142682,0.005757808685301846,3.97174596786499,29.833571760149173,0
25,25,-147.36303374797694,0.00656008720398038,3.97830605506897,28.86685740811934,0
24,24,-241.4177694318373,0.004031896591185635,3.982337951660156,27.893485926495476,-248.02223404889858
24,24,-137.01777568857148,0.005683183670044389,3.9880211353302,27.11478874119638,0
24,24,-61.333634780192355,0.010156869888305664,3.998178005218506,26.49183099295711,0
25,25,-42.95457335816533,0.006946086883544922,4.005124092102051,26.19346479436569,143.9659504359168
26,26,-4.435244518418187,0.008723974227905273,4.013848066329956,26.15477183549255,114.6266568281818
26,26,-4.128860732668021,0.007497072219848633,4.021345138549805,26.12381746839404,0
27,27,26.615795017527148,0.0065839290618896484,4.027929067611694,26.299053974715235,151.88499004164404
28,28,49.61945136761743,0.006855964660644531,4.034785032272339,26.63924317977219,145.85839476978717
29,29,54.90743213524195,0.008599042892456055,4.043384075164795,27.111394543817756,116.29201208861286
30,30,78.27178383155935,0.007380962371826172,4.050765037536621,27.689115635054208,135.48368757671685
31,31,124.02854048523773,0.005338907241821289,4.056103944778442,28.351292508043368,187.30424686285892
33,33,92.64952448725941,0.010035037994384766,4.066138982772827,29.281034006434698,199.3016868614873
35,35,147.12841992624263,0.0077741146087646484,4.073913097381592,30.42482720514776,257.2640230625326
36,36,161.2743167291284,0.006913900375366211,4.080826997756958,31.53986176411821,144.63615986758165
38,38,206.52274118377997,0.006256103515625,4.087083101272583,32.83188941129457,319.6878048780488
40,40,215.35929884065453,0.0066568851470947266,4.093739986419678,34.265511529035656,300.4408151570502
41,41,168.2139824423513,0.008007049560546875,4.101747035980225,35.612409223228525,124.88994759409242
41,41,165.6442863610597,0.006505012512207031,4.108252048492432,36.68992737858282,0
42,42,207.66488425455032,0.005114078521728516,4.11336612701416,37.75194190286626,195.53864801864802
42,42,155.15192501776852,0.0054759979248046875,4.118842124938965,38.60155352229301,0
42,42,129.41817373554022,0.005251884460449219,4.124094009399414,39.28124281783441,0
42,42,78.66782190464183,0.00691199302673251,4.131006002426147,39.82499425426753,0
42,42,68.98283715336986,0.006305932998658115,4.137311935424805,40.259995403414024,0
42,42,62.62320438887005,0.005557060241699219,4.142868995666504,40.60799632273122,0
42,42,47.78594362074965,0.005825996398925781,4.14869499206543,40.886397058184976,0
41,41,2.7829645373748533,0.008164167404173917,4.156859159469604,40.90911764654798,-122.48646438689532
41,41,2.7641363156753957,0.0065758228302010835,4.163434982299805,40.92729411723839,0
42,42,24.154477773611337,0.00888204574584961,4.172317028045654,41.14183529379071,112.58667525634831
40,40,-29.470213156651734,0.007749080657958984,4.180066108703613,40.913468235032575,-258.0951326072242
39,39,-64.17966790939631,0.005962848663330078,4.186028957366943,40.53077458802606,-167.70507796881247
38,38,-67.82210707084046,0.007462978363036221,4.19349193572998,40.024619670420854,-133.9947607181809
38,38,-55.45349124709406,0.007302045822144443,4.200793981552124,39.61969573633669,0
37,37,-93.42573170393551,0.005608081817626953,4.206402063369751,39.09575658906935,-178.3140889380155
36,36,-59.260390874719796,0.010447978973388672,4.21685004234314,38.47660527125549,-95.71229063027702
35,35,-98.1684354089669,0.007082939147949219,4.223932981491089,37.78128421700439,-141.18432745388446
32,32,-129.1185490762296,0.008955001831055576,4.232887983322144,36.625027373603515,-335.00830670923193
31,31,-208.18031247876615,0.0054039955139151274,4.23829197883606,35.500021898882814,-185.04826612550468
30,30,-153.58697636863383,0.007162094116211826,4.245454072952271,34.40001751910626,-139.62396804259254
27,27,-213.96610423591227,0.006916999816893643,4.252371072769165,32.920014015285005,-433.7140493589417
26,26,-162.11714170059463,0.008537054061889648,4.260908126831055,31.536011212228004,-117.1364258385232
25,25,-178.38377128769332,0.007328033447265625,4.26823616027832,30.228808969782406,-136.46225923997918
25,25,-161.73461930084216,0.006465911865234375,4.274702072143555,29.183047175825926,0
25,25,-113.98019555483233,0.007339954376220703,4.282042026519775,28.346437740660743,0
25,25,-105.71648114336276,0.006330966949462891,4.288372993469238,27.677150192528597,0
24,24,-153.91533118231075,0.004778146743774414,4.293151140213013,26.941720154022878,-209.28616336510154
25,25,-39.19892478953991,0.009907007217407227,4.30305814743042,26.553376123218303,100.93865665535581
25,25,-42.55327337939394,0.007300853729248047,4.310359001159668,26.242700898574643,0
