Lys=meas,Avstand=calc,Fart_IIR=calc,Ts=calc,Tid=meas,Avstand_IIR=calc,Fart=calc
Lys0=80
80,80,0,0.005,0,80,0
80,80,0,0.01810503005981445,0.01810503005981445,80.0,0
80,80,0,0.0028388500213623116,0.02094388008117676,80.0,0
80,80,0,0.011788129806518551,0.03273200988769531,80.0,0
80,80,0,0.0035219192504882743,0.03625392913818359,80.0,0
80,80,0,0.0065331459045410226,0.04278707504272461,80.0,0
79,79,-1.823266920725081,0.016453981399536133,0.05924105644226074,79.97,-60.77556402416936
80,80,2.6759621878821545,0.006749868392944336,0.06599092483520508,79.9709,148.15103669951608
79,79,-0.38520173413638137,0.010064125061035156,0.07605504989624023,79.941773,-99.36283521273572
79,79,-0.37364568211228993,0.009063959121704102,0.08511900901794434,79.91351981,0
79,79,-0.3624363116489212,0.007591962814331055,0.09271097183227539,79.8861142157,0
79,79,-0.3515632222994536,0.005337953567504883,0.09804892539978027,79.85953078922901,0
79,79,-0.34101632563046996,0.006529092788696331,0.1045780181884766,79.83374486555215,0
79,79,-0.33078583586155585,0.006428003311157199,0.1110060214996338,79.80873251958559,0
79,79,-0.3208622607857092,0.004663944244384793,0.1156699657440186,79.78447054399803,0
79,79,-0.3112363929621379,0.005186080932617104,0.1208560466766357,79.76093642767809,0
79,79,-0.30189930117327374,0.006301879882812486,0.1271579265594482,79.73810833484775,0
79,79,-0.29284232213807554,0.007471084594726618,0.1346290111541748,79.71596508480232,0
78,78,-4.428353212147241,0.007238864898681585,0.1418678760528564,79.66448613225825,-138.14320532244358
79,79,1.6462795063307576,0.005048990249633817,0.1469168663024902,79.64455154829051,198.0594040704527
79,79,1.5968911211408348,0.006123065948486384,0.1530399322509766,79.6252150018418,0
78,78,-2.6461586410991442,0.00715112686157221,0.1601910591125488,79.57645855178654,-139.83810095352513
78,78,-2.56677388186617,0.006675004959106501,0.1668660640716553,79.52916479523294,0
78,78,-2.4897706654101848,0.00496482849121091,0.1718308925628662,79.48328985137596,0
78,78,-2.415077545447879,0.005217075347900391,0.1770479679107666,79.43879115583468,0
78,78,-2.3426252190844425,0.006000041961669894,0.1830480098724365,79.39562742115965,0
78,78,-2.2723464625119094,0.007889032363891602,0.1909370422363281,79.35375859852486,0
78,78,-2.204176068636552,0.006743907928466797,0.1976809501647949,79.31314584056912,0
78,78,-2.1380507865774554,0.006987094879150418,0.2046680450439453,79.27375146535205,0
78,78,-2.073909262980132,0.007838964462280301,0.2125070095062256,79.2355389213915,0
78,78,-2.011691985090728,0.0053770542144774836,0.2178840637207031,79.19847275374975,0
78,78,-1.951341225538006,0.004742860794067411,0.2226269245147705,79.16251857113727,0
78,78,-1.8928009887718658,0.006104946136474582,0.2287318706512451,79.12764301400316,0
78,78,-1.8360169591087097,0.005351066589355524,0.2340829372406006,79.09381372358307,0
78,78,-1.7809364503354483,0.0064849853515625,0.2405679225921631,79.06099931187558,0
77,77,-7.152346468487435,0.005530118942260687,0.2460980415344238,78.99916933251932,-180.8279370554017
78,78,-3.1881747871094115,0.008000850677490318,0.2540988922119141,78.96919425254374,124.9867095774467
77,77,-6.049944167323928,0.010143995285034069,0.2642428874969482,78.91011842496744,-98.58048746092665
77,77,-5.86844584230421,0.00789308547973644,0.2721359729766846,78.85281487221842,0
77,77,-5.692392467035083,0.006048917770385687,0.2781848907470703,78.79723042605187,0
77,77,-5.521620693024031,0.007394075393676813,0.2855789661407471,78.74331351327031,0
77,77,-5.3559720722333095,0.007616043090820257,0.2931950092315674,78.6910141078722,0
77,77,-5.19529291006631,0.0075018405914306086,0.300696849822998,78.64028368463605,0
77,77,-5.0394341227643205,0.005810022354126032,0.306506872177124,78.59107517409697,0
77,77,-4.8882510990813905,0.0067651271820068914,0.3132719993591309,78.54334291887406,0
77,77,-4.741603566108949,0.007575035095214788,0.3208470344543457,78.49704263130783,0
77,77,-4.59935545912568,0.008891820907592773,0.3297388553619385,78.4521313523686,0
77,77,-4.461374795351909,0.005105018615722601,0.3348438739776611,78.40856741179753,0
77,77,-4.327533551491352,0.005753040313720703,0.3405969142913818,78.36631038944361,0
76,76,-9.50180567756048,0.005656003952026423,0.3462529182434082,78.2953210777603,-176.8032710871289
76,76,-9.216751507233665,0.00585103034973139,0.3521039485931396,78.22646144542749,0
76,76,-8.940248962016655,0.005948066711425781,0.3580520153045654,78.15966760206466,0
77,77,-4.340574367510752,0.006926059722900446,0.3649780750274658,78.12487757400272,144.38223752151347
77,77,-4.210357136485429,0.007259845733642578,0.3722379207611084,78.09113124678264,0
76,76,-7.341673927180366,0.009209156036377009,0.3814470767974854,78.02839730937916,-108.58758349298334
76,76,-7.121423709364955,0.0056269168853758655,0.3870739936828613,77.96754539009778,0
76,76,-6.907780998084006,0.006530046463012751,0.393604040145874,77.90851902839485,0
76,76,-6.700547568141486,0.008206844329833984,0.401810884475708,77.851263457543,0
76,76,-6.499531141097242,0.00635313987731928,0.4081640243530273,77.79572555381671,0
76,76,-6.304545206864324,0.006727933883666992,0.4148919582366943,77.7418537872022,0
76,76,-6.115408850658394,0.007040023803710993,0.4219319820404053,77.68959817358613,0
76,76,-5.9319465851386415,0.009012937545776312,0.4309449195861816,77.63891022837855,0
76,76,-5.753988187584482,0.006705999374389704,0.4376509189605713,77.58974292152719,0
76,76,-5.581368541956947,0.008574962615966797,0.4462258815765381,77.54205063388137,0
76,76,-5.413927485698238,0.00674200057983404,0.4529678821563721,77.49578911486493,0
75,75,-10.122377156191831,0.006159067153930553,0.4591269493103027,77.42091544141898,-162.36224983548468
75,75,-9.818705841506077,0.006143093109130915,0.4652700424194336,77.34828797817642,0
75,75,-9.524144666260895,0.006693840026855524,0.4719638824462891,77.27783933883111,0
75,75,-9.238420326273069,0.005095005035400391,0.4770588874816895,77.20950415866618,0
75,75,-8.961267716484876,0.00578999519348139,0.4828488826751709,77.14321903390619,0
75,75,-8.69242968499033,0.005306005477905329,0.4881548881530762,77.07892246288901,0
75,75,-8.43165679444062,0.007781982421875,0.4959368705749512,77.01655478900234,0
74,74,-12.908236126502953,0.006343126296997015,0.5022799968719482,76.92605814533226,-157.650967863185
74,74,-12.520989042707864,0.008691072463989258,0.5109710693359375,76.83827640097229,0
74,74,-12.145359371426627,0.005598783493041992,0.5165698528289795,76.75312810894312,0
74,74,-11.780998590283827,0.005625009536743164,0.5221948623657227,76.67053426567482,0
74,74,-11.427568632575312,0.007776021957397461,0.5299708843231201,76.59041823770457,0
74,74,-11.084741573598052,0.005772113800048828,0.535742998123169,76.51270569057343,0
73,73,-14.888457832027663,0.007252931594848633,0.5429959297180176,76.40732451985622,-137.87528352125176
73,73,-14.441804097066834,0.0075490474700927734,0.5505449771881104,76.30510478426052,0
73,73,-14.008549974154828,0.006723880767822266,0.5572688579559326,76.2059516407327,0
73,73,-13.588293474930182,0.007394075393676758,0.5646629333496094,76.10977309151072,0
73,73,-13.180644670682277,0.008152961730957031,0.5728158950805664,76.0164798987654,0
73,73,-12.785225330561808,0.003136157989501953,0.5759520530700684,75.92598550180243,0
73,73,-12.401668570644953,0.005688905715942383,0.5816409587860107,75.83820593674835,0
73,73,-12.029618513525604,0.0063190460205078125,0.5879600048065186,75.7530597586459,0
72,72,-15.942236275196318,0.007019996643066406,0.594980001449585,75.64046796588651,-142.45021056921613
73,73,-11.222442860506128,0.007072925567626953,0.6020529270172119,75.56125392690991,141.3842108811434
72,72,-16.052865501103557,0.00580596923828125,0.6078588962554932,75.45441630910261,-172.2365308804205
72,72,-15.57127953607045,0.005743980407714844,0.613602876663208,75.35078381982953,0
72,72,-15.104141149988337,0.008051156997680664,0.6216540336608887,75.25026030523463,0
72,72,-14.651016915488686,0.008386850357055664,0.6300408840179443,75.15275249607758,0
72,72,-14.211486408024024,0.003178119659423828,0.6332190036773682,75.05816992119524,0
72,72,-13.785141815783303,0.006558895111083984,0.6397778987884521,74.96642482355938,0
72,72,-13.371587561309804,0.005074977874755859,0.644852876663208,74.87743207885259,0
72,72,-12.970439934470509,0.006213188171386719,0.6510660648345947,74.79110911648701,0
72,72,-12.581326736436393,0.00612187385559082,0.6571879386901855,74.70737584299239,0
72,72,-12.203886934343302,0.008729934692382812,0.6659178733825684,74.62615456770261,0
72,72,-11.837770326313002,0.007043123245239258,0.6729609966278076,74.54736993067154,0
72,72,-11.482637216523612,0.004199981689453125,0.6771609783172607,74.47094883275139,0
72,72,-11.138158100027903,0.005754947662353516,0.6829159259796143,74.39682036776884,0
71,71,-14.978142399986096,0.0071871280670166016,0.6901030540466309,74.29491575673576,-139.13763476530104
71,71,-14.528798127986512,0.005182981491088867,0.6952860355377197,74.19606828403369,0
71,71,-14.092934184146916,0.0075948238372802734,0.702880859375,74.10018623551267,0
71,71,-13.670146158622508,0.0073850154876708984,0.7102658748626709,74.00718064844727,0
71,71,-13.260041773863833,0.0065310001373291016,0.716796875,73.91696522899385,0
71,71,-12.862240520647918,0.00645899772644043,0.7232558727264404,73.82945627212402,0
70,70,-15.904866261623667,0.008750200271606445,0.7320060729980469,73.71457258396029,-114.28309855317293
70,70,-15.427720273774957,0.008237838745117188,0.7402439117431641,73.60313540644147,0
70,70,-14.964888665561707,0.004879951477050781,0.7451238632202148,73.49504134424822,0
70,70,-14.515942005594855,0.006669044494628906,0.7517929077148438,73.39019010392077,0
70,70,-14.080463745427009,0.0044519901275634766,0.7562448978424072,73.28848440080314,0
70,70,-13.658049833064199,0.005854129791259766,0.762099027633667,73.18982986877904,0
70,70,-13.248308338072272,0.005795955657958984,0.767894983291626,73.09413497271566,0
70,70,-12.850859087930104,0.005900859832763672,0.7737958431243896,73.00131092353419,0
69,69,-15.782387145629102,0.009044170379638672,0.7828400135040283,72.88127159582815,-110.56846101123003
70,70,-11.272308319660073,0.007431983947753906,0.7902719974517822,72.7948334479533,134.55357372000512
70,70,-10.934139070070271,0.003844022750854492,0.7941160202026367,72.71098844451468,0
69,69,-15.527466587580179,0.00609588623046875,0.8002119064331055,72.59965879117924,-164.0450563204005
69,69,-15.061642589952774,0.008507966995239258,0.8087198734283447,72.49166902744385,0
69,69,-14.60979331225419,0.0041370391845703125,0.812856912612915,72.38691895662052,0
69,69,-14.171499512886564,0.005288124084472656,0.8181450366973877,72.2853113879219,0
69,69,-13.746354527499967,0.006624937057495117,0.8247699737548828,72.18675204628423,0
69,69,-13.333963891674967,0.007154941558837891,0.8319249153137207,72.0911494848957,0
69,69,-12.933944974924717,0.005895137786865234,0.8378200531005859,71.99841500034881,0
69,69,-12.545926625676975,0.003866910934448242,0.8416869640350342,71.90846255033834,0
68,68,-15.013980411326946,0.01054692268371582,0.85223388671875,71.7912086738282,-94.81438614734272
68,68,-14.563560998987137,0.003484964370727539,0.8557188510894775,71.67747241361336,0
68,68,-14.126654169017522,0.006101131439208984,0.8618199825286865,71.56714824120496,0
68,68,-13.702854543946996,0.005944013595581055,0.8677639961242676,71.46013379396882,0
68,68,-13.291768907628587,0.005584001541137695,0.8733479976654053,71.35632978014976,0
68,68,-12.893015840399729,0.006559848785400391,0.8799078464508057,71.25563988674527,0
68,68,-12.506225365187737,0.005776166915893555,0.8856840133666992,71.15797069014292,0
67,67,-15.428447409263551,0.009098052978515625,0.8947820663452148,71.03323156943863,-109.91362683438155
67,67,-14.965593986985644,0.006894826889038086,0.9016768932342529,70.91223462235547,0
67,67,-14.516626167376074,0.004186153411865234,0.9058630466461182,70.7948675836848,0
67,67,-14.081127382354792,0.007077932357788086,0.9129409790039062,70.68102155617426,0
67,67,-13.658693560884148,0.0057430267333984375,0.9186840057373047,70.57059090948903,0
66,66,-18.3475639789857,0.005883932113647461,0.9245679378509521,70.43347318220435,-169.9543741642692
67,67,-13.127806497051191,0.006424903869628906,0.930992841720581,70.33046898673823,155.64435208549799
66,66,-17.821265906085642,0.005897045135498047,0.9368898868560791,70.20055491713607,-169.57645346486618
66,66,-17.286627928903073,0.0070459842681884766,0.9439358711242676,70.074538269622,0
66,66,-16.76802909103598,0.0072650909423828125,0.9512009620666504,69.95230212153334,0
66,66,-16.2649882183049,0.007508039474487305,0.9587090015411377,69.83373305788734,0
66,66,-15.777038571755753,0.004230022430419922,0.9629390239715576,69.71872106615072,0
65,65,-20.453061184450846,0.005825996398925781,0.9687650203704834,69.5771594341662,-171.64445899492551
65,65,-19.83946934891732,0.00506901741027832,0.9738340377807617,69.43984465114121,0
65,65,-19.2442852684498,0.006853818893432617,0.9806878566741943,69.30664931160698,0
65,65,-18.666956710396306,0.005801200866699219,0.9864890575408936,69.17744983225877,0
65,65,-18.106948009084416,0.005759000778198242,0.9922480583190918,69.05212633729101,0
65,65,-17.563739568811883,0.006307840347290039,0.9985558986663818,68.93056254717229,0
64,64,-21.27892568934674,0.007071971893310103,1.005627870559692,68.78264567075712,-141.40327691997382
64,64,-20.640557918666335,0.007143974304200107,1.012771844863892,68.6391663006344,0
64,64,-20.021341181106344,0.007295131683348943,1.020066976547241,68.49999131161537,0
64,64,-19.420700945673154,0.005869865417480913,1.025936841964722,68.36499157226692,0
64,64,-18.83807991730296,0.0047512054443361595,1.030688047409058,68.23404182509891,0
63,63,-23.774626121070238,0.005452871322630948,1.036140918731689,68.07702057034595,-183.3896200428789
64,64,-18.01186207558993,0.005941152572632058,1.042082071304321,67.95470995323558,168.31750872827334
63,63,-22.40250080537472,0.006083965301513894,1.048166036605835,67.80606865463851,-164.36648640174963
63,63,-21.73042578121348,0.0070879459381101295,1.055253982543945,67.66188659499936,0
63,63,-21.078513007777076,0.006911039352416992,1.062165021896362,67.52202999714937,0
63,63,-20.44615761754376,0.0049889087677008614,1.067153930664063,67.38636909723489,0
62,62,-25.16225700591791,0.0056290626525870024,1.07278299331665,67.22477802431784,-177.64947056334864
62,62,-24.40738929574037,0.006469011306763139,1.079252004623413,67.06803468358831,0
62,62,-23.67516761686816,0.006016016006469949,1.085268020629883,66.91599364308065,0
62,62,-22.964912588362115,0.006542921066283958,1.091810941696167,66.76851383378823,0
62,62,-22.275965210711252,0.004178047180176003,1.095988988876343,66.62545841877458,0
62,62,-21.607686254389915,0.005905866622925027,1.101894855499268,66.48669466621135,0
62,62,-20.959455666758217,0.00505709648132302,1.106951951980591,66.352093826225,0
62,62,-20.33067199675547,0.006043910980223943,1.112995862960815,66.22153101143824,0
62,62,-19.720751836852806,0.007953166961669922,1.120949029922485,66.0948850810951,0
61,61,-23.956271645655093,0.006214857101441096,1.127163887023926,65.94203852866224,-160.90474546359576
61,61,-23.23758349628544,0.006389141082763006,1.133553028106689,65.79377737280237,0
61,61,-22.540455991396875,0.007570981979371005,1.14112401008606,65.6499640516183,0
60,60,-25.186551019475882,0.009029865264891912,1.150153875350952,65.48046513006975,-110.74362359403045
61,61,-18.160192005088447,0.004784107208252175,1.154937982559204,65.34605117616765,209.02541612677192
60,60,-22.087084599532616,0.006708860397338867,1.161646842956543,65.18566964088262,-149.0566118198941
60,60,-21.424472061546638,0.006442070007323997,1.168088912963867,65.03009955165614,0
60,60,-20.78173789970024,0.006468057632446067,1.174556970596313,64.87919656510645,0
60,60,-20.15828576270923,0.007347106933593972,1.181904077529907,64.73282066815327,0
59,59,-28.565793313592458,0.0033288002014160156,1.185232877731323,64.56083604810867,-300.4085374588168
60,60,-23.13354789757483,0.00655698776245095,1.191789865493774,64.4240109666654,152.5090538869952
59,59,-27.151183788213928,0.006367206573486994,1.198157072067261,64.26129063766544,-157.05474425221152
59,59,-26.33664827456751,0.0059299468994140625,1.204087018966675,64.10345191853547,0
59,59,-25.546548826330483,0.006036996841429998,1.210124015808105,63.950348360979405,0
58,58,-29.25042094190137,0.006711006164551003,1.216835021972656,63.771837910150026,-149.0089526786934
58,58,-28.37290831364433,0.006516933441161887,1.223351955413818,63.59868277284553,0
58,58,-27.521721064235,0.004875898361206055,1.228227853775024,63.43072228966016,0
58,58,-26.696069432307947,0.005674123764038974,1.233901977539063,63.267800620970355,0
57,57,-30.74259932252634,0.006188869476318137,1.240090847015381,63.079766602341245,-161.58039910625436
57,57,-29.820321342850548,0.005819082260131836,1.245909929275513,62.897373604271,0
57,57,-28.92571170256503,0.006350040435791016,1.252259969711304,62.720452396142875,0
57,57,-28.05794035148808,0.006018877029419167,1.258278846740723,62.54883882425859,0
57,57,-27.216202140943437,0.006975173950194868,1.265254020690918,62.38237365953083,0
57,57,-26.399716076715134,0.006677865982056108,1.271931886672974,62.220902449744905,0
57,57,-25.60772459441368,0.005380153656004971,1.277312040328979,62.06427537625256,0
56,56,-31.003658829244902,0.0048668384552008614,1.28217887878418,61.88234711496498,-205.47219908878782
56,56,-30.073549064367555,0.005593061447143111,1.287771940231323,61.705876701516026,0
56,56,-29.171342592436527,0.006078958511352983,1.293850898742676,61.53470040047054,0
56,56,-28.296202314663432,0.009889125823973943,1.30374002456665,61.36865938845642,0
55,55,-31.113879564763998,0.008182048797608088,1.311922073364258,61.17759960680272,-122.21877731801557
55,55,-30.18046317782108,0.005799770355223943,1.317721843719482,60.992271618598636,0
55,55,-29.275049282486446,0.006538152694703037,1.324259996414185,60.812503470040674,0
55,55,-28.39679780401185,0.006968975067138006,1.331228971481323,60.63812836593945,0
55,55,-27.544893869891492,0.006732940673827903,1.337961912155151,60.468984514961264,0
55,55,-26.718547053794747,0.006723165512085183,1.344685077667236,60.304914979512425,0
54,54,-29.68444236229239,0.007962942123412864,1.352648019790649,60.11576753012705,-125.58172400371619
54,54,-28.793909091423618,0.00717592239379905,1.359823942184448,59.932294504223236,0
54,54,-27.93009181868091,0.006200075149535911,1.366024017333984,59.75432566909654,0
54,54,-27.092189064120483,0.00804805755615301,1.374072074890137,59.581695899023636,0
53,53,-35.76164795889065,0.0031638145446770682,1.377235889434814,59.38424502205292,-316.0741522231261
53,53,-34.68879852012393,0.005727052688599077,1.382962942123413,59.192717671391335,0
53,53,-33.64813456452021,0.006670951843261941,1.389633893966675,59.0069361412496,0
53,53,-32.63869052758461,0.00556707382202104,1.395200967788696,58.826728057012105,0
52,52,-35.71030146935614,0.007405996322631836,1.402606964111328,58.62192621530174,-135.0257219199691
52,52,-34.638992425275454,0.004389047622681108,1.406996011734009,58.42326842884269,0
52,52,-33.59982265251719,0.0059299468994140625,1.412925958633423,58.23057037597741,0
52,52,-32.59182797294167,0.007682085037231001,1.420608043670654,58.04365326469809,0
52,52,-31.614073133753422,0.003242969512939897,1.423851013183594,57.86234366675714,0
51,51,-34.05699719206551,0.008846044540405051,1.432697057723999,57.656473356754425,-113.04487507748983
51,51,-33.03528727630354,0.00462985038757302,1.437326908111572,57.456779156051795,0
51,51,-32.04422865801443,0.005630970001220925,1.442957878112793,57.26307578137024,0
51,51,-31.082901798273998,0.005748033523560014,1.448705911636353,57.07518350792913,0
50,50,-35.56754579306006,0.005537986755371094,1.454243898391724,56.862928002691255,-180.57103495780953
51,51,-30.753820991445487,0.008007049560546875,1.462250947952271,56.687040162610515,124.88994759409242
49,49,-34.923235012910276,0.011783123016356978,1.474034070968628,56.4564289577322,-169.7342883736052
50,50,-29.559522321444696,0.006950855255127175,1.480984926223755,56.262736089000235,143.86718803594243
49,49,-33.50136092748329,0.006212949752807839,1.487197875976563,56.044854006330226,-160.9541425227311
49,49,-32.49632009965879,0.0065691471099851295,1.493767023086548,55.833508386140316,0
49,49,-31.521430496669023,0.007259845733641912,1.50102686882019,55.628503134556105,0
49,49,-30.575787581768953,0.008206129074097124,1.509232997894287,55.42964804051942,0
48,48,-37.73380082377968,0.003715038299560991,1.512948036193848,55.20675859930383,-269.1762289821267
48,48,-36.60178679906629,0.005242824554442915,1.518190860748291,54.99055584132471,0
48,48,-35.5037331950943,0.006051063537597878,1.524241924285889,54.78083916608497,0
48,48,-34.43862119924147,0.008674144744873047,1.532916069030762,54.57741399110241,0
47,47,-37.14059436093719,0.008031845092772993,1.540947914123535,54.35009157136933,-124.5043932557656
47,47,-36.026376530109076,0.006734132766724077,1.547682046890259,54.12958882422825,0
47,47,-34.9455852342058,0.0069189071655269,1.554600954055786,53.915701159501396,0
47,47,-33.897217677179626,0.006640911102295144,1.561241865158081,53.70823012471635,0
47,47,-32.880301146864234,0.004695177078246848,1.565937042236328,53.50698322097485,0
47,47,-31.893892112458307,0.006117820739746094,1.572054862976074,53.3117737243456,0
47,47,-30.937075349084555,0.004912137985229936,1.576967000961304,53.12242051261523,0
47,47,-30.008963088612017,0.005848884582519087,1.582815885543823,52.938747897236766,0
47,47,-29.108694195953657,0.005804061889648882,1.588619947433472,52.76058546031966,0
47,47,-28.235433370075047,0.005419015884399192,1.594038963317871,52.587767896510066,0
46,46,-31.10310245647622,0.008075952529907005,1.602114915847778,52.39013485961476,-123.82440291678078
46,46,-30.17000938278193,0.0037410259246828392,1.605855941772461,52.19843081382632,0
46,46,-29.26490910129847,0.005830049514770064,1.611685991287231,52.012477889411535,0
45,45,-33.20080780553468,0.006232023239135964,1.617918014526367,51.802103552729186,-160.46153257583882
46,46,-27.111312068777963,0.005889892578125,1.623807907104492,51.62804044614731,169.78238341968913
45,45,-30.55269374546461,0.0070509910583500535,1.630858898162842,51.42919923276289,-141.8240346249995
45,45,-29.63611293310067,0.006675004959106001,1.637533903121948,51.23632325578,0
45,45,-28.747029545107647,0.007079124450684038,1.644613027572632,51.0492335581066,0
45,45,-27.884618658754416,0.006539821624755859,1.651152849197388,50.8677565513634,0
45,45,-27.048080098991782,0.004959106445312056,1.6561119556427,50.6917238548225,0
44,44,-30.673176727119685,0.00676202774047896,1.662873983383179,50.49097213917782,-147.88463436992188
44,44,-29.752981425306093,0.005697011947632058,1.668570995330811,50.296242975002485,0
44,44,-28.860391982546908,0.005213022232054998,1.673784017562866,50.10735568575241,0
44,44,-27.9945802230705,0.006392955780029963,1.680176973342896,49.924135015179836,0
43,43,-31.615661028170226,0.006725072860717107,1.686902046203613,49.71641096472444,-148.6972737263947
44,44,-25.846336823929462,0.006222963333129883,1.693125009536743,49.54491863578271,160.69514577985518
43,43,-28.25029634146678,0.009435892105102983,1.702560901641846,49.34857107670923,-105.97832074184002
43,43,-27.402787451222775,0.001675128936767134,1.704236030578613,49.15811394440795,0
43,43,-26.58070382768609,0.009096860885619895,1.713332891464233,48.97337052607571,0
43,43,-25.783282712855506,0.00772118568420499,1.721054077148438,48.794169410293435,0
43,43,-25.00978423146984,0.005877971649169034,1.726932048797607,48.62034432798463,0
43,43,-24.259490704525746,0.00662684440612793,1.733558893203735,48.451733998145095,0
42,42,-27.099302240832557,0.00840902328491211,1.741967916488647,48.25818197820074,-118.91987524808619
42,42,-26.28632317360758,0.006814956665039951,1.748782873153687,48.07043651885471,0
42,42,-25.497733478399354,0.006350040435791016,1.755132913589478,47.888323423289066,0
41,41,-28.635931941198052,0.00768613815307595,1.762819051742554,47.68167372059039,-130.10434890502268
41,41,-27.77685398296211,0.009382963180541992,1.772202014923096,47.481223508972676,0
41,41,-26.943548363473244,0.005941867828369141,1.778143882751465,47.28678680370349,0
41,41,-26.135241912569047,0.007191181182860884,1.785335063934326,47.098183199592384,0
41,41,-25.351184655191975,0.008929014205933061,1.794264078140259,46.91523770360461,0
40,40,-29.05901275189985,0.0067138671875,1.800977945327759,46.707780572496475,-148.94545454545454
40,40,-28.187242369342854,0.006109952926635964,1.807087898254395,46.506547155321584,0
39,39,-31.37163887016149,0.007444143295288086,1.814532041549683,46.281350740661935,-134.33379239663068
39,39,-30.430489704056644,0.00926494598388583,1.823796987533569,46.06291021844208,0
39,39,-29.517575012934945,0.007415056228638139,1.831212043762207,45.85102291188881,0
39,39,-28.632047762546897,0.006814002990722878,1.83802604675293,45.64549222453215,0
39,39,-27.773086329670488,0.004971981048583984,1.842998027801514,45.44612745779619,0
39,39,-26.939893739780373,0.005625009536743164,1.848623037338257,45.252743634062305,0
39,39,-26.13169692758696,0.006337881088256836,1.854960918426514,45.065161325040435,0
39,39,-25.347746019759352,0.006166934967041016,1.861127853393555,44.88320648528922,0
38,38,-28.37609205595619,0.007918119430541992,1.869045972824097,44.67671029073055,-126.29261389298726
38,38,-27.524809294277503,0.006723880767822044,1.875769853591919,44.47640898200863,0
38,38,-26.69906501544918,0.0064470767974851295,1.882216930389404,44.282116712548365,0
37,37,-28.940971764927596,0.009859085083008035,1.892076015472412,44.06365321117191,-101.42928999806311
37,37,-28.072742611979766,0.005153894424438921,1.897229909896851,43.85174361483675,0
37,37,-27.23056033362037,0.006304979324339932,1.903534889221191,43.64619130639164,0
37,37,-26.41364352361176,0.007374048233033115,1.910908937454224,43.44680556719989,0
36,36,-29.868774050471995,0.007062911987304021,1.917971849441528,43.22340140018389,-141.58466108561962
36,36,-28.972710828957833,0.007148027420043945,1.925119876861572,43.006699358178366,0
36,36,-28.103529504089096,0.0069561004638669655,1.932075977325439,42.79649837743301,0
36,36,-27.26042361896642,0.006000041961669922,1.938076019287109,42.59260342611002,0
36,36,-26.442610910397427,0.008051872253417969,1.946127891540527,42.394825323326714,0
35,35,-29.76166410802152,0.0072951316833500535,1.953423023223877,42.17298056362691,-137.07771749786733
35,35,-28.868814184780874,0.007443904876708984,1.960866928100586,41.957791146718094,0
35,35,-28.002749759237446,0.0063190460205080345,1.967185974121094,41.749057412316546,0
34,34,-30.661613932385645,0.008574008941649947,1.975759983062744,41.51658568994705,-116.63155553084415
34,34,-29.741765514414077,0.00708889961242698,1.982848882675171,41.29108811924864,0
34,34,-28.849512548981654,0.007254123687744141,1.990103006362915,41.07235547567119,0
34,34,-27.984027172512203,0.006710052490233931,1.996813058853149,40.860184811401055,0
33,33,-31.549208286135226,0.006810903549195224,2.003623962402344,40.62437926705903,-146.82339762661297
33,33,-30.602732037551167,0.008301019668578657,2.011924982070923,40.395647889047254,0
32,32,-33.07599632874924,0.008846044540405273,2.020771026611328,40.143778452375834,-113.04487507748699
32,32,-32.08371643888676,0.00580286979675293,2.026573896408081,39.89946509880456,0
32,32,-31.121204945720155,0.008063077926635742,2.034636974334717,39.662481145840424,0
31,31,-34.75172128746395,0.006572961807251421,2.041209936141968,39.40260671146521,-152.13841633718005
31,31,-33.70916964884003,0.007359027862548828,2.048568964004517,39.150528510121255,0
31,31,-32.69789455937483,0.006654977798461914,2.055223941802979,38.906012654817616,0
31,31,-31.716957722593584,0.0067009925842280715,2.061924934387207,38.66883227517309,0
31,31,-30.765448990915775,0.004653930664062944,2.06657886505127,38.438767306917896,0
30,30,-34.54972131483678,0.006373167037962979,2.072952032089233,38.185604287710355,-156.90785978828268
30,30,-33.51322967539168,0.006865978240967241,2.0798180103302,37.94003615907904,0
30,30,-32.50783278512993,0.005959033966064897,2.085777044296265,37.70183507430667,0
30,30,-31.532597801576028,0.007126808166503906,2.092903852462769,37.47078002207747,0
29,29,-34.66932979614653,0.007348060607910156,2.100251913070679,37.21665662141514,-136.090330953926
29,29,-33.62924990226213,0.006001949310301846,2.106253862380981,36.97015692277268,0
29,29,-32.62037240519427,0.007675170898437944,2.113929033279419,36.7310522150895,0
28,28,-35.81838419582903,0.0071828365325932175,2.121111869812012,36.46912064863682,-139.22076542635313
28,28,-34.74383266995416,0.009032011032104048,2.130143880844116,36.21504702917772,0
28,28,-33.701517689855535,0.0037920475006107957,2.133935928344727,35.96859561830239,0
27,27,-37.03960529893617,0.006897926330565962,2.140833854675293,35.69953774975332,-144.97110465921023
28,28,-30.291669391009616,0.00532221794128418,2.146156072616577,35.46855161726072,187.8915916319491
27,27,-34.38467309550185,0.005997896194458008,2.152153968811035,35.2144950687429,-166.72512620741742
27,27,-33.353132902636794,0.006999969482421875,2.159153938293457,34.96806021668061,0
27,27,-32.35253891555769,0.006398916244506836,2.165552854537964,34.729018410180196,0
26,26,-35.216229134415116,0.007824182510375977,2.17337703704834,34.46714785787479,-127.8088795441387
26,26,-34.159742260382664,0.008710861206055132,2.182087898254395,34.21313342213855,0
26,26,-33.13494999257119,0.00710511207580522,2.1891930103302,33.96673941947439,0
26,26,-32.14090149279405,0.006289005279541016,2.195482015609741,33.727737236890164,0
26,26,-31.17667444801023,0.006661891937255859,2.202143907546997,33.49590511978346,0
25,25,-33.329660097153855,0.009714126586914062,2.211858034133911,33.241027966189954,-102.94286275279796
25,25,-32.32977029423924,0.0052318572998046875,2.217089891433716,32.99379712720425,0
25,25,-31.35987718541206,0.0065081119537353516,2.223598003387451,32.753983213388125,0
25,25,-30.419080869849697,0.007452964782714844,2.231050968170166,32.521363716986485,0
25,25,-29.506508443754207,0.0037279129028320312,2.234778881072998,32.295722805476885,0
25,25,-28.62131319044158,0.0054931640625,2.240272045135498,32.07685112131258,0
24,24,-32.36606590711583,0.006516933441162109,2.24678897857666,31.8345455876732,-153.4464037462501
24,24,-31.395083929902356,0.006881952285767046,2.253670930862427,31.599509220043004,0
24,24,-30.453231412005284,0.00908112525939897,2.262752056121826,31.371523943441712,0
25,25,-26.834446354238903,0.011089801788329634,2.273841857910156,31.18037822513846,90.17293718020743
24,24,-29.84669658464116,0.007858991622925249,2.281700849533081,30.964966878384303,-127.24278736764745
24,24,-28.951295687101922,0.006167173385620117,2.287868022918701,30.75601787203277,0
24,24,-28.082756816488864,0.005120038986205611,2.292988061904907,30.553337335871785,0
24,24,-27.240274111994196,0.005771875381470171,2.298759937286377,30.35673721579563,0
24,24,-26.42306588863437,0.005410909652709961,2.304170846939087,30.166035099321757,0
24,24,-25.630373911975337,0.009762048721313032,2.3139328956604,29.981054046342102,0
23,23,-29.587971597027284,0.006347179412842241,2.320280075073242,29.77162242495184,-157.55029674704028
