Lys=meas,Avstand=calc,Fart_IIR=calc,Ts=calc,Tid=meas,Avstand_IIR=calc,Fart=calc
Lys0=37
37,37,0,0.005,0,37,0
38,38,9.924527944725899,0.02015209197998047,0.02015209197998047,37.20000000000001,49.6226397236288
38,38,80.64999879822324,0.001983880996704102,0.02213597297668457,37.36000000000001,0
38,38,13.50924516242673,0.009474992752075195,0.03161096572875977,37.48800000000001,0
38,38,18.23997662547298,0.005614042282104492,0.03722500801086426,37.59040000000001,0
39,39,46.05664032406318,0.006121158599853516,0.04334616661071777,37.87232000000001,163.3677650541404
38,38,3.697764437908174,0.006905794143676758,0.05025196075439453,37.89785600000001,-144.8059382012774
39,39,39.63073417442678,0.005562067031860352,0.05581402778625488,38.11828480000001,179.7892751510995
39,39,24.85086577442314,0.007096052169799805,0.06291007995605469,38.29462784000001,0
39,39,19.61249766109853,0.007193088531494141,0.07010316848754883,38.43570227200002,0
39,39,18.04885208175827,0.00625300407409668,0.07635617256164551,38.54856181760002,0
39,39,12.66661520683036,0.007128000259399414,0.08348417282104492,38.63884945408002,0
39,39,14.65745976442401,0.004927873611450195,0.08841204643249512,38.71107956326401,0
39,39,8.336969099676173,0.006931066513061523,0.09534311294555664,38.76886365061121,0
39,39,8.21398953430937,0.005627870559692383,0.100970983505249,38.81509092048897,0
39,39,6.421568137689842,0.005759000778198242,0.1067299842834473,38.85207273639118,0
40,40,42.87977836276914,0.005354166030883789,0.1120841503143311,39.08165818911295,186.7704501937035
40,40,29.19139621652812,0.006291866302490234,0.1183760166168213,39.26532655129036,0
40,40,19.74904687955259,0.007440090179443359,0.1258161067962646,39.41226124103228,0
40,40,16.29477494591903,0.007213830947875977,0.1330299377441406,39.52980899282583,0
40,40,11.60516681174955,0.008103132247924805,0.1411330699920654,39.62384719426066,0
40,40,12.52987505637738,0.006004095077514648,0.1471371650695801,39.69907775540853,0
40,40,7.267782075715285,0.00828099250793457,0.1554181575775146,39.75926220432683,0
40,40,7.14143503319299,0.006742000579833984,0.1621601581573486,39.80740976346146,0
40,40,17.02206299598495,0.00226283073425293,0.1644229888916016,39.84592781076917,0
39,39,-16.10201225514068,0.01050710678100586,0.1749300956726074,39.67674224861534,-95.17367823916498
39,39,-17.11773441283511,0.007906913757324219,0.1828370094299316,39.54139379889227,0
40,40,11.05193383165817,0.008299112319946289,0.1911361217498779,39.63311503911382,120.494814559453
40,40,11.80444199896277,0.006216049194335938,0.1973521709442139,39.70649203129106,0
40,40,9.257494714903883,0.006340980529785156,0.203693151473999,39.76519362503285,0
40,40,5.902779931974796,0.007955789566040039,0.2116489410400391,39.81215490002629,0
39,39,-24.87439881558138,0.006530046463012695,0.2181789875030518,39.64972392002103,-153.1382671875571
39,39,-26.18186709554646,0.004963159561157227,0.223142147064209,39.51977913601683,0
39,39,-15.60231667724828,0.006662845611572266,0.2298049926757813,39.41582330881346,0
38,38,-54.22447488882338,0.005222082138061523,0.2350270748138428,39.13265864705077,-191.4944984705292
37,37,-45.75574154817036,0.009321928024291992,0.2443490028381348,38.70612691764062,-107.2739456252078
37,37,-34.32141465308212,0.009942054748535156,0.2542910575866699,38.3649015341125,0
37,37,-34.46709391693987,0.007920026779174805,0.2622110843658447,38.09192122729,0
36,36,-51.81229780216341,0.00807499885559082,0.2702860832214355,37.673536981832,-123.839026838702
36,36,-98.84977970772891,0.003386020660400391,0.2736721038818359,37.33882958546561,0
36,36,-43.26572375095619,0.006188869476318359,0.2798609733581543,37.07106366837249,0
36,36,-33.59657950498682,0.006376028060913086,0.2862370014190674,36.856850934698,0
35,35,-71.98296873984399,0.005159139633178711,0.2913961410522461,36.48548074775841,-193.8307685198022
35,35,-34.78912221025711,0.008539915084838867,0.299936056137085,36.18838459820672,0
34,34,-70.67372684347963,0.006192922592163086,0.306128978729248,35.75070767856538,-161.4746487006737
33,33,-71.91263888202352,0.007650136947631836,0.3137791156768799,35.20056614285231,-130.7166142051298
33,33,-100.3898561586903,0.004384040832519531,0.3181631565093994,34.76045291428184,0
32,32,-106.8491943538568,0.005167007446289063,0.3233301639556885,34.20836233142548,-193.5356220007383
31,31,-76.06391182289332,0.008435964584350586,0.3317661285400391,33.56668986514038,-118.5400898736682
31,31,-77.74311296708921,0.006603002548217773,0.3383691310882568,33.05335189211231,0
30,30,-133.6605547617203,0.004568815231323242,0.3429379463195801,32.44268151368985,-218.8751239367531
30,30,-90.85575172788884,0.005377054214477539,0.3483150005340576,31.95414521095188,0
29,29,-92.76471569122029,0.006369113922119141,0.3546841144561768,31.3633161687615,-157.0077113124204
28,28,-105.4672383081082,0.006377935409545898,0.3610620498657227,30.69065293500921,-156.7905498859856
27,27,-109.1120065406418,0.006764888763427734,0.3678269386291504,29.95252234800736,-147.8220906463664
26,26,-113.2498568455558,0.006980180740356445,0.3748071193695068,29.16201787840589,-143.2627659937835
26,26,-78.29774912459384,0.008076906204223633,0.3828840255737305,28.52961430272472,0
26,26,-92.00061901908052,0.005499124526977539,0.388383150100708,28.02369144217977,0
25,25,-85.52350873761123,0.007071018218994141,0.3954541683197021,27.41895315374382,-141.4223481016926
24,24,-87.54390213094982,0.007810831069946289,0.4032649993896484,26.73516252299506,-128.0273495925033
25,25,-36.98068653886298,0.0093841552734375,0.4126491546630859,26.38813001839605,106.5626016260163
25,25,-38.22498958525829,0.007262945175170898,0.4199120998382568,26.11050401471684,0
25,25,-38.24130895683796,0.005807876586914063,0.4257199764251709,25.88840321177347,0
25,25,-28.22048731258953,0.006296157836914063,0.432016134262085,25.71072256941878,0
25,25,-20.73585500697977,0.006855010986328125,0.4388711452484131,25.56857805553503,0
24,24,-43.70619286947947,0.007177829742431641,0.4460489749908447,25.25486244442802,-139.3178768351824
24,24,-37.15296347096436,0.00675511360168457,0.4528040885925293,25.00388995554242,0
24,24,-28.84776415518863,0.006959915161132813,0.4597640037536621,24.80311196443394,0
24,24,-46.90844903040101,0.003424167633056641,0.4631881713867188,24.64248957154715,0
24,24,-22.54399615090515,0.005699872970581055,0.4688880443572998,24.51399165723773,0
24,24,-19.21423586380341,0.005350112915039063,0.4742381572723389,24.41119332579019,0
24,24,-9.078165128618849,0.009058952331542969,0.4832971096038818,24.32895466063215,0
25,25,20.094011216477,0.006679058074951172,0.489976167678833,24.46316372850572,149.7217105732848
25,25,17.09165417393029,0.006281852722167969,0.496258020401001,24.57053098280458,0
25,25,10.00040869784223,0.008589029312133789,0.5048470497131348,24.65642478624366,0
26,26,37.74143852499122,0.007119894027709961,0.5119669437408447,24.92513982899493,140.4515286474902
26,26,31.7161371464861,0.00677800178527832,0.518744945526123,25.14011186319594,0
27,27,52.85903409506552,0.007037162780761719,0.5257821083068848,25.51208949055676,142.1027239463342
28,28,72.18742348171931,0.006892919540405273,0.53267502784729,26.00967159244541,145.0764069039466
28,28,54.79156209713782,0.007265090942382813,0.5399401187896729,26.40773727395633,0
29,29,133.244337265881,0.0038909912109375,0.5438311100006104,26.92618981916507,257.0039215686275
29,29,67.61652935880575,0.006134033203125,0.5499651432037354,27.34095185533206,0
30,30,101.0085248324356,0.005264997482299805,0.5552301406860352,27.87276148426565,189.9336140922882
31,31,91.05580711904674,0.006868839263916016,0.5620989799499512,28.49820918741252,145.5850052065255
32,32,110.8496242445207,0.006318092346191406,0.5684170722961426,29.19856734993002,158.2756226415095
32,32,87.9857738583933,0.006367921829223633,0.5747849941253662,29.75885387994401,0
33,33,100.2681231445298,0.006464958190917969,0.5812499523162842,30.40708310395521,154.6800413040271
34,34,147.8227054661656,0.004861116409301758,0.5861110687255859,31.12566648316417,205.714061503752
34,34,95.44635077981646,0.006022930145263672,0.5921339988708496,31.70053318653134,0
34,34,80.13512403804489,0.005738973617553711,0.5978729724884033,32.16042654922507,0
36,36,138.6631503605919,0.005537986755371094,0.6034109592437744,32.92834123938006,361.1420699156191
36,36,111.7580727472524,0.005496978759765625,0.60890793800354,33.54267299150405,0
37,37,99.54747374917694,0.006946086883544922,0.615854024887085,34.23413839320324,143.9659504359168
37,37,79.64891452683929,0.006945133209228516,0.6227991580963135,34.78731071456259,0
38,38,85.86628127615679,0.007483005523681641,0.6302821636199951,35.42984857165008,133.6361435034729
38,38,84.74173741477783,0.006065845489501953,0.6363480091094971,35.94387885732007,0
39,39,64.49459689673988,0.009477138519287109,0.6458251476287842,36.55510308585606,105.5170817610063
39,39,68.15073374481113,0.007174968719482422,0.6530001163482666,37.04408246868485,0
39,39,48.69683747523418,0.008033037185668945,0.6610331535339355,37.43526597494788,0
40,40,130.3280128448306,0.003935813903808594,0.6649689674377441,37.94821277995831,254.077053549794
39,39,29.97767969672286,0.007017135620117188,0.6719861030578613,38.15857022396665,-142.5082902962762
40,40,68.24099907524164,0.005396842956542969,0.6773829460144043,38.52685617917333,185.2935147552571
40,40,50.86698790045838,0.005792140960693359,0.6831750869750977,38.82148494333866,0
40,40,36.62875447361922,0.006434917449951172,0.6896100044250488,39.05718795467093,0
41,41,66.94663434909646,0.005804061889648438,0.6954140663146973,39.44575036373675,172.2931317778508
41,41,40.39656369560085,0.00769495964050293,0.7031090259552002,39.75660029098941,0
40,40,6.167416015840085,0.007893085479736328,0.7110021114349365,39.80528023279152,-126.6931674016795
41,41,36.12716123053702,0.006613969802856445,0.717616081237793,40.04422418623323,151.1951263472838
41,41,26.03210700857411,0.007343053817749023,0.724959135055542,40.23537934898658,0
41,41,21.48706210866106,0.007117033004760742,0.7320761680603027,40.38830347918927,0
41,41,17.93339505834889,0.006821870803833008,0.7388980388641357,40.51064278335143,0
42,42,42.97036582093248,0.00693202018737793,0.7458300590515137,40.80851422668114,144.2580911435942
42,42,32.8002989299969,0.007265090942382813,0.7530951499938965,41.04681138134491,0
41,41,-1.324258348365757,0.007069826126098633,0.7601649761199951,41.03744910507593,-141.4461943142346
41,41,-1.083896982481863,0.006910085678100586,0.7670750617980957,41.02995928406075,0
40,40,-29.98412177666554,0.006870031356811523,0.7739450931549072,40.8239674272486,-145.5597431893111
40,40,-23.13852354029545,0.007122039794921875,0.7810671329498291,40.65917394179888,0
41,41,9.655385493345486,0.007059812545776367,0.7881269454956055,40.7273391534391,141.6468204383506
41,41,7.864272310368674,0.006934165954589844,0.7950611114501953,40.78187132275128,0
40,40,-19.15429014953005,0.008163928985595703,0.803225040435791,40.62549705820103,-122.4900414695403
40,40,-15.93394967021458,0.007851123809814453,0.8110761642456055,40.50039764656082,0
40,40,-31.29530829136772,0.003197908401489258,0.8142740726470947,40.40031811724866,0
40,40,-12.34010127842223,0.00648808479309082,0.8207621574401855,40.32025449379893,0
39,39,-43.04017335891992,0.006134986877441406,0.826897144317627,40.05620359503915,-162.9995336545935
39,39,-33.78227752687801,0.00625300407409668,0.8331501483917236,39.84496287603132,0
38,38,-47.74834276857841,0.007727861404418945,0.8408780097961426,39.47597030082505,-129.4019066423966
37,37,-89.75775398990283,0.005517005920410156,0.8463950157165527,38.98077624066005,-181.257735522904
37,37,-52.92548309797922,0.007485151290893555,0.8538801670074463,38.58462099252804,0
36,36,-95.50003230801471,0.005412817001342773,0.8592929840087891,38.06769679402244,-184.7466854600714
36,36,-74.04524169865896,0.005584955215454102,0.8648779392242432,37.65415743521795,0
35,35,-89.4990806541338,0.00593113899230957,0.8708090782165527,37.12332594817436,-168.6016802669132
34,34,-114.2424218865565,0.005467891693115234,0.876276969909668,36.49866075853949,-182.8858463416761
33,33,-106.8592522423829,0.006548166275024414,0.8828251361846924,35.79892860683159,-152.7145093755689
32,32,-110.5635183800997,0.006871938705444336,0.8896970748901367,35.03914288546528,-145.5193421919994
31,31,-115.4203104038598,0.006999015808105469,0.8966960906982422,34.23131430837222,-142.8772312304129
30,30,-110.3352100022561,0.007669925689697266,0.9043660163879395,33.38505144669778,-130.3793596518495
29,29,-125.0364650266168,0.007014036178588867,0.9113800525665283,32.50804115735822,-142.5712634691866
28,28,-101.2807062963852,0.008902072906494141,0.9202821254730225,31.60643292588658,-112.3333868980663
26,26,-168.3135355148363,0.006661891937255859,0.9269440174102783,30.48514634070926,-300.2150168205568
26,26,-137.4950097750493,0.006524085998535156,0.9334681034088135,29.58811707256741,0
25,25,-119.2499320832705,0.00769495964050293,0.9411630630493164,28.67049365805393,-129.9551975213013
25,25,-185.5621796173112,0.003956079483032227,0.9451191425323486,27.93639492644314,0
25,25,-99.18767001336997,0.005920886993408203,0.9510400295257568,27.34911594115452,0
25,25,-80.24192840172738,0.005855083465576172,0.956895112991333,26.87929275292362,0
25,25,-63.39331760301166,0.005928993225097656,0.9628241062164307,26.5034342023389,0
25,25,-40.41570317966207,0.007439851760864258,0.9702639579772949,26.20274736187112,0
25,25,-47.35240128488726,0.005079984664916992,0.9753439426422119,25.9621978894969,0
24,24,-58.81761269757625,0.006672143936157227,0.9820160865783691,25.56975831159752,-149.876862604967
24,24,-40.15272794856924,0.007818937301635742,0.9898350238800049,25.25580664927802,0
25,25,-7.985195938625179,0.006407022476196289,0.9962420463562012,25.20464531942242,156.0787407434972
25,25,-5.571676880559885,0.007345914840698242,1.003587961196899,25.16371625553794,0
25,25,-9.161173310223029,0.003574132919311523,1.007162094116211,25.13097300443035,0
25,25,-4.681015690632686,0.005595922470092773,1.012758016586304,25.10477840354428,0
25,25,-1.962675466580506,0.01067709922790527,1.023435115814209,25.08382272283542,0
26,26,38.41381534783297,0.004770040512084961,1.028205156326294,25.26705817826834,209.6418253611236
26,26,20.45091015604306,0.007167816162109375,1.035372972488403,25.41364654261467,0
27,27,37.7426323201838,0.008406162261962891,1.043779134750366,25.73091723409174,118.9603494242441
27,27,73.82689211345414,0.003437995910644531,1.047217130661011,25.9847337872734,0
27,27,22.91583552861076,0.00886082649230957,1.05607795715332,26.18778702981872,0
28,28,57.34851448380343,0.006319999694824219,1.062397956848145,26.55022962385498,158.2278557416629
29,29,81.6714226829874,0.005999088287353516,1.068397045135498,27.04018369908399,166.6919958667832
30,30,74.19093617520658,0.007978916168212891,1.076375961303711,27.63214695926719,125.3303053845694
30,30,52.20645769788844,0.009071111679077148,1.085447072982788,28.10571756741375,0
31,31,268.6027300393015,0.002155065536499023,1.087602138519287,28.684574053931,464.0230113950659
32,32,117.3197022466974,0.005651950836181641,1.093254089355469,29.34765924314481,176.9300599004471
33,33,103.2453408312777,0.007075071334838867,1.100329160690308,30.07812739451585,141.3413310867734
33,33,77.61873428762219,0.007528781890869141,1.107857942581177,30.66250191561268,0
34,34,148.7617594616169,0.004487037658691406,1.112344980239868,31.33000153249015,222.8641870350691
35,35,98.78763478546006,0.007430076599121094,1.119775056838989,32.06400122599212,134.5881144910794
35,35,100.1380069267437,0.00586390495300293,1.125638961791992,32.65120098079369,0
36,36,120.9808882123445,0.005536079406738281,1.13117504119873,33.32096078463496,180.6332472006891
37,37,110.3160487357916,0.006669998168945313,1.137845039367676,34.05676862770797,149.9250786388333
37,37,98.46699463771184,0.005978107452392578,1.143823146820068,34.64541490216638,0
39,39,102.5459193430126,0.008492946624755859,1.152316093444824,35.5163319217331,235.4895289427882
39,39,136.3209680024938,0.005110979080200195,1.157427072525024,36.21306553738648,0
39,39,91.40438960220246,0.006098031997680664,1.163525104522705,36.77045242990919,0
40,40,82.43992630650732,0.007834911346435547,1.171360015869141,37.41636194392735,127.6338628202787
40,40,34.51079897816177,0.01497292518615723,1.186332941055298,37.93308955514188,0
40,40,162.3607219123575,0.002546072006225586,1.188879013061523,38.34647164411351,0
40,40,52.1537118153718,0.006340980529785156,1.195219993591309,38.67717731529081,0
41,41,58.61282924898691,0.007925987243652344,1.203145980834961,39.14174185223265,126.1672482252437
41,41,119.9276747532438,0.003098964691162109,1.206244945526123,39.51339348178612,0
41,41,43.3728413033565,0.006855010986328125,1.213099956512451,39.8107147854289,0
41,41,41.7145319670217,0.005702018737792969,1.218801975250244,40.04857182834312,0
41,41,35.99818669517165,0.005285978317260742,1.224087953567505,40.2388574626745,0
42,42,36.405949674098,0.009675025939941406,1.233762979507446,40.5910859701396,103.3588960078857
42,42,39.45395747829855,0.007142066955566406,1.240905046463013,40.87286877611168,0
43,43,58.33361666533568,0.007292985916137695,1.24819803237915,41.29829502088935,137.1180489718526
42,42,21.70474926772635,0.006465911865234375,1.254663944244385,41.43863601671148,-154.6572271386431
42,42,17.19577287247043,0.006529092788696289,1.261193037033081,41.55090881336919,0
41,41,-22.6993372911197,0.004853963851928711,1.26604700088501,41.44072705069536,-206.0171914141166
41,41,-15.22625288612137,0.005789041519165039,1.271836042404175,41.35258164055629,0
41,41,-12.70585604701187,0.005549907684326172,1.277385950088501,41.28206531244504,0
41,41,-9.112085864746094,0.006191015243530273,1.283576965332031,41.22565224995603,0
41,41,-6.273309038241973,0.007194042205810547,1.290771007537842,41.18052179996483,0
41,41,-5.054494710811706,0.007143020629882813,1.297914028167725,41.14441743997187,0
40,40,-37.41112697201017,0.006118059158325195,1.30403208732605,40.91553395197749,-163.4505280386579
39,39,-46.84058718504633,0.008178949356079102,1.312211036682129,40.53242716158199,-122.2650925521061
38,38,-63.74846581161888,0.007945060729980469,1.320156097412109,40.0259417292656,-125.864362021366
38,38,-78.08689118567919,0.005188941955566406,1.325345039367676,39.62075338341248,0
37,37,-77.02499053367309,0.006804943084716797,1.332149982452393,39.09660270672998,-146.9520005605774
35,35,-106.1821599261424,0.007716178894042969,1.339866161346436,38.27728216538399,-259.1956494870844
35,35,-114.5922862356615,0.005719900131225586,1.345586061477661,37.62182573230719,0
33,33,-137.4944475233625,0.006722927093505859,1.352308988571167,36.69746058584575,-297.4894673381091
32,32,-203.0460939357471,0.004626989364624023,1.356935977935791,35.7579684686766,-216.1232544958005
31,31,-158.1767223876995,0.006016016006469727,1.362951993942261,34.80637477494128,-166.2229619942139
31,31,-131.6382993406599,0.0057830810546875,1.368735074996948,34.04509981995303,0
29,29,-165.1952250691145,0.00610804557800293,1.374843120574951,33.03607985596243,-327.4369803661345
29,29,-151.1679768199545,0.005339860916137695,1.380182981491089,32.22886388476994,0
28,28,-126.0098089467608,0.006711959838867188,1.386894941329956,31.38309110781596,-148.9877806194942
27,27,-148.852407318545,0.005889177322387695,1.392784118652344,30.50647288625277,-169.8030039269665
26,26,-160.5769879594046,0.005612850189208984,1.398396968841553,29.60517830900221,-178.1626030073911
26,26,-111.2344696348479,0.006482124328613281,1.404879093170166,28.88414264720177,0
25,25,-112.7970299918917,0.006886959075927734,1.411766052246094,28.10731411776142,-145.2019663504812
24,24,-124.277333958903,0.006609916687011719,1.418375968933105,27.28585129420914,-151.2878372529217
24,24,-145.8397801767889,0.004506111145019531,1.422882080078125,26.62868103536731,0
23,23,-111.7705175983345,0.006493091583251953,1.429375171661377,25.90294482829385,-154.009840640376
23,23,-106.6698769555576,0.00544285774230957,1.434818029403687,25.32235586263509,0
23,23,-59.22097813760761,0.007843017578125,1.442661046981812,24.85788469010807,0
23,23,-34.67509094139185,0.01071596145629883,1.45337700843811,24.48630775208646,0
24,24,-22.68753183701914,0.004287004470825195,1.457664012908936,24.38904620166917,233.2631110616763
23,23,-33.05297160437827,0.008404970169067383,1.466068983078003,24.11123696133534,-118.9772217967265
23,23,-38.55778980705318,0.005764007568359375,1.471832990646362,23.88898956906828,0
24,24,2.766967728413014,0.008023977279663086,1.479856967926025,23.91119165525462,124.6264745208736
24,24,2.933794318110975,0.006054162979125977,1.485911130905151,23.9289533242037,0
25,25,31.3959908898846,0.006822824478149414,1.492733955383301,24.14316265936296,146.5668658489709
25,25,46.67926075053066,0.003671169281005859,1.496405124664307,24.31453012749037,0
25,25,20.2955599897405,0.006754875183105469,1.503159999847412,24.4516241019923,0
25,25,19.21757298339246,0.005707025527954102,1.508867025375366,24.56129928159384,0
25,25,16.20613156609015,0.005414009094238281,1.514281034469604,24.64903942527508,0
26,26,41.87672265472682,0.006452083587646484,1.520733118057251,24.91923154022006,154.9886926317345
27,27,79.61844158125165,0.005226850509643555,1.525959968566895,25.33538523217605,191.3198011221092
27,27,54.5141548244627,0.006107091903686523,1.532067060470581,25.66830818574084,0
28,28,64.65358346818191,0.00721287727355957,1.539279937744141,26.13464654859268,138.6409281724127
29,29,82.31336901237325,0.006962060928344727,1.546241998672485,26.70771723887414,143.6356289168179
30,30,90.84460875708846,0.007248163223266602,1.553490161895752,27.36617379109932,137.9659879609223
31,31,105.374528507308,0.00689697265625,1.560387134552002,28.09293903287946,144.9911504424779
32,32,92.60773328042536,0.008437871932983398,1.568825006484985,28.87435122630357,118.513294340369
34,34,140.3710564729202,0.007302999496459961,1.576128005981445,29.89948098104286,273.8600763931964
34,34,115.2156980290607,0.007117986679077148,1.583245992660522,30.71958478483429,0
36,36,138.5181478430824,0.007624149322509766,1.590870141983032,31.77566782786743,262.3243479892426
36,36,105.8873682358473,0.007978916168212891,1.598849058151245,32.62053426229395,0
36,36,167.4286163657404,0.004036903381347656,1.602885961532593,33.29642740983516,0
37,37,111.8714438026626,0.006621122360229492,1.609507083892822,34.03714192786813,151.031795758165
38,38,169.2782509764242,0.004682064056396484,1.614189147949219,34.82971354229451,213.5810163967818
39,39,126.7588170932677,0.006579875946044922,1.620769023895264,35.66377083383561,151.9785491702297
40,40,147.0644726818144,0.005897045135498047,1.626666069030762,36.53101666706849,169.5764534648662
40,40,108.7116756518836,0.006381988525390625,1.633048057556152,37.22481333365479,0
41,41,128.3426993750632,0.005882978439331055,1.638931035995483,37.97985066692384,169.9819250253293
41,41,86.91200293872205,0.006949901580810547,1.645880937576294,38.58388053353908,0
41,41,66.4585994862121,0.007271051406860352,1.653151988983154,39.06710442683126,0
41,41,55.78251373808045,0.006930112838745117,1.660082101821899,39.45368354146501,0
41,41,45.47394431059868,0.00680088996887207,1.666882991790771,39.76294683317201,0
41,41,37.38976036491626,0.006617069244384766,1.673500061035156,40.01035746653762,0
41,41,46.89179435914565,0.004220962524414063,1.67772102355957,40.2082859732301,0
41,41,28.00969431350124,0.005653142929077148,1.683374166488647,40.36662877858408,0
41,41,18.59353594029565,0.006812810897827148,1.690186977386475,40.49330302286727,0
41,41,19.22164480600365,0.005272150039672852,1.695459127426147,40.59464241829382,0
41,41,12.03548597586546,0.006736040115356445,1.702195167541504,40.67571393463505,0
41,41,7.640243455157858,0.008488893508911133,1.710684061050415,40.74057114770805,0
42,42,40.56852371464259,0.006208896636962891,1.716892957687378,40.99245691816644,161.0592120420859
41,41,0.2281612397278313,0.006612062454223633,1.723505020141602,40.99396553453316,-151.2387408502506
40,40,-23.21524455593319,0.008563041687011719,1.732068061828613,40.79517242762653,-116.7809332887849
40,40,-21.53753442823038,0.007384061813354492,1.739452123641968,40.63613794210123,0
40,40,-21.01903194506722,0.006052970886230469,1.745505094528198,40.50891035368099,0
40,40,-15.61066831524823,0.00652003288269043,1.752025127410889,40.40712828294479,0
40,40,-19.42905661245196,0.004190921783447266,1.756216049194336,40.32570262635583,0
39,39,-40.79679979848653,0.006499052047729492,1.762715101242065,40.06056210108468,-153.868593858909
39,39,-27.80373687622763,0.007628917694091797,1.770344018936157,39.84844968086774,0
38,38,-64.60799908551947,0.0057220458984375,1.776066064834595,39.4787597446942,-174.7626666666667
37,37,-73.53187574941536,0.006742000579833984,1.782808065414429,38.98300779575536,-148.3239267274914
36,36,-62.84730525300287,0.009492874145507813,1.792300939559937,38.38640623660429,-105.3421740004019
35,35,-110.5554950287159,0.006126165390014648,1.798427104949951,37.70912498928343,-163.2342479081534
34,34,-93.40576853923038,0.007941961288452148,1.806369066238403,36.96729999142674,-125.9134820329621
32,32,-133.5279511840101,0.007440090179443359,1.813809156417847,35.9738399931414,-268.8139460360187
32,32,-80.53290642665649,0.009868860244750977,1.823678016662598,35.17907199451312,0
30,30,-139.2608416378135,0.007437944412231445,1.831115961074829,34.14325759561049,-268.8914959771773
29,29,-124.7607767410754,0.008244991302490234,1.839360952377319,33.1146060764884,-121.2857555953964
28,28,-177.2470687023017,0.005771160125732422,1.845132112503052,32.09168486119072,-173.2753862678675
27,27,-93.04262702057125,0.01094484329223633,1.856076955795288,31.07334788895258,-91.36722868470352
26,26,-191.5143852400803,0.005298137664794922,1.861375093460083,30.05867831116206,-188.7455674556745
24,24,-112.8992988214241,0.01073288917541504,1.872107982635498,28.84694264892966,-186.343114823289
24,24,-156.2489504279162,0.006204128265380859,1.878312110900879,27.87755411914373,0
24,24,-97.25603678960056,0.007973909378051758,1.886286020278931,27.10204329531498,0
24,24,-89.69331725984278,0.006916999816894531,1.893203020095825,26.48163463625199,0
24,24,-98.0475704725902,0.005062103271484375,1.89826512336731,25.98530770900159,0
24,24,-67.81760039985468,0.00585484504699707,1.904119968414307,25.58824616720128,0
24,24,-51.1249980972904,0.006213188171386719,1.910333156585693,25.27059693376103,0
24,24,-43.52200736350773,0.005838871002197266,1.916172027587891,25.01647754700882,0
24,24,-28.91431564143267,0.007030963897705078,1.923202991485596,24.81318203760706,0
25,25,4.654141880117355,0.008028030395507813,1.931231021881104,24.85054563008565,124.5635542884296
25,25,2.996233833851665,0.00997614860534668,1.94120717048645,24.88043650406852,0
26,26,35.85530217416414,0.006244897842407227,1.947452068328857,25.10434920325482,160.1307219486122
27,27,47.07899292057601,0.008053064346313477,1.955505132675171,25.48347936260385,124.1763330076679
27,27,41.92287741316997,0.007234811782836914,1.962739944458008,25.78678349008309,0
28,28,107.6715520548705,0.004111051559448242,1.966850996017456,26.22942679206647,243.2467668039204
28,28,65.22614104192598,0.00542902946472168,1.972280025482178,26.58354143365318,0
29,29,64.52562044031696,0.007489919662475586,1.979769945144653,27.06683314692254,133.5127805188604
30,30,111.7807874298581,0.005248069763183594,1.985018014907837,27.65346651753804,190.5462475013629
31,31,111.2717806621285,0.00601506233215332,1.99103307723999,28.32277321403043,166.2493162630306
32,32,116.3152867066313,0.006322860717773438,1.997355937957764,29.05821857122435,158.1562594268477
33,33,117.1226240708383,0.006731033325195313,2.004086971282959,29.84657485697948,148.5655993199207
34,34,104.0043444243078,0.007987022399902344,2.012073993682861,30.67725988558359,125.2031044776119
35,35,332.1283413236352,0.002603054046630859,2.014677047729492,31.54180790846687,384.1641326250229
36,36,143.5569684256717,0.006211042404174805,2.020888090133667,32.4334463267735,161.0035699205405
37,37,174.8939810786523,0.005222082138061523,2.026110172271729,33.3467570614188,191.4944984705292
38,38,134.2582064405511,0.006931781768798828,2.033041954040527,34.27740564913504,144.2630528994978
39,39,128.6776650937753,0.007340192794799805,2.040382146835327,35.22192451930803,136.2362035924254
40,40,151.2562821311617,0.006317853927612305,2.046700000762939,36.17753961544643,158.2815955319069
41,41,142.2523727461468,0.006780147552490234,2.05348014831543,37.14203169235715,147.4894155707152
41,41,101.2862537845505,0.007617950439453125,2.061098098754883,37.91362535388572,0
42,42,219.526064984895,0.003722906112670898,2.064821004867554,38.73090028310857,268.6073647134166
42,42,117.5095172383479,0.005563974380493164,2.070384979248047,39.38472022648686,0
42,42,81.97039616772713,0.006381034851074219,2.076766014099121,39.90777618118949,0
43,43,97.34474223839296,0.006353139877319336,2.08311915397644,40.5262209449516,157.402484332195
44,44,64.40670756655327,0.01078701019287109,2.093906164169312,41.22097675596128,92.70409336044558
43,43,48.0041450628195,0.007411956787109375,2.101318120956421,41.57678140476903,-134.9171384457025
43,43,40.80951254043268,0.006974935531616211,2.108293056488037,41.86142512381522,0
43,43,43.51477659557467,0.005233049392700195,2.113526105880737,42.08914009905218,0
43,43,34.37951249480382,0.005298852920532227,2.11882495880127,42.27131207924175,0
44,44,58.59815461096819,0.005900144577026367,2.124725103378296,42.6170496633934,169.4873722067321
44,44,36.76563433244888,0.007523059844970703,2.132248163223267,42.89363973071473,0
44,44,28.9401684050297,0.007645845413208008,2.139894008636475,43.11491178457179,0
43,43,-4.048338647486707,0.005676984786987305,2.145570993423462,43.09192942765743,-176.149846709504
43,43,-2.929938952441364,0.006275177001953125,2.151846170425415,43.07354354212594,0
43,43,-3.357430997692809,0.004380941390991211,2.156227111816406,43.05883483370076,0
43,43,-1.818170405823039,0.006471872329711914,2.162698984146118,43.04706786696062,0
42,42,-23.13197409951961,0.00905299186706543,2.171751976013184,42.83765429356849,-110.4607200231756
42,42,-36.05127242451867,0.004647016525268555,2.176398992538452,42.67012343485479,0
41,41,-47.51411112599297,0.007030010223388672,2.183429002761841,42.33609874788384,-142.2473038051957
40,40,-40.4621255477539,0.01154708862304688,2.194976091384888,41.86887899830707,-86.60191608853649
39,39,-77.54938715635162,0.007398843765258789,2.202374935150146,41.29510319864567,-135.1562530209777
38,38,-70.34670056494647,0.009368181228637695,2.211743116378784,40.63608255891654,-106.7443056015066
37,37,-103.1367797470332,0.007050991058349609,2.218794107437134,39.90886604713323,-141.8240346250085
35,35,-131.9952334965231,0.007437944412231445,2.226232051849365,38.92709283770659,-268.8914959771773
34,34,-124.642492144536,0.007905960083007813,2.234138011932373,37.94167427016527,-126.486851628468
32,32,-138.2590189073577,0.008594989776611328,2.242733001708984,36.75333941613221,-232.6937031900139
31,31,-210.9375395667915,0.00545501708984375,2.248188018798828,35.60267153290578,-183.3174825174825
30,30,-169.8786063843902,0.006596088409423828,2.254784107208252,34.48213722632463,-151.6050025301815
29,29,-235.1339615187874,0.004662990570068359,2.25944709777832,33.3857097810597,-214.4546477144902
28,28,-191.1189481580253,0.005635976791381836,2.265083074569702,32.30856782484777,-177.4315326367444
28,28,-138.4731869432603,0.006222963333129883,2.271306037902832,31.44685425987822,0
27,27,-158.8169159538846,0.0055999755859375,2.27690601348877,30.55748340790258,-178.5722070844687
26,26,-143.2245973678444,0.006364107131958008,2.283270120620728,29.64598672632206,-157.1312329075038
25,25,-98.43249335838493,0.009439945220947266,2.292710065841675,28.71678938105765,-105.9328181037531
24,24,-142.006593461778,0.006643056869506836,2.299353122711182,27.77343150484612,-150.5331084233571
24,24,-117.3537897490236,0.006430864334106445,2.305783987045288,27.0187452038769,0
23,23,-126.6927662339931,0.006344079971313477,2.312128067016602,26.21499616310153,-157.6272689691458
24,24,-77.59755495411416,0.005708932876586914,2.317836999893188,25.77199693048122,175.1640843599916
24,24,-77.93932270873636,0.004547119140625,2.322384119033813,25.41759754438498,0
24,24,-47.08080648352221,0.006021976470947266,2.328406095504761,25.13407803550799,0
24,24,-40.77901359375249,0.005562067031860352,2.333968162536621,24.90726242840639,0
24,24,-25.00055471069317,0.007257938385009766,2.341226100921631,24.72580994272512,0
25,25,8.991333051783187,0.00609898567199707,2.347325086593628,24.7806479541801,163.9616903170322
25,25,7.893180878437268,0.005558013916015625,2.352883100509644,24.82451836334408,0
25,25,6.042884487294774,0.005807876586914063,2.358690977096558,24.85961469067526,0
26,26,32.48962548866994,0.007019996643066406,2.365710973739624,25.08769175254021,142.4502105692161
27,27,54.65250839161619,0.006998062133789063,2.372709035873413,25.47015340203217,142.8967020986645
28,28,66.71452816877022,0.007584095001220703,2.380293130874634,25.97612272162574,131.8548883998742
29,29,76.60240722470448,0.007894992828369141,2.388188123703003,26.58089817730059,126.6625596424473
30,30,99.88683186846458,0.006845951080322266,2.395034074783325,27.26471854184048,146.0717420073832
31,31,93.15004436104623,0.008019924163818359,2.403053998947144,28.01177483347238,124.6894583506748
34,34,136.4986645410045,0.008774042129516602,2.41182804107666,29.20941986677791,341.9176652808348
34,34,113.0384485111194,0.008476018905639648,2.4203040599823,30.16753589342233,0
36,36,178.8567174708477,0.006521940231323242,2.426826000213623,31.33402871473787,306.6572107475781
37,37,182.1546470368307,0.00622105598449707,2.43304705619812,32.46722297179029,160.7444142107078
38,38,268.1861645733051,0.004126071929931641,2.437173128128052,33.57377837743224,242.3612619900612
39,39,194.3488583444129,0.005584001541137695,2.442757129669189,34.65902270194579,179.0830451304385
40,40,141.9535038662829,0.007524967193603516,2.450282096862793,35.72721816155664,132.8909448070465
40,40,88.31729724083559,0.009675979614257813,2.459958076477051,36.58177452924531,0
40,40,196.5598679035963,0.003478050231933594,2.463436126708984,37.26541962339625,0
41,41,139.9005529577164,0.005338907241821289,2.468775033950806,38.012335698717,187.3042468628589
41,41,97.08066570753395,0.006155014038085938,2.474930047988892,38.60986855897361,0
42,42,93.81922580907109,0.007226943969726563,2.482156991958618,39.28789484717889,138.3710741620481
43,43,184.4532341061275,0.004024982452392578,2.486181974411011,40.03031587774311,248.4482881175216
43,43,99.17004771272824,0.00598907470703125,2.492171049118042,40.62425270219449,0
43,43,79.20361174926353,0.005999088287353516,2.498170137405396,41.09940216175559,0
43,43,65.96073902891817,0.005762815475463867,2.503932952880859,41.47952172940448,0
43,43,36.77082533670819,0.008270025253295898,2.512202978134155,41.78361738352359,0
44,44,71.97137362147344,0.006159067153930664,2.518362045288086,42.22689390681888,162.3622498354818
44,44,53.73904168692807,0.006598949432373047,2.524960994720459,42.5815151254551,0
43,43,11.75851805890611,0.007117986679077148,2.532078981399536,42.66521210036408,-140.4891642940881
42,42,-14.80552811570986,0.008985996246337891,2.541064977645874,42.53216968029126,-111.2842663836561
42,42,-14.68426314084641,0.007248163223266602,2.548313140869141,42.42573574423301,0
42,42,-9.55974696171897,0.008906841278076172,2.557219982147217,42.34058859538641,0
41,41,-29.82066828237618,0.008991003036499023,2.566210985183716,42.07247087630914,-111.2222958818382
40,40,-58.62664656631019,0.007070064544677734,2.573281049728394,41.65797670104731,-141.4414244284076
40,40,-43.52815666693483,0.007617950439453125,2.580899000167847,41.32638136083785,0
38,38,-167.7409635982877,0.003966093063354492,2.584865093231201,40.66110508867029,-504.2746017433124
37,37,-112.6864879858376,0.006497859954833984,2.591362953186035,39.92888407093623,-153.8968224847729
36,36,-164.7646270485834,0.004769086837768555,2.596132040023804,39.14310725674898,-209.6837474378843
35,35,-134.1888134317474,0.006175041198730469,2.602307081222534,38.31448580539919,-161.9422393822394
34,34,-134.8505165731138,0.006398916244506836,2.608705997467041,37.45158864431935,-156.2764633555647
32,32,-155.0737202931376,0.007030963897705078,2.615736961364746,36.36127091545549,-284.456018989488
31,31,-154.2569030751405,0.006951093673706055,2.622688055038452,35.28901673236439,-143.8622534728177
29,29,-165.4159096768749,0.007603883743286133,2.630291938781738,34.03121338589151,-263.0234847772238
28,28,-184.2375909784663,0.006547212600708008,2.636839151382446,32.82497070871321,-152.7367539419541
26,26,-201.506419424459,0.006773948669433594,2.64361310005188,31.45997656697057,-295.2487681261439
25,25,-137.6364195608598,0.009387016296386719,2.653000116348267,30.16798125357646,-106.530122930001
25,25,-337.2397424161921,0.003064870834350586,2.656064987182617,29.13438500286117,0
24,24,-135.0802669282769,0.00760197639465332,2.663666963577271,28.10750800228893,-131.5447389054414
24,24,-102.9959780237489,0.007976055145263672,2.671643018722534,27.28600640183115,0
24,24,-97.10437732219631,0.006767988204956055,2.67841100692749,26.62880512146492,0
24,24,-109.5099353049687,0.004801034927368164,2.683212041854858,26.10304409717194,0
24,24,-66.27949257199979,0.006345987319946289,2.689558029174805,25.68243527773756,0
24,24,-70.73621707253081,0.004756927490234375,2.694314956665039,25.34594822219005,0
25,25,-10.21084417947703,0.006776094436645508,2.701091051101685,25.27675857775204,147.577636254882
25,25,-9.458623831327127,0.005851984024047852,2.706943035125732,25.22140686220164,0
25,25,-7.354460186581908,0.006021022796630859,2.712964057922363,25.17712548976131,0
26,26,16.33676117573764,0.01007390022277832,2.723037958145142,25.34170039180905,99.26641895250043
26,26,26.55422850388329,0.004958152770996094,2.727996110916138,25.47336031344724,0
27,27,58.83122881171484,0.005189895629882813,2.733186006546021,25.7786882507578,192.6821021683205
28,28,78.96645128697407,0.00562596321105957,2.73881196975708,26.22295060060624,177.7473407636564
28,28,60.58759066879318,0.005866050720214844,2.744678020477295,26.578360480485,0
29,29,87.59889886382005,0.005528926849365234,2.75020694732666,27.062688384388,180.8669253988788
30,30,101.2157234522504,0.005804061889648438,2.756011009216309,27.65015070751041,172.2931317778508
31,31,89.28185986456334,0.007503986358642578,2.763514995574951,28.32012056600833,133.2625023829192
34,34,133.45549845672,0.008512020111083984,2.772027015686035,29.45609645280666,352.4427763150523
34,34,338.4569849690509,0.002685070037841797,2.774712085723877,30.36487716224533,0
35,35,163.7560163315849,0.0056610107421875,2.780373096466064,31.29190172979627,176.6469002695418
36,36,118.5483740483786,0.007942914962768555,2.788316011428833,32.23352138383702,125.8983641002551
37,37,128.3022739422855,0.007430076599121094,2.795746088027954,33.18681710706961,134.5881144910794
39,39,151.6828284584244,0.007664918899536133,2.80341100692749,34.34945368565569,260.929049115058
39,39,110.699497792002,0.008402109146118164,2.811813116073608,35.27956294852456,0
40,40,365.2268586377363,0.002584934234619141,2.814398050308228,36.22365035881965,386.8570374469655
40,40,113.3189655188786,0.00666499137878418,2.821063041687012,36.97892028705572,0
40,40,97.86319682052131,0.006174087524414063,2.827237129211426,37.58313622964458,0
41,41,103.2593513902794,0.006618022918701172,2.833855152130127,38.26650898371566,151.1025290006485
41,41,69.53808827029928,0.007861852645874023,2.841717004776001,38.81320718697253,0
41,41,77.76568606428771,0.005624055862426758,2.847341060638428,39.25056574957803,0
41,41,54.03681474542972,0.006474971771240234,2.853816032409668,39.60045259966243,0
40,40,13.33139699634549,0.005994081497192383,2.85981011390686,39.68036207972995,-166.8312318523528
41,41,52.22155493480978,0.005053997039794922,2.864864110946655,39.94428966378397,197.8631946410039
41,41,34.8083490765844,0.006065845489501953,2.870929956436157,40.15543173102717,0
40,40,-4.586358515418684,0.00677800178527832,2.877707958221436,40.12434538482174,-147.5361074958669
40,40,-2.932979107745258,0.008479118347167969,2.886187076568604,40.0994763078574,0
40,40,-3.341479805802018,0.00595402717590332,2.892141103744507,40.07958104628591,0
40,40,-2.706455045497728,0.005880832672119141,2.898021936416626,40.06366483702873,0
40,40,-2.126709785034709,0.005987167358398438,2.904009103775024,40.05093186962299,0
40,40,-1.324305650531067,0.007691860198974609,2.911700963973999,40.04074549569839,0
38,38,-49.05021057041193,0.008321046829223633,2.920022010803223,39.63259639655871,-240.3543738001777
37,37,-90.43703342865626,0.005821943283081055,2.925843954086304,39.10607711724697,-171.7639542978828
36,36,-86.6644382316807,0.007168054580688477,2.933012008666992,38.48486169379758,-139.5078662897056
35,35,-89.68871167541234,0.007771015167236328,2.940783023834229,37.78788935503806,-128.6833159477204
34,34,-107.2433053656455,0.007064104080200195,2.947847127914429,37.03031148403045,-141.5607681663235
32,32,-167.9294458668796,0.005990982055664063,2.953838109970093,36.02424918722436,-333.8350843680357
32,32,-186.6518242062572,0.004312038421630859,2.958150148391724,35.21939934977949,0
30,30,-188.1219177655546,0.005548954010009766,2.963699102401733,34.17551947982359,-360.428289077941
29,29,-142.2243468276353,0.007277965545654297,2.970977067947388,33.14041558385888,-137.4010351831226
28,28,-190.2114304811788,0.005404949188232422,2.97638201713562,32.1123324670871,-185.0156153506837
27,27,-162.9940064310233,0.006273031234741211,2.982655048370361,31.08986597366968,-159.4125650868458
26,26,-132.9127456906155,0.007658958435058594,2.99031400680542,30.07189277893575,-130.5660565309426
25,25,-282.398249970281,0.003592014312744141,2.993906021118164,29.0575142231486,-278.3953272268685
24,24,-163.1436426549434,0.006200075149536133,3.0001060962677,28.04601137851888,-161.2883676216112
24,24,-112.8300369599896,0.007171869277954102,3.007277965545654,27.2368091028151,0
24,24,-113.7508283801742,0.005691051483154297,3.012969017028809,26.58944728225209,0
24,24,-74.6891936439777,0.006933927536010742,3.019902944564819,26.07155782580167,0
24,24,-72.07883591182725,0.00574803352355957,3.025650978088379,25.65724626064134,0
24,24,-50.47926376174998,0.006566047668457031,3.032217025756836,25.32579700851307,0
25,25,-9.893510686318869,0.006586074829101563,3.038803100585938,25.26063760681046,151.83550535766
25,25,-15.25527988829939,0.003417015075683594,3.042220115661621,25.20851008544837,0
25,25,-6.299464708178439,0.006619930267333984,3.048840045928955,25.1668080683587,0
25,25,-6.797277259779465,0.004908084869384766,3.05374813079834,25.13344645468696,0
26,26,22.99790560187721,0.007535934448242188,3.061284065246582,25.30675716374957,132.6975449253354
26,26,23.24742115575887,0.005964040756225586,3.067248106002808,25.44540573099965,0
27,27,46.52473036635892,0.006682872772216797,3.073930978775024,25.75632458479972,149.6362468783446
28,28,50.0367234809319,0.008968114852905273,3.08289909362793,26.20505966783978,111.5061544596571
28,28,68.37897742907369,0.005249977111816406,3.088149070739746,26.56404773427183,0
29,29,80.95657328911518,0.006017923355102539,3.094166994094849,27.05123818741747,166.1702785151143
30,30,78.77960104183089,0.007486104965209961,3.101653099060059,27.64099054993398,133.5808146756266
32,32,104.471362375074,0.008344888687133789,3.109997987747192,28.51279243994719,239.667666638096
34,34,142.1908848261449,0.007718086242675781,3.117716073989868,29.61023395195775,259.1315952057333
35,35,168.3019453124468,0.006404876708984375,3.124120950698853,30.6881871615662,156.1310303752234
37,37,154.8710766087181,0.008151054382324219,3.132272005081177,31.95054972925297,245.3670293670294
38,38,292.8074948750271,0.00413203239440918,3.136404037475586,33.16043978340238,242.011655415152
39,39,202.028216065627,0.005780935287475586,3.142184972763062,34.3283518267219,172.9823895739679
40,40,196.0815745118122,0.005784988403320313,3.147969961166382,35.46268146137752,172.8611935377514
40,40,134.0817507719619,0.006767988204956055,3.154737949371338,36.37014516910202,0
41,41,153.2253808076282,0.006043195724487305,3.160781145095825,37.29611613528162,165.4753619757762
41,41,137.2853915634845,0.005395889282226563,3.166177034378052,38.0368929082253,0
42,42,113.2629866956868,0.006998062133789063,3.173175096511841,38.82951432658024,142.8967020986645
43,43,104.7348126932741,0.007963895797729492,3.18113899230957,39.66361146126419,125.5666856270395
43,43,104.9169875061759,0.006360054016113281,3.187499046325684,40.33088916901135,0
43,43,64.20843815697296,0.008313894271850586,3.195812940597534,40.86471133520909,0
44,44,57.39630224074109,0.0109250545501709,3.206737995147705,41.49176906816727,91.53272374135261
44,44,118.9875363943864,0.00421595573425293,3.210953950881958,41.99341525453382,0
43,43,39.27369696974754,0.005125999450683594,3.216079950332642,42.19473220362706,-195.0839069767442
42,42,-6.619922682783035,0.005883216857910156,3.221963167190552,42.15578576290165,-169.975036472686
42,42,-4.560550329655466,0.006831884384155273,3.228795051574707,42.12462861032132,0
41,41,-31.67495486694192,0.007101058959960938,3.235896110534668,41.89970288825706,-140.8240666129466
41,41,-24.86739652736773,0.007236003875732422,3.2431321144104,41.71976231060565,0
40,40,-39.61667410914476,0.008682012557983398,3.251814126968384,41.37580984848452,-115.1806673074283
40,40,-121.4344434077861,0.00226593017578125,3.254080057144165,41.10064787878762,0
40,40,-33.12252412979699,0.006645917892456055,3.260725975036621,40.8805183030301,0
38,38,-95.85662837569243,0.006010055541992188,3.266736030578613,40.30441464242408,-332.7756267851476
37,37,-119.7228830162649,0.005520105361938477,3.272256135940552,39.64353171393926,-181.1559625102579
35,35,-114.0236733323714,0.008144855499267578,3.280400991439819,38.71482537115141,-245.5537731982905
35,35,-220.8519760952783,0.003364086151123047,3.283765077590942,37.97186029692112,0
33,33,-132.6558112647422,0.007495880126953125,3.291260957717896,36.9774882375369,-266.8132315521628
31,31,-184.5996600129134,0.006476163864135742,3.297737121582031,35.78199059002952,-308.8247984390531
30,30,-203.4857044782946,0.005682945251464844,3.303420066833496,34.62559247202362,-175.9650948145662
28,28,-199.1739760457156,0.006653070449829102,3.310073137283325,33.3004739776189,-300.6130800931733
27,27,-233.8282812566721,0.005388975143432617,3.315462112426758,32.04037918209512,-185.5640401716586
25,25,-186.2295624190601,0.007560968399047852,3.323023080825806,30.6323033456761,-264.5163812947372
25,25,-297.9203285450867,0.00378108024597168,3.326804161071777,29.50584267654088,0
25,25,-163.2027112399487,0.005521774291992188,3.33232593536377,28.60467414123271,0
25,25,-127.7112739727914,0.005645036697387695,3.337970972061157,27.88373931298617,0
24,24,-113.1928520284556,0.006862163543701172,3.344833135604858,27.10699145038894,-145.7266347022445
24,24,-103.6727658578526,0.005993843078613281,3.350826978683472,26.48559316031115,0
24,24,-90.13776011296621,0.005515098571777344,3.356342077255249,25.98847452824892,0
25,25,-25.18734344480749,0.007848978042602539,3.364191055297852,25.79077962259914,127.4051213511133
25,25,-18.49328204173961,0.008552074432373047,3.372743129730225,25.63262369807932,0
25,25,-22.69914117240943,0.00557398796081543,3.37831711769104,25.50609895846346,0
26,26,11.79038767285675,0.008378028869628906,3.386695146560669,25.60487916677077,119.3598178713717
26,26,14.38903313476648,0.005491971969604492,3.392187118530273,25.68390333341661,0
27,27,39.97906581957218,0.006583929061889648,3.398771047592163,25.9471226667333,151.884990041644
27,27,44.30264456691385,0.00475311279296875,3.403524160385132,26.15769813338664,0
28,28,50.97080533208429,0.007228851318359375,3.410753011703491,26.52615850670932,138.3345646437995
28,28,55.64873088783528,0.005296945571899414,3.416049957275391,26.82092680536746,0
29,29,72.80305413844298,0.005986213684082031,3.422036170959473,27.25674144429397,167.0505018320854
30,30,89.22885097504507,0.006148815155029297,3.428184986114502,27.80539315543518,162.6329585110508
32,32,112.8617651896308,0.007433176040649414,3.435618162155151,28.64431452434814,269.0639894794239
33,33,102.2961476749458,0.008515834808349609,3.444133996963501,29.51545161947852,117.4282994568565
36,36,135.5874633496091,0.009565114974975586,3.453699111938477,30.81236129558282,313.639721827563
36,36,395.7176278710889,0.002621889114379883,3.456321001052856,31.84988903646625,0
38,38,129.7883522756902,0.009477138519287109,3.465798139572144,33.079911229173,211.0341635220126
39,39,244.0838691815082,0.004850864410400391,3.470649003982544,34.26392898333841,206.1488253219306
40,40,214.0274495993944,0.005360126495361328,3.476009130477905,35.41114318667073,186.5627613201672
41,41,176.7825376136821,0.006322860717773438,3.482331991195679,36.52891454933659,158.1562594268477
41,41,158.1005065974742,0.005656003952026367,3.487987995147705,37.42313163946927,0
42,42,144.930559601733,0.006315946578979492,3.494303941726685,38.33850531157542,158.3293948888302
42,42,91.86984008397678,0.007971048355102539,3.502274990081787,39.07080424926034,0
41,41,97.65427774692824,0.003951072692871094,3.506226062774658,39.45664339940827,-253.0958242819213
42,42,86.70034755598415,0.00586700439453125,3.512093067169189,39.96531471952662,170.444733420026
42,42,52.65680638385039,0.007728099822998047,3.519821166992188,40.3722517756213,0
42,42,58.27056619728191,0.005586862564086914,3.525408029556274,40.69780142049704,0
42,42,38.1931870270526,0.006819009780883789,3.532227039337158,40.95824113639764,0
42,42,26.87736586481471,0.007751941680908203,3.539978981018066,41.16659290911811,0
41,41,-5.327599444059087,0.006253957748413086,3.546232938766479,41.1332743272945,-159.898745758835
40,40,-34.41425603872412,0.006586074829101563,3.552819013595581,40.9066194618356,-151.83550535766
40,40,-46.69537220181568,0.003883123397827148,3.556702136993408,40.72529556946848,0
40,40,-22.86613130039002,0.006343841552734375,3.563045978546143,40.58023645557479,0
40,40,-20.05594038949319,0.00578618049621582,3.568832159042358,40.46418916445983,0
40,40,-17.33087474853596,0.005356788635253906,3.574188947677612,40.37135133156787,0
40,40,-11.40652050824119,0.006511211395263672,3.580700159072876,40.2970810652543,0
39,39,-42.42982608267366,0.006114006042480469,3.586814165115356,40.03766485220344,-163.5588831695523
38,38,-55.38043635351507,0.007358789443969727,3.594172954559326,39.63013188176275,-135.8919164101733
37,37,-88.06588170841792,0.005973100662231445,3.600146055221558,39.1041055054102,-167.4172354608231
35,35,-119.4287725934992,0.006872892379760742,3.607018947601318,38.28328440432816,-290.9983002046692
34,34,-136.7333656306515,0.006265163421630859,3.613284111022949,37.42662752346253,-159.6127559174976
33,33,-190.5148173841149,0.004647016525268555,3.617931127548218,36.54130201877003,-215.1918321276487
32,32,-150.6513324833727,0.006028890609741211,3.623960018157959,35.63304161501602,-165.8679954126626
30,30,-179.7936913326851,0.006266117095947266,3.630226135253906,34.50643329201282,-319.1769271744921
27,27,-248.9760245338067,0.006029844284057617,3.636255979537964,33.00514663361025,-497.5252856747459
26,26,-193.4025444045418,0.007244110107421875,3.643500089645386,31.6041173068882,-138.0431806213797
25,25,-149.7725033753299,0.008818864822387695,3.652318954467773,30.28329384551057,-113.3932790829706
25,25,-130.3054246113154,0.008109092712402344,3.660428047180176,29.22663507640845,0
25,25,-125.9791956191036,0.006710052490234375,3.66713809967041,28.38130806112677,0
24,24,-133.0717109672048,0.006584882736206055,3.673722982406616,27.50504644890142,-151.8629928672291
24,24,-87.69001098009516,0.007994174957275391,3.681717157363892,26.80403715912114,0
25,25,-54.25699320701526,0.006649971008300781,3.688367128372192,26.44322972729691,150.3765954395526
24,24,-56.87923968651105,0.008590936660766602,3.696958065032959,25.95458378183753,-116.4017428468348
25,25,-30.20834898518353,0.006319999694824219,3.703278064727783,25.76366702547003,158.2278557416629
25,25,-19.54093072383253,0.007816076278686523,3.71109414100647,25.61093362037603,0
26,26,12.59153296545056,0.0061798095703125,3.717273950576782,25.68874689630082,161.8172839506173
27,27,38.97246412881133,0.0067291259765625,3.724003076553345,25.95099751704065,148.6077097505669
27,27,44.50571829138462,0.004714012145996094,3.728717088699341,26.16079801363252,0
27,27,32.66092834953166,0.005138874053955078,3.733855962753296,26.32863841090602,0
28,28,48.11062108697647,0.006947994232177734,3.740803956985474,26.66291072872482,143.9264292087022
29,29,61.72058228728525,0.007573127746582031,3.748377084732056,27.13032858297986,132.0458380556605
30,30,76.62756201237151,0.007489919662475586,3.755867004394531,27.70426286638389,133.5127805188604
32,32,194.5117936141063,0.004416942596435547,3.760283946990967,28.56341029310711,452.8019000323869
34,34,187.4298039945726,0.005801200866699219,3.766085147857666,29.65072823448569,344.756205819497
34,34,155.5569878330668,0.005591869354248047,3.771677017211914,30.52058258758855,0
36,36,174.6444953877198,0.006274938583374023,3.777951955795288,31.61646607007084,318.7282191572628
37,37,196.26404082084,0.005486011505126953,3.783437967300415,32.69317285605668,182.2817905258583
39,39,183.1464002295154,0.006887197494506836,3.790325164794922,33.95453828484534,290.39387959982
41,41,247.5149363742366,0.005692958831787109,3.796018123626709,35.36363062787628,351.3111650892034
41,41,145.7589654292868,0.007733821868896484,3.803751945495605,36.49090450230102,0
41,41,91.61931588897135,0.009843111038208008,3.813595056533813,37.39272360184082,0
42,42,106.4524752156924,0.008656024932861328,3.822251081466675,38.31417888147266,115.5264694540847
43,43,152.9058875848897,0.006129026412963867,3.828380107879639,39.25134310517813,163.1580503364842
43,43,107.5960214095601,0.006968021392822266,3.835348129272461,40.0010744841425,0
43,43,80.81211234733793,0.007421970367431641,3.842770099639893,40.60085958731401,0
43,43,110.3308396413641,0.004348993301391602,3.847119092941284,41.08068766985121,0
44,44,115.5030976661873,0.005054950714111328,3.852174043655396,41.66455013588098,197.8258654843883
44,44,60.43301071549184,0.007729053497314453,3.85990309715271,42.13164010870479,0
43,43,29.26726960102141,0.005934000015258789,3.865837097167969,42.30531208696383,-168.5203905339709
43,43,21.74670517146887,0.00638890266418457,3.872225999832153,42.44424966957107,0
42,42,-10.41862040359286,0.008527994155883789,3.880753993988037,42.35539973565685,-117.2608683496883
42,42,-11.09035438482658,0.006409168243408203,3.887163162231445,42.28431978852548,0
41,41,-40.36286247783241,0.006363868713378906,3.893527030944824,42.02745583082039,-157.1371197362506
40,40,-53.90659968959266,0.007522106170654297,3.901049137115479,41.62196466465631,-132.9414896988907
39,39,-79.69647714201393,0.006579875946044922,3.907629013061523,41.09757173172506,-151.9785491702297
38,38,-74.41524431331252,0.008325099945068359,3.915954113006592,40.47805738538005,-120.1186780457071
36,36,-126.6082507834777,0.007073879241943359,3.923027992248535,39.58244590830405,-282.730299966296
34,34,-126.4997714848222,0.008826017379760742,3.931854009628296,38.46595672664325,-226.6027715497447
32,32,-222.5428807482589,0.005810976028442383,3.937664985656738,37.1727653813146,-344.1762606162557
30,30,-220.1914552434268,0.006515026092529297,3.944180011749268,35.73821230505168,-306.9826538827491
28,28,-224.2626693655376,0.006901025772094727,3.951081037521362,34.19056984404135,-289.8119882535844
26,26,-240.7916160309936,0.006803035736083984,3.957884073257446,32.55245587523308,-293.9864021868648
25,25,-186.3863722003681,0.008104085922241211,3.965988159179688,31.04196470018647,-123.3945456150157
25,25,-209.8702833113944,0.005757808685302734,3.97174596786499,29.83357176014918,0
25,25,-147.3630337479969,0.006560087203979492,3.97830605506897,28.86685740811934,0
24,24,-241.4177694317841,0.004031896591186523,3.982337951660156,27.89348592649548,-248.022234048844
24,24,-137.0177756885822,0.005683183670043945,3.9880211353302,27.11478874119639,0
24,24,-61.33363478019236,0.01015686988830566,3.998178005218506,26.49183099295711,0
25,25,-42.95457335816533,0.006946086883544922,4.005124092102051,26.19346479436569,143.9659504359168
26,26,-4.435244518418187,0.008723974227905273,4.013848066329956,26.15477183549255,114.6266568281818
26,26,-4.128860732668021,0.007497072219848633,4.021345138549805,26.12381746839404,0
27,27,26.61579501752715,0.006583929061889648,4.027929067611694,26.29905397471524,151.884990041644
28,28,49.61945136761743,0.006855964660644531,4.034785032272339,26.63924317977219,145.8583947697872
29,29,54.90743213524195,0.008599042892456055,4.043384075164795,27.11139454381776,116.2920120886129
30,30,78.27178383155935,0.007380962371826172,4.050765037536621,27.68911563505421,135.4836875767168
31,31,124.0285404852377,0.005338907241821289,4.056103944778442,28.35129250804337,187.3042468628589
33,33,92.64952448725941,0.01003503799438477,4.066138982772827,29.2810340064347,199.3016868614873
35,35,147.1284199262426,0.007774114608764648,4.073913097381592,30.42482720514776,257.2640230625326
36,36,161.2743167291284,0.006913900375366211,4.080826997756958,31.53986176411821,144.6361598675816
38,38,206.52274118378,0.006256103515625,4.087083101272583,32.83188941129457,319.6878048780488
40,40,215.3592988406545,0.006656885147094727,4.093739986419678,34.26551152903566,300.4408151570502
41,41,168.2139824423513,0.008007049560546875,4.101747035980225,35.61240922322852,124.8899475940924
41,41,165.6442863610597,0.006505012512207031,4.108252048492432,36.68992737858282,0
42,42,207.6648842545503,0.005114078521728516,4.11336612701416,37.75194190286626,195.538648018648
42,42,155.1519250177685,0.005475997924804688,4.118842124938965,38.60155352229301,0
42,42,129.4181737355402,0.005251884460449219,4.124094009399414,39.28124281783441,0
42,42,78.66782190463171,0.006911993026733398,4.131006002426147,39.82499425426753,0
42,42,68.98283715337958,0.006305932998657227,4.137311935424805,40.25999540341402,0
42,42,62.62320438887006,0.005557060241699219,4.142868995666504,40.60799632273122,0
42,42,47.78594362074965,0.005825996398925781,4.14869499206543,40.88639705818498,0
41,41,2.78296453737455,0.008164167404174805,4.156859159469604,40.90911764654798,-122.486464386882
41,41,2.764136315675769,0.006575822830200195,4.163434982299805,40.92729411723839,0
42,42,24.15447777361134,0.008882045745849609,4.172317028045654,41.14183529379072,112.5866752563483
40,40,-29.47021315665173,0.007749080657958984,4.180066108703613,40.91346823503257,-258.0951326072242
39,39,-64.17966790939632,0.005962848663330078,4.186028957366943,40.53077458802607,-167.7050779688125
38,38,-67.82210707083239,0.007462978363037109,4.19349193572998,40.02461967042086,-133.994760718165
38,38,-55.45349124710081,0.007302045822143555,4.200793981552124,39.61969573633669,0
37,37,-93.42573170393552,0.005608081817626953,4.206402063369751,39.09575658906935,-178.3140889380155
36,36,-59.2603908747198,0.01044797897338867,4.21685004234314,38.47660527125549,-95.71229063027703
35,35,-98.16843540896691,0.007082939147949219,4.223932981491089,37.78128421700439,-141.1843274538845
32,32,-129.1185490762424,0.008955001831054688,4.232887983322144,36.62502737360352,-335.0083067092652
31,31,-208.1803124787319,0.005403995513916016,4.23829197883606,35.50002189888282,-185.0482661254743
30,30,-153.5869763686529,0.007162094116210938,4.245454072952271,34.40001751910626,-139.6239680426099
27,27,-213.9661042358848,0.006916999816894531,4.252371072769165,32.92001401528501,-433.714049358886
26,26,-162.1171417005946,0.008537054061889648,4.260908126831055,31.53601121222801,-117.1364258385232
25,25,-178.3837712876933,0.007328033447265625,4.26823616027832,30.22880896978241,-136.4622592399792
25,25,-161.7346193008422,0.006465911865234375,4.274702072143555,29.18304717582593,0
25,25,-113.9801955548323,0.007339954376220703,4.282042026519775,28.34643774066075,0
25,25,-105.7164811433628,0.006330966949462891,4.288372993469238,27.6771501925286,0
24,24,-153.9153311823108,0.004778146743774414,4.293151140213013,26.94172015402288,-209.2861633651015
25,25,-39.19892478953991,0.009907007217407227,4.30305814743042,26.5533761232183,100.9386566553558
25,25,-42.55327337939394,0.007300853729248047,4.310359001159668,26.24270089857465,0
